Scan Count	Temperature [ITS-90, deg C]	Conductivity [S/m]	Pressure, Strain Gauge [db]	Depth [salt water, m]	Oxygen Saturation, Weiss [ml/l]	Salinity, Practical [PSU]
1	16.11548	0.0021312	0.0266	0.0264	6.879828	0.01713
2	16.11760	0.0021467	0.0265	0.0264	6.879514	0.01720
3	16.11986	0.0021744	0.0265	0.0264	6.879179	0.01734
4	16.12072	0.0022022	0.0265	0.0264	6.879047	0.01748
5	16.12165	0.0022362	0.0265	0.0264	6.878904	0.01765
6	16.12351	0.0022423	0.0266	0.0264	6.878630	0.01768
7	16.12411	0.0022639	0.0235	0.0233	6.878538	0.01779
8	16.12172	0.0022824	0.0235	0.0234	6.878884	0.01788
9	16.12105	0.0023071	0.0266	0.0264	6.878976	0.01800
10	16.12251	0.0023349	0.0265	0.0264	6.878757	0.01814
11	16.12344	0.0023627	0.0235	0.0234	6.878615	0.01828
12	16.12543	0.0023627	0.0265	0.0264	6.878324	0.01828
13	16.12782	0.0023442	0.0262	0.0261	6.877978	0.01819
14	16.13048	0.0023781	0.0261	0.0260	6.877583	0.01836
15	16.13267	0.0023812	0.0323	0.0321	6.877262	0.01838
16	16.13546	0.0023627	0.0383	0.0381	6.876858	0.01828
17	16.13851	0.0023164	0.0500	0.0497	6.876421	0.01805
18	16.14083	0.0022917	0.0492	0.0489	6.876086	0.01793
19	16.14216	0.0023133	0.0695	0.0691	6.875888	0.01804
20	16.14243	0.0024583	0.0672	0.0668	6.875818	0.01876
21	16.14017	0.0026219	0.0729	0.0725	6.876114	0.01959
22	16.13984	0.0027793	0.0753	0.0749	6.876129	0.02039
23	16.14229	0.0029306	0.0966	0.0960	6.875738	0.02116
24	16.14269	0.0030386	0.0297	0.0295	6.875656	0.02171
25	16.14302	0.0031374	0.0266	0.0265	6.875587	0.02222
26	16.14448	0.0032331	0.0267	0.0265	6.875353	0.02271
27	16.14568	0.0033597	0.0327	0.0325	6.875151	0.02336
28	16.14468	0.0035109	0.0297	0.0295	6.875263	0.02415
29	16.14335	0.0036808	0.0327	0.0325	6.875421	0.02503
30	16.14409	0.0037611	0.0297	0.0295	6.875296	0.02545
31	16.14482	0.0038197	0.0297	0.0295	6.875177	0.02576
32	16.14409	0.0038506	0.0327	0.0325	6.875277	0.02592
33	16.14362	0.0038290	0.0297	0.0295	6.875350	0.02580
34	16.14329	0.0037611	0.0297	0.0296	6.875413	0.02545
35	16.14216	0.0037178	0.0328	0.0326	6.875587	0.02522
36	16.13054	0.0036777	0.0206	0.0205	6.877295	0.02502
37	16.12358	0.0036530	0.0236	0.0235	6.878319	0.02489
38	16.12417	0.0036375	0.0206	0.0205	6.878235	0.02481
39	16.12643	0.0036530	0.0297	0.0296	6.877902	0.02489
40	16.12875	0.0036530	0.0237	0.0236	6.877562	0.02489
41	16.13081	0.0036684	0.0297	0.0296	6.877258	0.02497
42	16.12855	0.0036993	0.0267	0.0266	6.877581	0.02513
43	16.12285	0.0037178	0.0268	0.0266	6.878412	0.02523
44	16.11946	0.0037178	0.0207	0.0206	6.878907	0.02523
45	16.11840	0.0037178	0.0267	0.0266	6.879063	0.02523
46	16.11999	0.0037518	0.0297	0.0296	6.878822	0.02540
47	16.12086	0.0037981	0.0267	0.0266	6.878686	0.02565
48	16.11880	0.0038105	0.0297	0.0296	6.878984	0.02571
49	16.11840	0.0038228	0.0328	0.0326	6.879040	0.02578
50	16.11933	0.0038846	0.0298	0.0297	6.878890	0.02610
51	16.11847	0.0039402	0.0297	0.0296	6.879004	0.02639
52	16.11760	0.0040112	0.0298	0.0297	6.879115	0.02676
53	16.11018	0.0040112	0.0268	0.0267	6.880202	0.02676
54	16.10407	0.0040297	0.0298	0.0297	6.881092	0.02686
55	16.10440	0.0040112	0.0268	0.0267	6.881047	0.02676
56	16.10626	0.0039927	0.0299	0.0297	6.880779	0.02667
57	16.10905	0.0039680	0.0268	0.0267	6.880377	0.02654
58	16.10998	0.0039463	0.0238	0.0236	6.880246	0.02642
59	16.11170	0.0039216	0.0299	0.0297	6.879999	0.02629
60	16.11303	0.0039062	0.0298	0.0297	6.879808	0.02621
61	16.11362	0.0039031	0.0208	0.0207	6.879721	0.02620
62	16.11396	0.0039216	0.0299	0.0297	6.879669	0.02629
63	16.11608	0.0039216	0.0269	0.0267	6.879358	0.02629
64	16.11880	0.0039494	0.0268	0.0267	6.878954	0.02644
65	16.12139	0.0039618	0.0238	0.0236	6.878572	0.02650
66	16.12192	0.0040483	0.0269	0.0268	6.878476	0.02696
67	16.12059	0.0040266	0.0238	0.0237	6.878675	0.02684
68	16.12052	0.0040483	0.0300	0.0298	6.878680	0.02696
69	16.11933	0.0045301	0.0238	0.0237	6.878748	0.02950
70	16.11588	0.0045332	0.0330	0.0328	6.879252	0.02951
71	16.11130	0.0045826	0.0239	0.0238	6.879911	0.02978
72	16.09890	0.0045888	0.0239	0.0238	6.881725	0.02981
73	16.09061	0.0045919	0.0300	0.0298	6.882939	0.02983
74	16.08829	0.0045641	0.0269	0.0268	6.883285	0.02968
75	16.08935	0.0045270	0.0270	0.0268	6.883137	0.02949
76	16.09207	0.0044745	0.0270	0.0268	6.882751	0.02921
77	16.09360	0.0044374	0.0208	0.0207	6.882536	0.02901
78	16.09552	0.0043849	0.0239	0.0238	6.882266	0.02873
79	16.09671	0.0043293	0.0270	0.0268	6.882103	0.02844
80	16.09784	0.0042706	0.0300	0.0298	6.881951	0.02813
81	16.10009	0.0042243	0.0300	0.0299	6.881631	0.02789
82	16.10082	0.0041533	0.0300	0.0299	6.881540	0.02751
83	16.09923	0.0041100	0.0300	0.0299	6.881783	0.02728
84	16.09254	0.0040668	0.0301	0.0299	6.882773	0.02706
85	16.08650	0.0040390	0.0271	0.0269	6.883663	0.02691
86	16.07888	0.0039927	0.0270	0.0269	6.884790	0.02667
87	16.06477	0.0039309	0.0270	0.0268	6.886872	0.02635
88	16.04702	0.0038784	0.0240	0.0239	6.889487	0.02608
89	16.02346	0.0038352	0.0240	0.0239	6.892955	0.02585
90	16.00401	0.0038136	0.0210	0.0209	6.895816	0.02574
91	15.99377	0.0037888	0.0271	0.0269	6.897328	0.02561
92	15.99119	0.0037641	0.0241	0.0239	6.897713	0.02548
93	15.98564	0.0037333	0.0240	0.0239	6.898536	0.02532
94	15.98808	0.0037086	0.0271	0.0269	6.898182	0.02519
95	15.99410	0.0036808	0.0241	0.0239	6.897303	0.02505
96	15.99879	0.0036684	0.0240	0.0239	6.896616	0.02498
97	15.99648	0.0036468	0.0301	0.0300	6.896961	0.02487
98	15.98663	0.0036190	0.0240	0.0239	6.898415	0.02473
99	15.97447	0.0036067	0.0241	0.0239	6.900206	0.02466
100	15.95650	0.0035727	0.0210	0.0209	6.902858	0.02449
101	15.94271	0.0035264	0.0271	0.0270	6.904900	0.02425
102	15.91783	0.0034770	0.0271	0.0270	6.908577	0.02399
103	15.89053	0.0034492	0.0241	0.0240	6.912610	0.02385
104	15.87755	0.0034461	0.0241	0.0240	6.914528	0.02383
105	15.87472	0.0034307	0.0241	0.0239	6.914949	0.02375
106	15.87742	0.0034091	0.0211	0.0210	6.914555	0.02364
107	15.88546	0.0033967	0.0242	0.0240	6.913371	0.02357
108	15.89343	0.0033874	0.0272	0.0270	6.912196	0.02353
109	15.90115	0.0033597	0.0242	0.0240	6.911064	0.02338
110	15.90846	0.0033504	0.0272	0.0270	6.909986	0.02333
111	15.91526	0.0033350	0.0272	0.0271	6.908988	0.02325
112	15.92271	0.0033257	0.0272	0.0271	6.907891	0.02320
113	15.92951	0.0033072	0.0242	0.0241	6.906893	0.02311
114	15.93604	0.0032887	0.0211	0.0210	6.905934	0.02301
115	15.94224	0.0032794	0.0242	0.0240	6.905022	0.02296
116	15.94746	0.0032640	0.0272	0.0270	6.904258	0.02288
117	15.94653	0.0032609	0.0303	0.0302	6.904394	0.02286
118	15.93769	0.0032516	0.0242	0.0241	6.905699	0.02282
119	15.93333	0.0032331	0.0303	0.0301	6.906345	0.02272
120	15.93479	0.0032176	0.0273	0.0271	6.906135	0.02264
121	15.93663	0.0032084	0.0242	0.0241	6.905864	0.02259
122	15.92581	0.0031899	0.0303	0.0301	6.907463	0.02250
123	15.75135	0.7025187	0.0760	0.0756	6.735340	4.77807
124	14.91128	0.8960357	0.1672	0.1663	6.791981	6.33705
125	14.15707	1.8174585	0.2616	0.2602	6.589643	13.88427
126	13.62497	1.8323417	0.3165	0.3147	6.652193	14.20234
127	13.29150	1.8467553	0.3742	0.3722	6.690034	14.44907
128	13.06237	1.8614664	0.4655	0.4630	6.714475	14.66215
129	12.89688	1.8683606	0.5872	0.5840	6.733528	14.78541
130	12.78078	1.8824147	0.7242	0.7202	6.743591	14.95222
131	12.70919	1.8890184	0.8490	0.8443	6.750544	15.03771
132	12.67077	1.8673129	0.9524	0.9472	6.763501	14.86461
133	12.65386	1.8647115	1.0316	1.0259	6.766674	14.84867
134	12.64177	1.8702657	1.0529	1.0471	6.766232	14.90160
135	12.67305	1.8741153	1.0376	1.0319	6.760717	14.92269
136	12.71130	1.8801625	1.0225	1.0168	6.753498	14.96005
137	12.73643	1.8857931	1.0194	1.0138	6.748158	14.99892
138	12.73547	1.8923692	1.0225	1.0169	6.745890	15.05630
139	12.70949	1.8985186	1.0560	1.0502	6.747042	15.11998
140	12.68726	1.8986738	1.0711	1.0653	6.749889	15.13019
141	12.68455	1.8891064	1.0834	1.0774	6.753736	15.04821
142	12.68425	1.8883941	1.0773	1.0714	6.754036	15.04215
143	12.66992	1.8984723	1.0529	1.0471	6.752229	15.13537
144	12.66060	1.9060255	1.0408	1.0351	6.750687	15.20475
145	12.64068	1.9117643	1.0286	1.0230	6.751189	15.26267
146	12.62084	1.9219866	1.0347	1.0290	6.750036	15.35969
147	12.61399	1.9305889	1.0651	1.0593	6.747778	15.43743
148	12.61225	1.9208811	1.0712	1.0654	6.751563	15.35354
149	12.61934	1.9053787	1.0621	1.0563	6.756317	15.21569
150	12.61838	1.9132258	1.0256	1.0200	6.753568	15.28440
151	12.61297	1.9372518	1.0104	1.0048	6.745469	15.49595
152	12.60942	1.9522798	1.0196	1.0140	6.740421	15.62851
153	12.60149	1.9603044	1.0500	1.0442	6.738509	15.70185
154	12.60293	1.9569095	1.0713	1.0654	6.739567	15.67160
155	12.61477	1.9346294	1.0744	1.0685	6.746195	15.47233
156	12.62210	1.9303133	1.0592	1.0533	6.746821	15.43172
157	12.61633	1.9483628	1.0409	1.0352	6.740959	15.59147
158	12.60918	1.9651232	1.0318	1.0261	6.735744	15.74075
159	12.60065	1.9721757	1.0378	1.0321	6.734263	15.80593
160	12.59380	1.9737673	1.0531	1.0473	6.734567	15.82270
161	12.59482	1.9705793	1.0530	1.0472	6.735604	15.79441
162	12.60317	1.9695379	1.0470	1.0412	6.734904	15.78182
163	12.60888	1.9744165	1.0470	1.0413	6.732375	15.82207
164	12.60239	1.9699304	1.0592	1.0533	6.734861	15.78557
165	12.58858	1.9635445	1.0744	1.0685	6.738997	15.73552
166	12.57867	1.9589882	1.0836	1.0776	6.741956	15.69982
167	12.57945	1.9540176	1.0775	1.0716	6.743680	15.65607
168	12.59182	1.9491399	1.0592	1.0534	6.743861	15.60836
169	12.58948	1.9532400	1.0409	1.0352	6.742661	15.64513
170	12.58413	1.9589463	1.0258	1.0202	6.741261	15.69720
171	12.57855	1.9580010	1.0319	1.0262	6.742334	15.69125
172	12.56756	1.9651497	1.0501	1.0443	6.741135	15.75831
173	12.55868	1.9638270	1.0562	1.0504	6.742775	15.75044
174	12.56588	1.9558812	1.0532	1.0474	6.744759	15.67798
175	12.56672	1.9572648	1.0532	1.0474	6.744142	15.68972
176	12.55622	1.9689103	1.0532	1.0475	6.741226	15.79593
177	12.54962	1.9808511	1.0532	1.0474	6.737691	15.90322
178	12.53637	1.9884155	1.0563	1.0505	6.736625	15.97507
179	12.52845	1.9818159	1.0502	1.0444	6.740081	15.92058
180	12.54392	1.9768787	1.0441	1.0384	6.739891	15.87083
181	12.55010	1.9913450	1.0228	1.0172	6.733769	15.99494
182	12.53865	2.0022203	1.0319	1.0263	6.731249	16.09513
183	12.51748	2.0072205	1.0563	1.0505	6.732144	16.14802
184	12.50717	1.9965676	1.0807	1.0747	6.737403	16.05892
185	12.52078	1.9731185	1.0806	1.0747	6.744280	15.84761
186	12.53343	1.9610259	1.0593	1.0535	6.747088	15.73645
187	12.58636	1.9779211	1.0320	1.0263	6.734007	15.86215
188	12.64874	1.9985223	1.0198	1.0142	6.718396	16.01602
189	12.65717	2.0069352	1.0411	1.0354	6.714234	16.08600
190	12.62812	2.0071144	1.0716	1.0657	6.717909	16.09991
191	12.61075	1.9867933	1.0868	1.0808	6.727597	15.92949
192	12.60816	1.9733326	1.0838	1.0778	6.732867	15.81289
193	12.62168	1.9711653	1.0625	1.0566	6.731909	15.78832
194	12.67209	1.9879527	1.0382	1.0325	6.719251	15.91383
195	12.70690	1.9993211	1.0290	1.0233	6.710616	15.99842
196	12.71021	2.0059872	1.0230	1.0173	6.707759	16.05522
197	12.69064	2.0051030	1.0412	1.0355	6.710598	16.05579
198	12.67486	1.9941282	1.0625	1.0567	6.716637	15.96659
199	12.67101	1.9855966	1.0747	1.0688	6.720252	15.89370
200	12.66234	1.9809028	1.0778	1.0718	6.723087	15.85636
201	12.68419	1.9807716	1.0717	1.0658	6.720313	15.84607
202	12.71027	1.9906823	1.0535	1.0477	6.713333	15.92161
203	12.73047	1.9968290	1.0443	1.0386	6.708494	15.96674
204	12.73173	2.0032977	1.0352	1.0295	6.705975	16.02264
205	12.72383	2.0049081	1.0383	1.0326	6.706403	16.04003
206	12.72287	1.9998416	1.0474	1.0417	6.708373	15.99622
207	12.73336	1.9941961	1.0627	1.0569	6.709081	15.94255
208	12.73656	1.9910603	1.0779	1.0719	6.709812	15.91386
209	12.73053	1.9891649	1.0809	1.0750	6.711279	15.89987
210	12.73246	1.9825802	1.0718	1.0659	6.713429	15.84166
211	12.76026	1.9848930	1.0566	1.0508	6.709006	15.85020
212	12.79105	1.9963450	1.0383	1.0326	6.700887	15.93704
213	12.80869	2.0062709	1.0293	1.0236	6.695022	16.01606
214	12.80518	2.0086825	1.0475	1.0417	6.694596	16.03854
215	12.78404	2.0045340	1.0658	1.0600	6.698812	16.01132
216	12.77462	1.9930348	1.0810	1.0750	6.704199	15.91510
217	12.76400	1.9870757	1.0749	1.0690	6.707731	15.86764
218	12.77577	1.9864144	1.0688	1.0630	6.706458	15.85696
219	12.80760	1.9961031	1.0627	1.0569	6.698851	15.92798
220	12.82609	2.0007613	1.0598	1.0539	6.694791	15.96076
221	12.82996	2.0047705	1.0506	1.0448	6.692842	15.99403
222	12.82331	2.0007719	1.0446	1.0388	6.695143	15.96202
223	12.82379	1.9961241	1.0415	1.0358	6.696766	15.92138
224	12.82325	1.9970702	1.0537	1.0479	6.696493	15.92983
225	12.81551	2.0009139	1.0720	1.0661	6.696091	15.96653
226	12.80669	1.9977957	1.0751	1.0692	6.698353	15.94309
227	12.80095	1.9913907	1.0659	1.0601	6.701414	15.88975
228	12.80276	1.9884558	1.0538	1.0480	6.702247	15.86345
229	12.83413	1.9995306	1.0416	1.0359	6.694206	15.94668
230	12.85905	2.0074447	1.0569	1.0511	6.688151	16.00504
231	12.85288	2.0077501	1.0842	1.0783	6.688830	16.01029
232	12.82198	1.9983792	1.0965	1.0904	6.696182	15.94175
233	12.80415	1.9900989	1.0964	1.0904	6.701472	15.87716
234	12.80699	1.9876474	1.0782	1.0722	6.701997	15.85465
235	12.86292	1.9972329	1.0630	1.0572	6.691351	15.91462
236	12.89616	2.0035597	1.0509	1.0451	6.684812	15.95566
237	12.88659	2.0069127	1.0539	1.0481	6.684824	15.98882
238	12.85240	2.0053441	1.0631	1.0573	6.689763	15.98957
239	12.83238	1.9992257	1.0783	1.0723	6.694542	15.94475
240	12.81847	1.9952044	1.0784	1.0724	6.697782	15.91560
241	12.80059	1.9928140	1.0692	1.0633	6.700944	15.90229
242	12.82107	1.9911490	1.0601	1.0543	6.698919	15.87923
243	12.85028	1.9945001	1.0389	1.0332	6.693959	15.89616
244	12.87043	2.0004981	1.0206	1.0150	6.689209	15.93986
245	12.88235	2.0063809	1.0115	1.0059	6.685557	15.98599
246	12.87648	2.0076657	1.0236	1.0180	6.685843	15.99963
247	12.85657	2.0057863	1.0481	1.0423	6.689069	15.99166
248	12.84199	1.9983002	1.0602	1.0544	6.693645	15.93267
249	12.83322	1.9926457	1.0603	1.0544	6.696817	15.88716
250	12.84834	1.9921099	1.0481	1.0423	6.695073	15.87619
251	12.88617	1.9989834	1.0298	1.0242	6.687743	15.92010
252	12.90718	2.0038701	1.0390	1.0333	6.683291	15.95373
253	12.90173	2.0065546	1.0451	1.0394	6.683019	15.97934
254	12.87049	2.0046387	1.0634	1.0576	6.687704	15.97582
255	12.85119	1.9974222	1.0755	1.0696	6.692786	15.92118
256	12.83824	1.9927140	1.0756	1.0697	6.696149	15.88566
257	12.85282	1.9937120	1.0574	1.0515	6.693919	15.88824
258	12.87854	1.9999248	1.0483	1.0425	6.688379	15.93147
259	12.89416	2.0038912	1.0513	1.0455	6.684948	15.95938
260	12.89046	2.0047438	1.0635	1.0576	6.685112	15.96834
261	12.87551	1.9999721	1.0665	1.0606	6.688749	15.93315
262	12.87061	1.9971329	1.0696	1.0637	6.690403	15.91053
263	12.85766	1.9966442	1.0818	1.0759	6.692238	15.91170
264	12.86123	1.9963025	1.0879	1.0820	6.691905	15.90723
265	12.87805	1.9963024	1.0818	1.0759	6.689750	15.90019
266	12.89258	1.9989361	1.0606	1.0547	6.686939	15.91699
267	12.89585	2.0017340	1.0393	1.0336	6.685510	15.93993
268	12.89216	2.0046386	1.0241	1.0184	6.684933	15.96672
269	12.88744	2.0059861	1.0423	1.0366	6.685050	15.98041
270	12.88005	2.0045807	1.0637	1.0578	6.686502	15.97130
271	12.87945	2.0003665	1.0728	1.0669	6.688103	15.93492
272	12.87981	1.9955298	1.0668	1.0609	6.689805	15.89275
273	12.88907	1.9930761	1.0607	1.0549	6.689505	15.86757
274	12.92724	1.9982155	1.0364	1.0307	6.682768	15.89624
275	12.95004	2.0027648	1.0242	1.0186	6.678218	15.92618
276	12.95598	2.0055645	1.0303	1.0247	6.676451	15.94798
277	12.94968	2.0051908	1.0395	1.0338	6.677391	15.94738
278	12.93342	2.0021283	1.0547	1.0489	6.680568	15.92761
279	12.92573	1.9996405	1.0700	1.0641	6.682448	15.90924
280	12.91597	1.9995774	1.0853	1.0793	6.683718	15.91277
281	12.90270	1.9995039	1.0883	1.0823	6.685441	15.91768
282	12.89501	1.9989360	1.0640	1.0582	6.686629	15.91598
283	12.89628	1.9990464	1.0366	1.0309	6.686426	15.91641
284	12.89858	2.0007714	1.0214	1.0158	6.685509	15.93043
285	12.89604	2.0029861	1.0214	1.0158	6.685034	15.95074
286	12.89083	2.0051017	1.0488	1.0431	6.684936	15.97130
287	12.88483	2.0040439	1.0763	1.0704	6.686085	15.96462
288	12.87993	1.9984524	1.1037	1.0976	6.688733	15.91808
289	12.88150	1.9931392	1.0946	1.0885	6.690452	15.87127
290	12.92379	1.9929866	1.0550	1.0492	6.685095	15.85231
291	12.96836	1.9992458	1.0063	1.0008	6.677146	15.88801
292	12.98554	2.0037380	1.0003	0.9948	6.673340	15.91977
293	12.98129	2.0055643	1.0185	1.0129	6.673225	15.93738
294	12.93482	2.0062069	1.0520	1.0462	6.678920	15.96242
295	12.87987	2.0024180	1.0703	1.0644	6.687307	15.95258
296	12.85197	1.9973118	1.0643	1.0585	6.692725	15.91989
297	12.83359	1.9954460	1.0552	1.0494	6.695756	15.91137
298	12.84550	1.9985473	1.0430	1.0373	6.693106	15.93335
299	12.85838	2.0017079	1.0369	1.0312	6.690312	15.95543
300	12.85881	2.0019078	1.0370	1.0313	6.690186	15.95699
301	12.85046	2.0020605	1.0218	1.0162	6.691199	15.96183
302	12.84223	2.0001616	1.0279	1.0223	6.692940	15.94877
303	12.81884	1.9954882	1.0492	1.0435	6.697632	15.91792
304	12.78120	1.9968497	1.0645	1.0587	6.701967	15.94557
305	12.76503	1.9986372	1.0553	1.0495	6.703395	15.96795
306	12.75175	1.9988739	1.0554	1.0496	6.705014	15.97560
307	12.74572	1.9987162	1.0616	1.0557	6.705846	15.97676
308	12.74820	1.9984533	1.0799	1.0739	6.705624	15.97343
309	12.74886	1.9986531	1.0798	1.0739	6.705466	15.97489
310	12.75429	1.9975963	1.0615	1.0557	6.705153	15.96339
311	12.76340	1.9975121	1.0282	1.0225	6.704013	15.95883
312	12.76974	1.9963451	1.0161	1.0105	6.703623	15.94600
313	12.77203	1.9846726	1.0252	1.0196	6.707572	15.84337
314	12.76835	1.9716197	1.0556	1.0498	6.712791	15.73128
315	12.74433	1.9780616	1.0861	1.0801	6.713543	15.79733
316	12.74084	1.9886084	1.0861	1.0801	6.710154	15.89069
317	12.74247	1.9915224	1.0466	1.0408	6.708883	15.91542
318	12.77891	1.9828473	1.0040	0.9985	6.707349	15.82461
319	12.81715	1.9665495	1.0040	0.9985	6.708343	15.66702
320	12.82676	1.9500562	1.0193	1.0137	6.713083	15.51987
321	12.79763	1.9411759	1.0528	1.0470	6.720068	15.45468
322	12.76418	1.9557807	1.0649	1.0591	6.719088	15.59523
323	12.75206	1.9708086	1.0651	1.0592	6.715187	15.73097
324	12.73637	1.9711175	1.0529	1.0471	6.717098	15.74017
325	12.72371	1.9635855	1.0346	1.0289	6.721477	15.67983
326	12.72172	1.9531139	1.0316	1.0260	6.725550	15.58950
327	12.71648	1.9416920	1.0286	1.0229	6.730393	15.49227
328	12.70467	1.9414421	1.0378	1.0321	6.732016	15.49492
329	12.69810	1.9552017	1.0592	1.0533	6.727848	15.61739
330	12.70286	1.9690507	1.0773	1.0714	6.722180	15.73608
331	12.70660	1.9763957	1.0865	1.0805	6.719018	15.79854
332	12.72974	1.9802262	1.0713	1.0654	6.714636	15.82228
333	12.76654	1.9758087	1.0409	1.0352	6.711501	15.76849
334	12.79860	1.9538023	1.0105	1.0050	6.715360	15.56392
335	12.81080	1.9290387	1.0045	0.9989	6.722766	15.34405
336	12.78803	1.9107530	1.0471	1.0414	6.732358	15.19469
337	12.75019	1.9068999	1.0867	1.0807	6.738683	15.17643
338	12.72504	1.9414315	1.0989	1.0929	6.729378	15.48649
339	12.70967	1.9639306	1.0655	1.0596	6.723167	15.68864
340	12.71064	1.9626134	1.0229	1.0173	6.723522	15.67678
341	12.74331	1.9282285	0.9986	0.9931	6.731815	15.36433
342	12.75960	1.9027386	1.0138	1.0082	6.738970	15.13660
343	12.73903	1.8833896	1.0503	1.0446	6.748695	14.97707
344	12.70232	1.8902626	1.0930	1.0870	6.750990	15.05118
345	12.68076	1.9360701	1.0839	1.0780	6.737083	15.45793
346	12.66818	1.9550035	1.0443	1.0386	6.731798	15.62801
347	12.68034	1.9257352	1.0140	1.0085	6.740911	15.36819
348	12.70033	1.8922455	1.0019	0.9964	6.750526	15.06920
349	12.70467	1.8749543	1.0232	1.0175	6.756265	14.91752
350	12.68781	1.8691233	1.0537	1.0479	6.760604	14.87360
351	12.66794	1.8862114	1.0719	1.0660	6.756969	15.02968
352	12.66078	1.9215348	1.0750	1.0691	6.744994	15.33956
353	12.65350	1.9414320	1.0659	1.0601	6.738666	15.51577
354	12.66950	1.9353886	1.0416	1.0358	6.738795	15.45660
355	12.70112	1.9051660	1.0264	1.0208	6.745711	15.18104
356	12.71600	1.8849369	1.0203	1.0147	6.751142	14.99959
357	12.71287	1.8767156	1.0508	1.0450	6.754549	14.92955
358	12.69985	1.8879140	1.0722	1.0663	6.752170	15.03179
359	12.69148	1.9150916	1.0782	1.0723	6.743347	15.27112
360	12.68618	1.9208391	1.0661	1.0602	6.741939	15.32323
361	12.68925	1.9082673	1.0387	1.0330	6.746128	15.21273
362	12.69847	1.8870832	1.0236	1.0180	6.752654	15.02514
363	12.69895	1.8731267	1.0297	1.0240	6.757682	14.90393
364	12.68485	1.8704403	1.0572	1.0513	6.760511	14.88618
365	12.66752	1.8828692	1.0724	1.0665	6.758245	15.00083
366	12.66481	1.9056683	1.0663	1.0605	6.750268	15.19995
367	12.65963	1.9211766	1.0633	1.0575	6.745274	15.33691
368	12.67029	1.9195938	1.0512	1.0454	6.744464	15.31883
369	12.69431	1.8965337	1.0390	1.0333	6.749749	15.10881
370	12.70829	1.8771071	1.0360	1.0304	6.755006	14.93475
371	12.70937	1.8742489	1.0513	1.0455	6.755906	14.90955
372	12.70750	1.8920543	1.0574	1.0516	6.749659	15.06468
373	12.70654	1.9048606	1.0666	1.0607	6.745115	15.17620
374	12.69871	1.9046588	1.0575	1.0517	6.746211	15.17759
375	12.69371	1.8986738	1.0484	1.0426	6.749047	15.12762
376	12.69413	1.8927517	1.0423	1.0366	6.751153	15.07605
377	12.69443	1.8854632	1.0240	1.0184	6.753773	15.01269
378	12.69389	1.8748411	1.0332	1.0275	6.757720	14.92078
379	12.68768	1.8711916	1.0637	1.0579	6.759865	14.89157
380	12.67432	1.8877284	1.0911	1.0851	6.755579	15.04031
381	12.66974	1.9098575	1.1002	1.0942	6.748093	15.23437
382	12.68070	1.9209637	1.0668	1.0609	6.742607	15.32653
383	12.71793	1.9079719	1.0273	1.0216	6.742496	15.19866
384	12.74958	1.8857156	1.0091	1.0036	6.746468	14.99306
385	12.75634	1.8694521	1.0243	1.0187	6.751500	14.84959
386	12.73444	1.8556150	1.0761	1.0702	6.759406	14.73840
387	12.69509	1.8545274	1.1066	1.1005	6.764973	14.74428
388	12.67089	1.8892458	1.1005	1.0945	6.755474	15.05485
389	12.65578	1.9080655	1.0701	1.0642	6.750570	15.22441
390	12.65452	1.9050006	1.0184	1.0128	6.751856	15.19828
391	12.67251	1.8760772	0.9941	0.9886	6.760071	14.93993
392	12.68263	1.8564468	1.0094	1.0038	6.765911	14.76578
393	12.67926	1.8447661	1.0489	1.0432	6.770620	14.66592
394	12.65993	1.8413813	1.0916	1.0856	6.774403	14.64408
395	12.64153	1.8762113	1.0977	1.0917	6.764089	14.95330
396	12.63160	1.9003289	1.0825	1.0766	6.756562	15.16683
397	12.63281	1.9067194	1.0491	1.0433	6.754065	15.22195
398	12.65735	1.8816422	1.0126	1.0071	6.760026	14.99422
399	12.67534	1.8600614	1.0096	1.0041	6.765549	14.79994
400	12.68052	1.8499523	1.0370	1.0313	6.768560	14.71034
401	12.66643	1.8451094	1.0675	1.0616	6.772184	14.67386
402	12.64598	1.8561185	1.0888	1.0828	6.770854	14.77721
403	12.63647	1.8795085	1.0950	1.0889	6.763545	14.98393
404	12.63052	1.8893958	1.0980	1.0920	6.760707	15.07221
405	12.63341	1.8925764	1.0737	1.0678	6.759164	15.09871
406	12.64231	1.8778648	1.0433	1.0376	6.763381	14.96736
407	12.65025	1.8649532	1.0252	1.0196	6.767061	14.85218
408	12.65289	1.8527987	1.0190	1.0134	6.771157	14.74575
409	12.64742	1.8441312	1.0404	1.0347	6.775048	14.67275
410	12.63311	1.8385205	1.0830	1.0771	6.778990	14.62967
411	12.61597	1.8467338	1.1135	1.1074	6.778244	14.70750
412	12.61008	1.8719280	1.1196	1.1135	6.769789	14.92851
413	12.60648	1.8898605	1.0892	1.0832	6.763689	15.08583
414	12.62463	1.8941055	1.0345	1.0288	6.759754	15.11551
415	12.66180	1.8741153	0.9797	0.9743	6.762193	14.92714
416	12.68510	1.8561593	0.9737	0.9683	6.765691	14.76234
417	12.68612	1.8462159	1.0011	0.9956	6.769186	14.67583
418	12.66529	1.8337380	1.0680	1.0622	6.776489	14.57584
419	12.63515	1.8270549	1.1138	1.1077	6.782916	14.52956
420	12.61513	1.8521937	1.1290	1.1228	6.776355	14.75519
421	12.60426	1.8733023	1.1078	1.1017	6.770051	14.94275
422	12.59879	1.8839268	1.0500	1.0442	6.766874	15.03729
423	12.61525	1.8708164	1.0105	1.0049	6.769516	14.91684
424	12.63521	1.8517576	0.9892	0.9838	6.773867	14.74361
425	12.64381	1.8384129	1.0136	1.0080	6.777615	14.62461
426	12.63756	1.8290519	1.0593	1.0534	6.781866	14.54594
427	12.61766	1.8229304	1.1019	1.0959	6.786741	14.50055
428	12.60101	1.8407520	1.1232	1.1170	6.782412	14.66142
429	12.59242	1.8618239	1.1020	1.0959	6.775818	14.84769
430	12.58594	1.8727979	1.0564	1.0506	6.772646	14.94561
431	12.59651	1.8645371	1.0260	1.0204	6.774284	14.86967
432	12.61501	1.8467595	1.0109	1.0053	6.778361	14.70812
433	12.62499	1.8368936	1.0352	1.0295	6.780657	14.61871
434	12.62493	1.8296548	1.0656	1.0598	6.783315	14.55601
435	12.61261	1.8265597	1.0901	1.0841	6.786080	14.53393
436	12.59855	1.8383518	1.0993	1.0932	6.783618	14.64156
437	12.59434	1.8532094	1.0902	1.0842	6.778725	14.77213
438	12.58936	1.8575818	1.0628	1.0570	6.777778	14.81205
439	12.59164	1.8522810	1.0415	1.0358	6.779421	14.76513
440	12.59555	1.8419449	1.0324	1.0267	6.782697	14.67391
441	12.59735	1.8346076	1.0295	1.0238	6.785149	14.60957
442	12.59362	1.8280867	1.0355	1.0299	6.788033	14.55447
443	12.58684	1.8264118	1.0630	1.0571	6.789547	14.54255
444	12.58059	1.8256766	1.0813	1.0753	6.790644	14.53857
445	12.57657	1.8321181	1.0905	1.0845	6.788813	14.59599
446	12.57777	1.8432200	1.0844	1.0784	6.784579	14.69186
447	12.57903	1.8469339	1.0632	1.0573	6.783049	14.72362
448	12.57855	1.8462780	1.0357	1.0301	6.783353	14.71812
449	12.58407	1.8388789	1.0327	1.0271	6.785338	14.65175
450	12.58678	1.8278927	1.0511	1.0453	6.789011	14.55542
451	12.58540	1.8230581	1.0724	1.0665	6.790968	14.51403
452	12.57951	1.8216040	1.0968	1.0908	6.792282	14.50368
453	12.57441	1.8296806	1.0816	1.0757	6.789994	14.57568
454	12.57567	1.8415201	1.0725	1.0666	6.785480	14.67792
455	12.57333	1.8425287	1.0421	1.0363	6.785419	14.68759
456	12.57117	1.8334063	1.0361	1.0304	6.789055	14.60926
457	12.57261	1.8221193	1.0483	1.0426	6.793008	14.51080
458	12.57147	1.8174272	1.0697	1.0638	6.794882	14.47056
459	12.56714	1.8165454	1.0849	1.0789	6.795780	14.46456
460	12.56474	1.8250130	1.0910	1.0850	6.792989	14.53891
461	12.56768	1.8366637	1.0880	1.0820	6.788320	14.63886
462	12.56588	1.8427899	1.0759	1.0700	6.786308	14.69275
463	12.56702	1.8468469	1.0454	1.0397	6.784667	14.72754
464	12.57417	1.8395391	1.0273	1.0216	6.786406	14.66132
465	12.57729	1.8296551	1.0273	1.0217	6.789621	14.57436
466	12.57771	1.8206398	1.0365	1.0308	6.792874	14.49602
467	12.57729	1.8160611	1.0700	1.0641	6.794611	14.45649
468	12.57489	1.8161070	1.0975	1.0914	6.794913	14.45780
469	12.57231	1.8265191	1.1035	1.0974	6.791433	14.54906
470	12.57465	1.8392372	1.0792	1.0733	6.786454	14.65850
471	12.57633	1.8481690	1.0398	1.0340	6.782952	14.73540
472	12.58546	1.8430458	1.0093	1.0038	6.783626	14.68738
473	12.59903	1.8283881	1.0063	1.0008	6.787206	14.55501
474	12.60576	1.8166369	1.0459	1.0402	6.790623	14.45061
475	12.60071	1.8128153	1.1038	1.0977	6.792693	14.41943
476	12.58540	1.8132637	1.1282	1.1220	6.794562	14.42914
477	12.57693	1.8308200	1.1191	1.1130	6.789242	14.58458
478	12.57267	1.8433275	1.0917	1.0857	6.785214	14.69478
479	12.57153	1.8436092	1.0370	1.0313	6.785261	14.69768
480	12.58251	1.8275914	1.0096	1.0041	6.789686	14.55445
481	12.59038	1.8169989	1.0189	1.0133	6.792529	14.45962
482	12.58576	1.8129427	1.0523	1.0466	6.794631	14.42624
483	12.57387	1.8097243	1.0889	1.0830	6.797391	14.40288
484	12.56318	1.8128563	1.1132	1.1071	6.797661	14.43409
485	12.55922	1.8282811	1.1164	1.1103	6.792520	14.56938
486	12.55664	1.8376818	1.0921	1.0861	6.789408	14.65198
487	12.55664	1.8439781	1.0586	1.0528	6.787094	14.70666
488	12.57033	1.8444236	1.0191	1.0135	6.785120	14.70522
489	12.59248	1.8338560	0.9826	0.9772	6.786068	14.60494
490	12.60366	1.8241757	0.9826	0.9772	6.788138	14.51673
491	12.60420	1.8157399	1.0345	1.0288	6.791158	14.44344
492	12.59398	1.8114503	1.0954	1.0893	6.794086	14.41017
493	12.57639	1.8130396	1.1471	1.1408	6.795840	14.43063
494	12.56522	1.8307741	1.1441	1.1378	6.790809	14.58869
495	12.55922	1.8409263	1.0833	1.0773	6.787874	14.67915
496	12.56528	1.8406857	1.0104	1.0048	6.787160	14.67472
497	12.58203	1.8268611	0.9738	0.9685	6.790017	14.54831
498	12.59128	1.8171467	0.9891	0.9837	6.792355	14.46056
499	12.58720	1.8120055	1.0439	1.0381	6.794783	14.41757
500	12.57087	1.8070420	1.1048	1.0987	6.798775	14.38078
501	12.55424	1.8062330	1.1353	1.1290	6.801283	14.38009
502	12.54230	1.8186460	1.1414	1.1351	6.798307	14.49228
503	12.53601	1.8300794	1.1050	1.0989	6.794937	14.59395
504	12.53559	1.8327164	1.0593	1.0535	6.794023	14.61702
505	12.55220	1.8288174	1.0137	1.0082	6.793253	14.57676
506	12.57243	1.8191812	1.0046	0.9991	6.794110	14.48541
507	12.57999	1.8146699	1.0169	1.0113	6.794762	14.44341
508	12.57315	1.8135592	1.0534	1.0476	6.796079	14.43639
509	12.55862	1.8130804	1.0838	1.0779	6.798184	14.43778
510	12.54590	1.8145427	1.1022	1.0961	6.799337	14.45532
511	12.53943	1.8187531	1.1022	1.0962	6.798650	14.49432
512	12.53511	1.8212369	1.0962	1.0902	6.798310	14.51753
513	12.53031	1.8222012	1.0750	1.0691	6.798592	14.52775
514	12.53109	1.8238750	1.0476	1.0419	6.797872	14.54198
515	12.53475	1.8243241	1.0294	1.0237	6.797221	14.54448
516	12.53985	1.8236606	1.0081	1.0026	6.796788	14.53676
517	12.54584	1.8203391	1.0082	1.0027	6.797213	14.50564
518	12.54920	1.8172999	1.0355	1.0298	6.797885	14.47798
519	12.54824	1.8150573	1.0752	1.0693	6.798837	14.45889
520	12.54218	1.8142625	1.1209	1.1148	6.799935	14.45430
521	12.53427	1.8166577	1.1392	1.1329	6.800106	14.47811
522	12.53091	1.8214512	1.1210	1.1148	6.798788	14.52100
523	12.52857	1.8242425	1.0783	1.0724	6.798071	14.54614
524	12.53709	1.8244772	1.0297	1.0240	6.796854	14.54491
525	12.55424	1.8205584	0.9963	0.9909	6.796018	14.50432
526	12.56486	1.8162090	1.0055	1.0000	6.796205	14.46253
527	12.56450	1.8131313	1.0512	1.0454	6.797384	14.43598
528	12.55388	1.8087216	1.1000	1.0939	6.800416	14.40180
529	12.54164	1.8088489	1.1242	1.1181	6.801997	14.40756
530	12.53535	1.8164436	1.1152	1.1091	6.800041	14.47584
531	12.53097	1.8205585	1.0727	1.0668	6.799109	14.51324
532	12.52965	1.8220532	1.0515	1.0457	6.798734	14.52672
533	12.53715	1.8199515	1.0363	1.0306	6.798511	14.50561
534	12.54680	1.8150573	1.0393	1.0336	6.799028	14.45945
535	12.55112	1.8128563	1.0454	1.0396	6.799263	14.43871
536	12.54998	1.8102998	1.0485	1.0428	6.800354	14.41698
537	12.54608	1.8095819	1.0578	1.0519	6.801137	14.41224
538	12.54003	1.8095514	1.0669	1.0611	6.801954	14.41428
539	12.53523	1.8102999	1.0730	1.0671	6.802317	14.42260
540	12.53409	1.8114507	1.0730	1.0671	6.802045	14.43302
541	12.53535	1.8119600	1.0731	1.0672	6.801690	14.43695
542	12.53631	1.8124082	1.0671	1.0612	6.801397	14.44048
543	12.53667	1.8134779	1.0671	1.0612	6.800956	14.44962
544	12.53637	1.8151440	1.0702	1.0643	6.800383	14.46419
545	12.53547	1.8155670	1.0641	1.0583	6.800347	14.46820
546	12.53439	1.8148841	1.0703	1.0645	6.800742	14.46269
547	12.53385	1.8145020	1.0765	1.0705	6.800954	14.45958
548	12.53367	1.8156333	1.0764	1.0705	6.800562	14.46946
549	12.53379	1.8166781	1.0764	1.0705	6.800162	14.47848
550	12.53313	1.8167444	1.0704	1.0645	6.800225	14.47931
551	12.53211	1.8164437	1.0705	1.0646	6.800471	14.47709
552	12.53187	1.8164233	1.0706	1.0647	6.800510	14.47701
553	12.53247	1.8171726	1.0797	1.0737	6.800155	14.48328
554	12.53301	1.8174479	1.0767	1.0708	6.799982	14.48546
555	12.53451	1.8182279	1.0646	1.0587	6.799496	14.49166
556	12.53763	1.8181106	1.0524	1.0466	6.799125	14.48944
557	12.54164	1.8171725	1.0585	1.0527	6.798936	14.47977
558	12.54482	1.8166169	1.0586	1.0528	6.798718	14.47373
559	12.54692	1.8163161	1.0556	1.0498	6.798549	14.47032
560	12.54812	1.8158014	1.0556	1.0498	6.798579	14.46539
561	12.54830	1.8150828	1.0617	1.0559	6.798819	14.45909
562	12.54746	1.8143287	1.0710	1.0651	6.799208	14.45287
563	12.54584	1.8140281	1.0801	1.0742	6.799534	14.45088
564	12.54476	1.8148637	1.0771	1.0712	6.799370	14.45854
565	12.54500	1.8166781	1.0649	1.0591	6.798671	14.47419
566	12.54644	1.8180494	1.0529	1.0471	6.797976	14.48553
567	12.54782	1.8181106	1.0469	1.0411	6.797770	14.48554
568	12.55142	1.8146700	1.0620	1.0562	6.798557	14.45432
569	12.55340	1.8114913	1.0926	1.0865	6.799462	14.42599
570	12.55076	1.8104678	1.1078	1.1017	6.800189	14.41812
571	12.54716	1.8142879	1.0957	1.0897	6.799263	14.45263
572	12.54590	1.8170858	1.0622	1.0564	6.798402	14.47738
573	12.54296	1.8169074	1.0288	1.0231	6.798858	14.47697
574	12.54632	1.8128563	1.0349	1.0292	6.799901	14.44054
575	12.54980	1.8085282	1.0593	1.0534	6.801029	14.40168
576	12.54680	1.8053377	1.0867	1.0807	6.802601	14.37516
577	12.53799	1.8029422	1.0960	1.0900	6.804656	14.35775
578	12.53163	1.8051495	1.0898	1.0838	6.804690	14.37930
579	12.53013	1.8107225	1.0716	1.0657	6.802839	14.42821
580	12.52899	1.8118836	1.0656	1.0598	6.802563	14.43872
581	12.52503	1.8100403	1.0535	1.0477	6.803768	14.42424
582	12.52282	1.8061264	1.0566	1.0508	6.805504	14.39114
583	12.52120	1.8036644	1.0628	1.0570	6.806626	14.37040
584	12.51970	1.8032372	1.0598	1.0540	6.806983	14.36726
585	12.51898	1.8045952	1.0688	1.0629	6.806579	14.37931
586	12.51940	1.8064266	1.0629	1.0570	6.805848	14.39504
587	12.51988	1.8067929	1.0629	1.0570	6.805650	14.39804
588	12.51952	1.8047477	1.0630	1.0571	6.806450	14.38043
589	12.51862	1.8026881	1.0843	1.0783	6.807329	14.36290
590	12.51658	1.8023881	1.0935	1.0875	6.807711	14.36108
591	12.51442	1.8061061	1.0935	1.0875	6.806629	14.39415
592	12.51424	1.8102542	1.0631	1.0573	6.805125	14.43022
593	12.51610	1.8123879	1.0387	1.0330	6.804092	14.44803
594	12.52372	1.8083654	1.0297	1.0241	6.804560	14.41022
595	12.52947	1.8027897	1.0541	1.0483	6.805846	14.35967
596	12.53115	1.7995922	1.0968	1.0908	6.806799	14.33130
597	12.52725	1.7984692	1.1151	1.1090	6.807731	14.32304
598	12.52330	1.8012238	1.1091	1.1030	6.807245	14.34843
599	12.52306	1.8080601	1.0787	1.0728	6.804760	14.40781
600	12.52168	1.8127088	1.0482	1.0424	6.803233	14.44868
601	12.52288	1.8128004	1.0208	1.0152	6.803039	14.44902
602	12.52707	1.8058312	1.0270	1.0213	6.805045	14.38696
603	12.52989	1.7999073	1.0543	1.0485	6.806850	14.33452
604	12.52797	1.7972194	1.0971	1.0911	6.808095	14.31194
605	12.52252	1.7943450	1.1154	1.1093	6.809881	14.28908
606	12.51586	1.7925683	1.1093	1.1033	6.811422	14.27620
607	12.50783	1.7922942	1.0637	1.0579	6.812595	14.27687
608	12.50226	1.7923349	1.0121	1.0065	6.813323	14.27933
609	12.49998	1.7923349	0.9786	0.9732	6.813627	14.28020
610	12.49879	1.7924719	0.9877	0.9823	6.813736	14.28184
611	12.49795	1.7924618	1.0274	1.0218	6.813853	14.28206
612	12.49645	1.7924212	1.0761	1.0702	6.814068	14.28227
613	12.49519	1.7924415	1.1219	1.1157	6.814229	14.28291
614	12.49447	1.7923349	1.1341	1.1279	6.814364	14.28226
615	12.49375	1.7920406	1.1280	1.1218	6.814569	14.27998
616	12.49297	1.7921472	1.1007	1.0947	6.814633	14.28120
617	12.49297	1.7923806	1.0551	1.0493	6.814547	14.28323
618	12.49405	1.7920609	1.0217	1.0160	6.814520	14.28006
619	12.49435	1.7921065	1.0247	1.0191	6.814463	14.28034
620	12.49423	1.7921725	1.0399	1.0342	6.814455	14.28096
621	12.49417	1.7923349	1.0643	1.0585	6.814404	14.28238
622	12.49375	1.7918325	1.0856	1.0797	6.814645	14.27818
623	12.49280	1.7914113	1.1131	1.1070	6.814928	14.27488
624	12.49160	1.7914722	1.1375	1.1312	6.815066	14.27586
625	12.49118	1.7912844	1.1406	1.1343	6.815191	14.27439
626	12.49088	1.7913859	1.1072	1.1011	6.815194	14.27539
627	12.49076	1.7914113	1.0615	1.0557	6.815200	14.27566
628	12.49148	1.7914316	1.0371	1.0314	6.815096	14.27557
629	12.49244	1.7916193	1.0433	1.0376	6.814899	14.27684
630	12.49315	1.7915584	1.0678	1.0619	6.814826	14.27603
631	12.49285	1.7913808	1.1074	1.1013	6.814932	14.27460
632	12.49184	1.7907567	1.2048	1.1982	6.815298	14.26955
633	12.49046	1.7907364	1.3113	1.3041	6.815491	14.26987
634	12.48878	1.7900363	1.4119	1.4041	6.815974	14.26442
635	12.48728	1.7900160	1.4970	1.4888	6.816182	14.26479
636	12.48621	1.7899095	1.5915	1.5828	6.816366	14.26425
637	12.48579	1.7900161	1.6950	1.6857	6.816384	14.26532
638	12.48555	1.7901632	1.8046	1.7947	6.816362	14.26666
639	12.48555	1.7899349	1.9385	1.9279	6.816448	14.26466
640	12.48519	1.7897219	2.0572	2.0459	6.816575	14.26292
641	12.48471	1.7918175	2.1577	2.1459	6.815867	14.28126
642	12.48495	1.8012446	2.2490	2.2367	6.812360	14.36295
643	12.48112	1.9107344	2.3526	2.3397	6.772472	15.31794
644	12.46370	1.9181323	2.4622	2.4486	6.772028	15.38967
645	12.44066	2.2376373	2.5992	2.5849	6.656857	18.21993
646	12.36120	2.4028267	2.7422	2.7271	6.605470	19.73895
647	12.26892	2.5006033	2.9036	2.8877	6.580298	20.67181
648	12.15919	2.6413857	3.0527	3.0359	6.540798	22.01701
649	12.00081	2.6657630	3.2141	3.1964	6.550350	22.33452
650	11.91050	2.6744677	3.4151	3.3963	6.557738	22.46881
651	11.88268	2.6722169	3.6190	3.5990	6.561887	22.46469
652	11.87373	2.6997072	3.8472	3.8261	6.552506	22.72423
653	11.83664	2.7029832	4.0816	4.0591	6.555638	22.77709
654	11.79142	2.7595607	4.3252	4.3014	6.539402	23.33014
655	11.66458	2.8036596	4.5747	4.5495	6.537349	23.82162
656	11.49215	2.8519225	4.8273	4.8007	6.538812	24.38632
657	11.30248	2.9275029	5.0831	5.0551	6.531370	25.22812
658	11.06722	2.9782631	5.3266	5.2973	6.538484	25.87521
659	10.83938	2.9944626	5.5791	5.5484	6.558235	26.19222
660	10.59964	2.9971283	5.8379	5.8057	6.584831	26.39002
661	10.39820	3.0077681	6.0905	6.0570	6.603853	26.63997
662	10.22437	3.0135805	6.3493	6.3143	6.621679	26.82456
663	10.09550	3.0198652	6.6081	6.5717	6.634103	26.98185
664	9.99978	3.0386910	6.8666	6.8288	6.637433	27.23938
665	9.89458	3.0484630	7.1224	7.0831	6.645614	27.41566
666	9.77244	3.0507546	7.3810	7.3403	6.658916	27.53132
667	9.61322	3.0529189	7.6337	7.5916	6.676651	27.67488
668	9.42539	3.0623848	7.8863	7.8429	6.694674	27.91520
669	9.25456	3.0647298	8.1329	8.0881	6.713800	28.07234
670	9.10637	3.0649027	8.3763	8.3301	6.731258	28.19073
671	8.97735	3.0650509	8.6411	8.5935	6.746509	28.29441
672	8.86437	3.0656334	8.8816	8.8326	6.759703	28.39032
673	8.77326	3.0668401	9.1343	9.0839	6.770039	28.47555
674	8.70539	3.0683405	9.3900	9.3382	6.777484	28.54543
675	8.65052	3.0704044	9.6458	9.5925	6.783128	28.61084
676	8.59995	3.0733569	9.8892	9.8347	6.787863	28.68211
677	8.54225	3.0786946	10.1388	10.0829	6.792376	28.78399
678	8.49181	3.0878640	10.3945	10.3371	6.794284	28.91991
679	8.46977	3.0878582	10.6501	10.5913	6.796931	28.93781
680	8.43482	3.0896875	10.8997	10.8396	6.800294	28.98535
681	8.38801	3.0927268	11.1463	11.0847	6.804530	29.05531
682	8.35522	3.0937281	11.4019	11.3390	6.808011	29.09266
683	8.33486	3.0954234	11.6576	11.5932	6.809686	29.12701
684	8.30920	3.0944902	11.9134	11.8476	6.813196	29.13843
685	8.26458	3.0941652	12.1660	12.0988	6.818709	29.17191
686	8.21064	3.0927903	12.4155	12.3470	6.825831	29.20226
687	8.14805	3.0899425	12.6651	12.5952	6.834685	29.22446
688	8.06369	3.0897961	12.9116	12.8403	6.844942	29.29318
689	7.93690	3.0936898	13.1552	13.0825	6.858483	29.44029
690	7.79392	3.0953495	13.4169	13.3428	6.875057	29.57842
691	7.65979	3.0961433	13.6818	13.6061	6.891008	29.70076
692	7.54595	3.0961138	13.9374	13.8604	6.904917	29.79769
693	7.44634	3.0957034	14.1871	14.1086	6.917300	29.87879
694	7.36234	3.0941013	14.4366	14.3568	6.928371	29.93403
695	7.28808	3.0939117	14.6833	14.6021	6.937590	29.99615
696	7.22549	3.0959699	14.9297	14.8472	6.944300	30.07247
697	7.18471	3.0979485	15.1793	15.0953	6.948369	30.12914
698	7.16682	3.1029516	15.4259	15.3405	6.948152	30.19848
699	7.17641	3.1120430	15.6663	15.5796	6.942571	30.28781
700	7.21437	3.1161181	15.9160	15.8279	6.935948	30.29826
701	7.25565	3.1174294	16.1564	16.0670	6.930262	30.27608
702	7.28222	3.1157111	16.4212	16.3304	6.927843	30.23428
703	7.28535	3.1163947	16.6616	16.5694	6.927135	30.23877
704	7.27662	3.1186736	16.9144	16.8208	6.927111	30.27075
705	7.26977	3.1206881	17.1699	17.0749	6.926984	30.29827
706	7.26286	3.1198566	17.4287	17.3322	6.928234	30.29527
707	7.23411	3.1072807	17.6813	17.5834	6.937831	30.18522
708	7.14543	3.0982385	17.9249	17.8256	6.953122	30.16533
709	7.01929	3.0939769	18.1837	18.0830	6.970779	30.22971
710	6.89841	3.0877597	18.4210	18.3190	6.988819	30.26857
711	6.78945	3.0865582	18.6767	18.5733	7.002971	30.35155
712	6.69992	3.0922487	18.9172	18.8125	7.011310	30.49282
713	6.64703	3.1056080	19.1729	19.0667	7.011250	30.68576
714	6.63972	3.1111633	19.4042	19.2967	7.009394	30.75294
715	6.64646	3.1122773	19.6537	19.5448	7.008005	30.75894
716	6.65074	3.1123758	19.8974	19.7871	7.007430	30.75606
717	6.65223	3.1124312	20.1347	20.0231	7.007221	30.75522
718	6.65187	3.1124313	20.3812	20.2682	7.007271	30.75543
719	6.65100	3.1124683	20.6187	20.5044	7.007366	30.75651
720	6.65027	3.1124622	20.8592	20.7435	7.007464	30.75698
721	6.64991	3.1124008	21.0966	20.9796	7.007544	30.75653
722	6.64961	3.1123147	21.3461	21.2277	7.007631	30.75575
723	6.64899	3.1121978	21.5958	21.4760	7.007771	30.75491
724	6.64811	3.1119025	21.8332	21.7121	7.008032	30.75236
725	6.64517	3.1112810	22.0676	21.9452	7.008712	30.74810
726	6.63920	3.1105734	22.3080	22.1843	7.009813	30.74562
727	6.62463	3.1083833	22.5485	22.4234	7.012723	30.73465
728	6.58963	3.1079470	22.7828	22.6564	7.017303	30.76122
729	6.54207	3.1074738	23.0264	22.8986	7.023472	30.79874
730	6.49585	3.1059982	23.2638	23.1347	7.029986	30.82413
731	6.45425	3.1052976	23.5165	23.3860	7.035542	30.85390
732	6.42273	3.1048184	23.7630	23.6311	7.039731	30.87703
733	6.40055	3.1043760	24.0004	23.8671	7.042736	30.89214
734	6.38370	3.1036814	24.2409	24.1063	7.045201	30.89965
735	6.36308	3.1030484	24.4752	24.3393	7.048111	30.91127
736	6.34047	3.1031963	24.7188	24.5815	7.050875	30.93331
737	6.32263	3.1061727	24.9502	24.8117	7.051607	30.98224
738	6.31522	3.1095685	25.1906	25.0507	7.050817	31.02635
739	6.31849	3.1104545	25.4310	25.2898	7.049963	31.03304
740	6.32447	3.1103499	25.6533	25.5108	7.049272	31.02633
741	6.32825	3.1093347	25.8907	25.7468	7.049318	31.01157
742	6.32605	3.1080367	26.1312	25.9860	7.050257	30.99914
743	6.31711	3.1074218	26.3595	26.2130	7.051695	31.00039
744	6.30648	3.1093044	26.6000	26.4521	7.052076	31.03074
745	6.29794	3.1111998	26.8313	26.6821	7.052187	31.05934
746	6.29299	3.1107507	27.1052	26.9545	7.053042	31.05878
747	6.27823	3.1055835	27.3701	27.2179	7.057527	31.01504
748	6.23740	3.1043787	27.5983	27.4449	7.063272	31.03886
749	6.19147	3.1038197	27.8389	27.6841	7.069338	31.07453
750	6.15536	3.1035926	28.0792	27.9230	7.074004	31.10495
751	6.13042	3.1037589	28.3167	28.1592	7.077064	31.12954
752	6.11515	3.1032612	28.5542	28.3953	7.079248	31.13791
753	6.10437	3.1022531	28.7947	28.6345	7.081129	31.13650
754	6.09436	3.1011960	29.0259	28.8645	7.082941	31.13384
755	6.08328	3.0997089	29.2726	29.1097	7.085109	31.12738
756	6.06844	3.0978104	29.4978	29.3336	7.087964	31.11980
757	6.04832	3.0958694	29.7383	29.5728	7.091511	31.11658
758	6.02076	3.0943036	29.9758	29.8089	7.095810	31.12437
759	5.99022	3.0939048	30.2132	30.0450	7.099887	31.14789
760	5.96431	3.0946359	30.4384	30.2689	7.102795	31.17977
761	5.94506	3.0956742	30.6698	30.4990	7.104702	31.20898
762	5.93179	3.0960184	30.8920	30.7199	7.106211	31.22496
763	5.92323	3.0961352	31.1264	30.9531	7.107240	31.23405
764	5.91837	3.0963258	31.3576	31.1830	7.107762	31.24055
765	5.91609	3.0969340	31.5951	31.4191	7.107741	31.24933
766	5.91640	3.0975177	31.8295	31.6522	7.107404	31.25546
767	5.91746	3.0975669	32.0639	31.8853	7.107249	31.25491
768	5.91665	3.0977821	32.3013	32.1213	7.107245	31.25795
769	5.91336	3.0974012	32.5297	32.3484	7.107865	31.25663
770	5.90794	3.0968177	32.7519	32.5694	7.108860	31.25502
771	5.90010	3.0959333	32.9923	32.8084	7.110319	31.25228
772	5.88780	3.0949262	33.2267	33.0415	7.112408	31.25229
773	5.86924	3.0929368	33.4580	33.2715	7.115804	31.24711
774	5.84204	3.0909418	33.6955	33.5077	7.120305	31.24985
775	5.81189	3.0897513	33.9177	33.7286	7.124767	31.26434
776	5.78599	3.0890335	34.1491	33.9587	7.128444	31.28019
777	5.76444	3.0868369	34.3773	34.1856	7.132344	31.27544
778	5.73696	3.0849906	34.6088	34.4158	7.136822	31.28012
779	5.70083	3.0833534	34.8310	34.6368	7.142300	31.29517
780	5.66146	3.0824585	35.0562	34.8607	7.147808	31.32159
781	5.62661	3.0819192	35.2724	35.0756	7.152558	31.34786
782	5.60027	3.0812144	35.4976	35.2996	7.156308	31.36437
783	5.57877	3.0806384	35.7230	35.5236	7.159373	31.37782
784	5.56044	3.0806631	35.9513	35.7506	7.161716	31.39509
785	5.54473	3.0800503	36.1796	35.9777	7.164061	31.40275
786	5.52947	3.0795294	36.4323	36.2289	7.166300	31.41101
787	5.51538	3.0791128	36.6910	36.4862	7.168337	31.41936
788	5.50134	3.0786962	36.9162	36.7101	7.170366	31.42768
789	5.48505	3.0786474	37.1537	36.9463	7.172491	31.44226
790	5.47132	3.0785618	37.3881	37.1793	7.174306	31.45404
791	5.45980	3.0782003	37.6042	37.3942	7.175985	31.46064
792	5.44588	3.0778573	37.8356	37.6243	7.177964	31.46970
793	5.43096	3.0774653	38.0456	37.8331	7.180097	31.47916
794	5.41755	3.0766933	38.2739	38.0601	7.182241	31.48290
795	5.40329	3.0746470	38.4840	38.2690	7.185175	31.47302
796	5.38309	3.0739856	38.7063	38.4900	7.188138	31.48439
797	5.36260	3.0738327	38.9285	38.7110	7.190868	31.50180
798	5.34596	3.0737656	39.1386	38.9199	7.193056	31.51658
799	5.33373	3.0739189	39.3212	39.1015	7.194557	31.52975
800	5.32449	3.0740967	39.4248	39.2044	7.195657	31.54041
801	5.31815	3.0742622	39.4430	39.2226	7.196387	31.54825
802	5.31495	3.0742132	39.4461	39.2257	7.196826	31.55070
803	5.31400	3.0745073	39.4462	39.2258	7.196791	31.55493
804	5.31460	3.0742132	39.4250	39.2047	7.196871	31.55104
805	5.31331	3.0737354	39.4008	39.1806	7.197294	31.54685
806	5.31001	3.0736864	39.3827	39.1626	7.197746	31.54941
807	5.30767	3.0735700	39.3674	39.1474	7.198111	31.55031
808	5.30597	3.0736742	39.3524	39.1325	7.198274	31.55309
809	5.30517	3.0737722	39.3341	39.1143	7.198324	31.55497
810	5.30537	3.0736435	39.3190	39.0993	7.198367	31.55333
811	5.30542	3.0736006	39.2978	39.0782	7.198383	31.55280
812	5.30527	3.0736313	39.2796	39.0601	7.198385	31.55330
813	5.30577	3.0737967	39.2675	39.0481	7.198232	31.55471
814	5.30672	3.0737170	39.2525	39.0331	7.198152	31.55292
815	5.30752	3.0736741	39.2465	39.0272	7.198072	31.55169
816	5.30787	3.0736312	39.2374	39.0182	7.198049	31.55088
817	5.30812	3.0736557	39.2344	39.0151	7.198004	31.55092
818	5.30861	3.0736128	39.2345	39.0152	7.197962	31.54996
819	5.30871	3.0736557	39.2347	39.0154	7.197926	31.55036
820	5.30891	3.0736128	39.2316	39.0124	7.197924	31.54968
821	5.30931	3.0735700	39.2408	39.0215	7.197895	31.54882
822	5.30951	3.0736863	39.2440	39.0247	7.197807	31.54995
823	5.30991	3.0735516	39.2502	39.0309	7.197828	31.54804
824	5.30981	3.0736006	39.2532	39.0339	7.197815	31.54869
825	5.30971	3.0737660	39.1925	38.9735	7.197737	31.55069
826	5.31026	3.0741825	39.0831	38.8647	7.197440	31.55495
827	5.31336	3.0749972	38.9370	38.7195	7.196600	31.56135
828	5.31880	3.0744764	38.7880	38.5713	7.196173	31.55039
829	5.32224	3.0740352	38.6330	38.4172	7.195962	31.54221
830	5.32329	3.0739555	38.4626	38.2477	7.195865	31.54040
831	5.32379	3.0738636	38.2831	38.0693	7.195846	31.53898
832	5.32529	3.0737961	38.1067	37.8938	7.195685	31.53689
833	5.32828	3.0743841	37.9211	37.7093	7.194978	31.54083
834	5.33403	3.0752601	37.7387	37.5280	7.193763	31.54545
835	5.34411	3.0758605	37.5561	37.3464	7.192135	31.54284
836	5.35670	3.0763382	37.3584	37.1498	7.190251	31.53651
837	5.36855	3.0766935	37.1699	36.9624	7.188530	31.52948
838	5.37964	3.0770426	36.9539	36.7476	7.186908	31.52311
839	5.39179	3.0773059	36.7531	36.5480	7.185197	31.51476
840	5.40484	3.0775877	36.5371	36.3331	7.183360	31.50579
841	5.41710	3.0775691	36.3363	36.1335	7.181787	31.49417
842	5.42916	3.0778631	36.1143	35.9128	7.180073	31.48628
843	5.44112	3.0780897	35.8953	35.6950	7.178408	31.47773
844	5.45134	3.0785308	35.6823	35.4832	7.176854	31.47324
845	5.46115	3.0787881	35.4694	35.2715	7.175450	31.46705
846	5.47378	3.0789105	35.2596	35.0629	7.173757	31.45670
847	5.48751	3.0792781	35.0436	34.8481	7.171792	31.44810
848	5.49989	3.0794066	34.8337	34.6394	7.170128	31.43806
849	5.51137	3.0798417	34.6176	34.4246	7.168418	31.43233
850	5.52300	3.0803320	34.3986	34.2068	7.166659	31.42709
851	5.53484	3.0808959	34.1857	33.9950	7.164836	31.42248
852	5.54965	3.0821220	33.9698	33.7804	7.162282	31.42257
853	5.57168	3.0833237	33.7568	33.5686	7.158816	31.41563
854	5.59916	3.0848445	33.5500	33.3629	7.154488	31.40720
855	5.62927	3.0854882	33.3309	33.1451	7.150291	31.38646
856	5.65497	3.0868929	33.1210	32.9364	7.146260	31.37840
857	5.67958	3.0881812	32.9050	32.7216	7.142433	31.37006
858	5.70461	3.0896906	32.6859	32.5038	7.138441	31.36382
859	5.73303	3.0915564	32.4640	32.2831	7.133833	31.35843
860	5.76575	3.0929436	32.2541	32.0744	7.128933	31.34367
861	5.79760	3.0935511	32.0412	31.8627	7.124559	31.32101
862	5.82214	3.0939315	31.8283	31.6510	7.121235	31.30261
863	5.84103	3.0940602	31.6091	31.4331	7.118762	31.28665
864	5.85706	3.0938451	31.3932	31.2184	7.116833	31.26951
865	5.86909	3.0936423	31.1741	31.0005	7.115406	31.25622
866	5.87804	3.0936237	30.9611	30.7887	7.114274	31.24784
867	5.88457	3.0936972	30.7483	30.5771	7.113403	31.24273
868	5.88922	3.0935805	30.5292	30.3592	7.112868	31.23723
869	5.89261	3.0934698	30.3315	30.1626	7.112491	31.23295
870	5.89504	3.0928189	30.1156	29.9480	7.112516	31.22354
871	5.89792	3.0922600	29.9027	29.7362	7.112436	31.21474
872	5.90207	3.0921985	29.6776	29.5124	7.111936	31.21033
873	5.90597	3.0921125	29.4493	29.2854	7.111481	31.20588
874	5.90976	3.0932237	29.2425	29.0798	7.110418	31.21488
875	5.92288	3.0973141	29.0235	28.8621	7.106627	31.24852
876	5.95159	3.0984873	28.8076	28.6473	7.102376	31.23520
877	5.97982	3.0988064	28.5854	28.4264	7.098633	31.21282
878	5.99980	3.0987263	28.3664	28.2087	7.096142	31.19362
879	6.01178	3.0998138	28.1382	27.9817	7.094061	31.19481
880	6.02319	3.1003605	27.9132	27.7580	7.092331	31.19049
881	6.03375	3.1008459	27.6850	27.5311	7.090742	31.18628
882	6.04274	3.1010486	27.4750	27.3223	7.089498	31.18036
883	6.04934	3.1009194	27.2560	27.1045	7.088726	31.17296
884	6.05427	3.1009623	27.0402	26.8898	7.088077	31.16901
885	6.05929	3.1008454	26.8210	26.6720	7.087498	31.16319
886	6.06961	3.1020069	26.5960	26.4482	7.085594	31.16672
887	6.08932	3.1052038	26.3617	26.2152	7.081458	31.18423
888	6.12070	3.1050558	26.1487	26.0034	7.077576	31.15386
889	6.15169	3.1041208	25.9206	25.7766	7.074148	31.11517
890	6.17578	3.1030199	25.7077	25.5649	7.071675	31.08102
891	6.19396	3.1022574	25.4888	25.3472	7.069771	31.05604
892	6.20681	3.1031855	25.2789	25.1385	7.067677	31.05468
893	6.22108	3.1040829	25.0538	24.9146	7.065419	31.05168
894	6.23883	3.1047283	24.8439	24.7059	7.062855	31.04271
895	6.25684	3.1051770	24.6310	24.4942	7.060360	31.03133
896	6.27210	3.1055826	24.4180	24.2825	7.058233	31.02199
897	6.28456	3.1056132	24.2051	24.0707	7.056649	31.01107
898	6.29381	3.1058590	23.9952	23.8620	7.055360	31.00546
899	6.30096	3.1057298	23.7823	23.6503	7.054524	30.99762
900	6.30581	3.1045797	23.5661	23.4353	7.054495	30.98061
901	6.30653	3.1031839	23.3503	23.2208	7.055109	30.96465
902	6.30556	3.1024892	23.1373	23.0089	7.055580	30.95797
903	6.31016	3.1023108	22.9214	22.7942	7.055088	30.95192
904	6.32012	3.1024397	22.7206	22.5945	7.053768	30.94437
905	6.33045	3.1021937	22.5137	22.3888	7.052593	30.93238
906	6.34185	3.1023410	22.3007	22.1770	7.051084	30.92374
907	6.35453	3.1023101	22.0939	21.9713	7.049505	30.91199
908	6.36850	3.1029308	21.8901	21.7687	7.047435	30.90625
909	6.38723	3.1044307	21.7076	21.5872	7.044326	30.90587
910	6.42098	3.1056418	21.5221	21.4027	7.039486	30.88870
911	6.46686	3.1060533	21.3335	21.2152	7.033539	30.85180
912	6.50458	3.1063173	21.1540	21.0367	7.028692	30.82072
913	6.53149	3.1067598	20.9654	20.8492	7.025107	30.80140
914	6.55138	3.1071778	20.7708	20.6557	7.022414	30.78815
915	6.56803	3.1075282	20.5731	20.4590	7.020158	30.77708
916	6.58341	3.1076326	20.3814	20.2685	7.018186	30.76448
917	6.59478	3.1078846	20.1959	20.0840	7.016640	30.75710
918	6.60383	3.1081182	20.0134	19.9025	7.015391	30.75160
919	6.61165	3.1083211	19.8217	19.7119	7.014312	30.74687
920	6.61860	3.1085301	19.6332	19.5244	7.013339	30.74300
921	6.62411	3.1086223	19.4416	19.3339	7.012603	30.73915
922	6.62839	3.1087268	19.2498	19.1432	7.012015	30.73654
923	6.63184	3.1089174	19.0583	18.9528	7.011487	30.73562
924	6.63565	3.1090650	18.8635	18.7590	7.010935	30.73390
925	6.64028	3.1092248	18.6780	18.5745	7.010275	30.73157
926	6.64528	3.1095385	18.4833	18.3810	7.009493	30.73060
927	6.65306	3.1089477	18.3009	18.1996	7.008817	30.71725
928	6.66073	3.1024349	18.1001	17.9999	7.011103	30.63931
929	6.65192	3.0957124	17.9115	17.8124	7.015548	30.57385
930	6.62591	3.0906345	17.7168	17.6187	7.021324	30.54169
931	6.59992	3.0876335	17.5374	17.4403	7.026069	30.53217
932	6.58588	3.0884620	17.3579	17.2618	7.027408	30.55385
933	6.59030	3.0893150	17.1754	17.0803	7.026424	30.55931
934	6.60285	3.0885354	16.9929	16.8989	7.025240	30.53966
935	6.61644	3.0936305	16.8105	16.7174	7.020992	30.58330
936	6.65507	3.1038977	16.6280	16.5360	7.011049	30.66103
937	6.74120	3.1089401	16.4393	16.3484	6.997833	30.63909
938	6.85163	3.1094435	16.2568	16.1669	6.983894	30.54622
939	6.94513	3.1109500	16.0743	15.9854	6.971591	30.47967
940	7.02137	3.1105615	15.8949	15.8069	6.962372	30.40813
941	7.08208	3.1100624	15.7093	15.6224	6.955133	30.34931
942	7.13188	3.1109172	15.5269	15.4410	6.948587	30.31483
943	7.17146	3.1115260	15.3474	15.2626	6.943424	30.28673
944	7.20408	3.1101779	15.1466	15.0628	6.940067	30.24374
945	7.22758	3.1083750	14.9672	14.8844	6.938050	30.20388
946	7.23918	3.1044508	14.7816	14.6998	6.938517	30.15169
947	7.23610	3.1024158	14.5960	14.5153	6.939875	30.13260
948	7.22466	3.0997053	14.4196	14.3399	6.942588	30.11354
949	7.20852	3.0972046	14.2311	14.1524	6.945779	30.10081
950	7.19139	3.0942687	14.0455	13.9678	6.949305	30.08426
951	7.17772	3.0930897	13.8568	13.7802	6.951558	30.08357
952	7.17219	3.0921810	13.6774	13.6018	6.952677	30.07870
953	7.17281	3.0914749	13.4889	13.4143	6.952938	30.07064
954	7.17908	3.0911556	13.3064	13.2328	6.952317	30.06184
955	7.19599	3.0912229	13.1177	13.0453	6.950195	30.04793
956	7.22628	3.0905964	12.9322	12.8607	6.946762	30.01496
957	7.26564	3.0901662	12.7527	12.6822	6.942118	29.97629
958	7.31503	3.0896869	12.5764	12.5069	6.936268	29.92848
959	7.36108	3.0884835	12.3938	12.3253	6.931181	29.87592
960	7.40461	3.0858630	12.2235	12.1560	6.927086	29.81052
961	7.46006	3.0847643	12.0501	11.9836	6.920801	29.75127
962	7.52968	3.0847635	11.8768	11.8112	6.912262	29.69174
963	7.60407	3.0849345	11.7004	11.6357	6.903073	29.63017
964	7.68863	3.0856943	11.5209	11.4573	6.892380	29.56641
965	7.77083	3.0878102	11.3414	11.2788	6.881363	29.51921
966	7.84932	3.0905282	11.1590	11.0974	6.870542	29.48165
967	7.93462	3.0895943	10.9915	10.9308	6.860625	29.40005
968	8.00608	3.0896610	10.8000	10.7404	6.851934	29.34086
969	8.06220	3.0910600	10.6177	10.5591	6.844496	29.30864
970	8.11258	3.0926127	10.4319	10.3743	6.837694	29.28290
971	8.16222	3.0928209	10.2464	10.1899	6.831609	29.24376
972	8.20255	3.0917030	10.0609	10.0054	6.827260	29.19861
973	8.23452	3.0909598	9.8905	9.8359	6.823749	29.16438
974	8.25809	3.0882098	9.7050	9.6515	6.822166	29.11626
975	8.27016	3.0838476	9.5194	9.4669	6.822705	29.06092
976	8.28088	3.0843688	9.3369	9.2854	6.821173	29.05756
977	8.30620	3.0793097	9.1574	9.1069	6.820430	28.98411
978	8.32649	3.0758345	8.9780	8.9285	6.819568	28.93136
979	8.33830	3.0717606	8.7894	8.7409	6.819997	28.87940
980	8.36124	3.0688396	8.6008	8.5534	6.818558	28.83036
981	8.39457	3.0654911	8.4242	8.3778	6.816060	28.76845
982	8.42884	3.0643893	8.2480	8.2026	6.812428	28.72916
983	8.45770	3.0621498	8.0624	8.0180	6.809963	28.68257
984	8.48734	3.0610179	7.8768	7.8334	6.806904	28.64687
985	8.52034	3.0595130	7.6973	7.6549	6.803609	28.60464
986	8.55759	3.0581307	7.5117	7.4703	6.799750	28.56032
987	8.59849	3.0584665	7.3353	7.2949	6.794681	28.53083
988	8.65112	3.0584109	7.1498	7.1104	6.788386	28.48793
989	8.72025	3.0533064	6.9703	6.9319	6.782376	28.38004
990	8.80873	3.0481683	6.7879	6.7505	6.774060	28.25678
991	8.91376	3.0471170	6.5992	6.5628	6.761961	28.16270
992	9.03071	3.0463099	6.4136	6.3783	6.748361	28.06217
993	9.14171	3.0411455	6.2312	6.1969	6.737406	27.92265
994	9.26445	3.0286892	6.0486	6.0153	6.728228	27.70112
995	9.39503	3.0207603	5.8662	5.8339	6.716143	27.52058
996	9.50962	3.0168409	5.6744	5.6432	6.704238	27.39360
997	9.59930	3.0130453	5.4922	5.4620	6.695243	27.28744
998	9.68146	3.0006997	5.3095	5.2803	6.690774	27.10217
999	9.79317	3.0012388	5.1300	5.1018	6.677347	27.02374
1000	9.90961	2.9954481	4.9414	4.9142	6.666057	26.87946
1001	10.01901	2.9830204	4.7528	4.7267	6.658374	26.67572
1002	10.13929	2.9681873	4.5643	4.5392	6.650384	26.44160
1003	10.25166	2.9576856	4.3727	4.3486	6.641505	26.25713
1004	10.34530	2.9367677	4.1901	4.1670	6.639088	25.98552
1005	10.43679	2.9068059	4.0076	3.9856	6.640564	25.62903
1006	10.56397	2.8451733	3.8281	3.8071	6.650587	24.94395
1007	10.75714	2.7952023	3.6425	3.6225	6.647743	24.33331
1008	10.96925	2.7689006	3.4631	3.4441	6.632928	23.94285
1009	11.14395	2.7352614	3.2683	3.2504	6.625384	23.51137
1010	11.29123	2.7057038	3.0981	3.0810	6.619384	23.13975
1011	11.41906	2.6425851	2.9035	2.8875	6.628670	22.46949
1012	11.54022	2.5915250	2.7148	2.6999	6.633841	21.92145
1013	11.64795	2.5121622	2.5323	2.5183	6.651351	21.12449
1014	11.76122	2.4241910	2.3499	2.3370	6.671186	20.25308
1015	11.86996	2.3881825	2.1642	2.1523	6.671457	19.86577
1016	11.95132	2.3404648	1.9695	1.9587	6.679467	19.38924
1017	12.01175	2.2821151	1.7719	1.7621	6.693999	18.83036
1018	12.06404	2.2054666	1.5771	1.5684	6.716344	18.11441
1019	12.11476	2.1033607	1.3794	1.3718	6.748332	17.17677
1020	12.17059	1.9994666	1.2029	1.1963	6.780130	16.22868
1021	12.23316	1.9519118	1.0540	1.0482	6.789739	15.78192
1022	12.28726	1.9246989	0.9261	0.9210	6.792779	15.51989
1023	12.32946	1.8847175	0.8076	0.8031	6.802096	15.15192
1024	12.36430	1.8476475	0.6951	0.6913	6.811248	14.81389
1025	12.38579	1.8547241	0.6129	0.6095	6.805765	14.86723
1026	12.39195	1.8350741	0.5644	0.5613	6.812232	14.69339
1027	12.39439	1.8134532	0.5097	0.5069	6.819919	14.50406
1028	12.39899	1.7925282	0.3941	0.3920	6.827057	14.32025
1029	12.40479	1.7913660	0.2299	0.2286	6.826710	14.30798
1030	12.40838	1.7986781	0.0839	0.0834	6.823521	14.37022
1031	12.40808	1.7970727	0.0993	0.0987	6.824155	14.35637
1032	12.40539	1.7947873	0.1938	0.1927	6.825362	14.33750
1033	12.40210	1.7923607	0.2121	0.2109	6.826701	14.31765
1034	12.39888	1.7902294	0.1969	0.1958	6.827923	14.30035
1035	12.39021	1.7915792	0.1424	0.1416	6.828583	14.31538
1036	12.34771	1.7911988	0.0724	0.0720	6.834424	14.32823
1037	12.29763	1.7939197	0.0694	0.0690	6.840137	14.37102
1038	12.26767	1.8094918	0.0786	0.0782	6.838354	14.51841
1039	12.24333	1.8261532	0.0757	0.0753	6.835396	14.67350
1040	12.22043	1.8593091	0.0728	0.0724	6.826059	14.97298
1041	12.18846	1.8799903	0.0728	0.0724	6.822574	15.16740
1042	12.14388	1.5086393	0.0761	0.0756	6.967866	11.95440
1043	12.08459	0.3800297	0.0762	0.0757	7.391652	2.72605
1044	12.02203	0.4129304	0.0703	0.0699	7.390259	2.98261
1045	11.98787	0.3730397	0.0734	0.0730	7.410021	2.67967
1046	11.97133	0.3541490	0.0795	0.0791	7.419430	2.53689
1047	11.95982	0.4081219	0.0766	0.0762	7.402173	2.95054
1048	11.94884	0.3878053	0.0737	0.0733	7.411212	2.79542
1049	11.93763	0.3449517	0.0707	0.0703	7.428255	2.46922
1050	11.92424	0.3077353	0.0769	0.0765	7.443592	2.18844
1051	11.90914	0.2829746	0.0710	0.0706	7.454790	2.00322
1052	11.89358	0.2675189	0.0741	0.0736	7.462793	1.88842
1053	11.87785	0.2603136	0.0802	0.0798	7.467943	1.83544
1054	11.86295	0.2526406	0.0773	0.0769	7.473119	1.77900
1055	11.84835	0.2387207	0.0775	0.0770	7.480418	1.67626
1056	11.83417	0.2358440	0.0807	0.0802	7.483806	1.65556
1057	11.82034	0.2627730	0.0806	0.0802	7.476737	1.85661
1058	11.80511	0.2591469	0.0838	0.0834	7.480567	1.83028
1059	11.78766	0.2342518	0.0748	0.0744	7.492204	1.64580
1060	11.77050	0.2147857	0.0840	0.0836	7.501872	1.50250
1061	11.75400	0.2006224	0.0749	0.0745	7.509576	1.39887
1062	11.73798	0.1915003	0.0781	0.0777	7.515451	1.33252
1063	11.72267	0.1785314	0.0721	0.0717	7.522528	1.23821
1064	11.70595	0.1614954	0.0752	0.0748	7.531230	1.11479
1065	11.68936	0.1530515	0.0754	0.0750	7.536956	1.05411
1066	11.67167	0.1851979	0.0755	0.0751	7.528920	1.28865
1067	11.65580	0.1989076	0.0817	0.0813	7.526870	1.38989
1068	11.63958	0.2054437	0.0817	0.0813	7.527357	1.43868
1069	11.62378	0.1915741	0.0758	0.0753	7.534880	1.33711
1070	11.60659	0.1735426	0.0728	0.0724	7.544073	1.20555
1071	11.58993	0.1549130	0.0730	0.0726	7.553358	1.07040
1072	11.57298	0.1465218	0.0761	0.0757	7.559155	1.01006
1073	11.55645	0.1634428	0.0792	0.0788	7.556165	1.13341
1074	11.53999	0.1842455	0.0824	0.0819	7.551769	1.28617
1075	11.52394	0.1812100	0.0764	0.0760	7.555579	1.26442
1076	11.50801	0.1956394	0.0766	0.0761	7.553270	1.37122
1077	11.49291	0.1880009	0.0797	0.0793	7.558535	1.31543
1078	11.47968	0.1811900	0.0735	0.0731	7.563189	1.26576
1079	11.46727	0.1798487	0.0768	0.0763	7.565792	1.25632
1080	11.46168	0.1871711	0.0769	0.0765	7.564192	1.31041
1081	11.45958	0.1997280	0.0739	0.0735	7.560144	1.40324
1082	11.45661	0.2135043	0.0741	0.0736	7.555799	1.50558
1083	11.45533	0.2179844	0.0771	0.0767	7.554436	1.53897
1084	11.45376	0.2165725	0.0742	0.0738	7.555204	1.52852
1085	11.45341	0.2136632	0.0744	0.0740	7.556292	1.50689
1086	11.45242	0.2077398	0.0804	0.0800	7.558552	1.46291
1087	11.45172	0.1956193	0.0743	0.0739	7.562939	1.37313
1088	11.45102	0.1863650	0.0745	0.0741	7.566307	1.30484
1089	11.44752	0.1793551	0.0716	0.0712	7.569363	1.25335
1090	11.44555	0.1712548	0.0776	0.0772	7.572533	1.19394
1091	11.44304	0.1667650	0.0808	0.0804	7.574530	1.16113
1092	11.44065	0.1703841	0.0810	0.0806	7.573680	1.18771
1093	11.44013	0.1897685	0.0750	0.0746	7.566986	1.33033
1094	11.43757	0.2095383	0.0781	0.0777	7.560466	1.47685
1095	11.43210	0.2158618	0.0813	0.0809	7.559169	1.52411
1096	11.42500	0.2184010	0.0814	0.0809	7.559488	1.54332
1097	11.41999	0.2051136	0.0752	0.0748	7.565046	1.44467
1098	11.41371	0.2122672	0.0815	0.0811	7.563598	1.49809
1099	11.40999	0.2183164	0.0725	0.0721	7.562094	1.54331
1100	11.40667	0.2092380	0.0726	0.0722	7.565878	1.47584
1101	11.40371	0.1919463	0.0787	0.0783	7.572490	1.34772
1102	11.40080	0.1731867	0.0819	0.0815	7.579577	1.20955
1103	11.39690	0.1553886	0.0789	0.0785	7.586461	1.07937
1104	11.39452	0.1420318	0.0789	0.0785	7.591511	0.98226
1105	11.39231	0.1364032	0.0760	0.0756	7.593841	0.94153
1106	11.38975	0.1336888	0.0701	0.0697	7.595222	0.92196
1107	11.38661	0.1318308	0.0823	0.0818	7.596408	0.90861
1108	11.38307	0.1301474	0.0731	0.0727	7.597604	0.89654
1109	11.38045	0.1303533	0.0733	0.0729	7.597987	0.89808
1110	11.37842	0.1390978	0.0764	0.0760	7.595318	0.96140
1111	11.37766	0.1528604	0.0797	0.0792	7.590672	1.06148
1112	11.37650	0.1682519	0.0767	0.0763	7.585502	1.17410
1113	11.37592	0.1776850	0.0797	0.0792	7.582296	1.24345
1114	11.37452	0.1755997	0.0707	0.0703	7.583269	1.22814
1115	11.37202	0.1755497	0.0768	0.0764	7.583718	1.22786
1116	11.36924	0.1755098	0.0799	0.0794	7.584214	1.22766
1117	11.36697	0.1753100	0.0740	0.0736	7.584676	1.22626
1118	11.36459	0.1752334	0.0803	0.0798	7.585114	1.22577
1119	11.36162	0.1768153	0.0802	0.0797	7.585071	1.23752
1120	11.35802	0.1779016	0.0743	0.0739	7.585312	1.24564
1121	11.35436	0.1800223	0.0744	0.0740	7.585198	1.26139
1122	11.35100	0.2033419	0.0713	0.0709	7.577548	1.43416
1123	11.34832	0.2449803	0.0776	0.0772	7.563175	1.74583
1124	11.34501	0.2660629	0.0806	0.0801	7.556173	1.90520
1125	11.34252	0.2752879	0.0746	0.0742	7.553276	1.97529
1126	11.34031	0.2783261	0.0747	0.0743	7.552557	1.99848
1127	11.33747	0.2759008	0.0839	0.0834	7.553918	1.98021
1128	11.33485	0.2594845	0.0749	0.0745	7.560279	1.85593
1129	11.33346	0.2497146	0.0749	0.0745	7.564027	1.78221
1130	11.33207	0.2357319	0.0782	0.0778	7.569276	1.67702
1131	11.33021	0.2278320	0.0720	0.0716	7.572418	1.61782
1132	11.32864	0.2192413	0.0752	0.0748	7.575751	1.55358
1133	11.32632	0.2100954	0.0752	0.0748	7.579405	1.48540
1134	11.32214	0.2024262	0.0784	0.0779	7.582849	1.42846
1135	11.31947	0.1947367	0.0661	0.0658	7.586035	1.37144
1136	11.31820	0.1891725	0.0754	0.0750	7.588223	1.33025
