Scan Count	Temperature [ITS-90, deg C]	Conductivity [S/m]	Pressure, Strain Gauge [db]	Depth [salt water, m]	Oxygen Saturation, Weiss [ml/l]	Salinity, Practical [PSU]
1	14.61455	0.0000433	0.0564	0.0561	7.106314	0.00753
2	14.61429	0.0000680	0.0593	0.0590	7.106353	0.00755
3	14.61410	0.0000372	0.0496	0.0493	7.106383	0.00754
4	14.61423	-0.0001539	0.1086	0.1080	7.106692	0.00000
5	14.61442	-0.0004837	0.2560	0.2546	7.106662	0.00000
6	14.61436	0.0001728	0.4255	0.4232	7.106333	0.00778
7	14.61328	0.0001389	0.1272	0.1265	7.106504	0.00768
8	14.61264	0.0001482	0.0329	0.0328	7.106602	0.00771
9	14.61245	0.0001482	0.0329	0.0327	7.106631	0.00771
10	14.61264	0.0001574	0.0329	0.0327	7.106601	0.00773
11	14.61245	0.0001574	0.0359	0.0357	7.106630	0.00773
12	14.61264	0.0001667	0.0328	0.0326	7.106599	0.00776
13	14.61264	0.0001574	0.0359	0.0357	7.106601	0.00773
14	14.61277	0.0001574	0.0419	0.0417	7.106581	0.00773
15	14.61321	0.0001574	0.0389	0.0386	7.106512	0.00773
16	14.61385	0.0001636	0.0327	0.0326	7.106413	0.00775
17	14.61448	0.0001574	0.0328	0.0326	7.106315	0.00773
18	14.61506	0.0001482	0.0358	0.0356	7.106227	0.00771
19	14.61563	0.0001574	0.0388	0.0386	7.106138	0.00773
20	14.61645	0.0001482	0.0419	0.0417	7.106011	0.00771
21	14.61734	0.0001636	0.0358	0.0356	7.105871	0.00775
22	14.61741	0.0001759	0.0358	0.0356	7.105859	0.00779
23	14.61703	0.0001821	0.0297	0.0296	7.105918	0.00781
24	14.61690	0.0001790	0.0297	0.0296	7.105938	0.00780
25	14.61664	0.0001821	0.0327	0.0325	7.105977	0.00781
26	14.61652	0.0001728	0.0296	0.0294	7.105998	0.00778
27	14.61620	0.0001667	0.0327	0.0326	7.106048	0.00776
28	14.61499	0.0001574	0.0327	0.0325	7.106236	0.00773
29	14.61378	0.0001482	0.0357	0.0355	7.106424	0.00771
30	14.61245	0.0001574	0.0358	0.0356	7.106630	0.00773
31	14.61220	0.0001482	0.0327	0.0325	7.106671	0.00771
32	14.61213	0.0001482	0.0327	0.0325	7.106680	0.00771
33	14.61213	0.0001574	0.0327	0.0326	7.106679	0.00773
34	14.61200	0.0001636	0.0358	0.0356	7.106698	0.00775
35	14.61181	0.0001667	0.0357	0.0355	7.106727	0.00776
36	14.61169	0.0001728	0.0357	0.0355	7.106746	0.00778
37	14.61175	0.0001667	0.0357	0.0355	7.106737	0.00776
38	14.61156	0.0001667	0.0358	0.0356	7.106767	0.00776
39	14.61150	0.0001636	0.0296	0.0294	7.106777	0.00775
40	14.61124	0.0001667	0.0357	0.0355	7.106816	0.00776
41	14.61086	0.0001636	0.0358	0.0356	7.106876	0.00775
42	14.61080	0.0001574	0.0357	0.0355	7.106886	0.00773
43	14.61023	0.0001667	0.0327	0.0325	7.106974	0.00776
44	14.61042	0.0001790	0.0388	0.0386	7.106943	0.00779
45	14.61073	0.0001913	0.0418	0.0416	7.106892	0.00783
46	14.61080	0.0002129	0.0327	0.0325	7.106879	0.00790
47	14.61054	0.0002283	0.0296	0.0294	7.106916	0.00795
48	14.61073	0.0002376	0.0357	0.0355	7.106885	0.00798
49	14.61080	0.0002437	0.0325	0.0324	7.106874	0.00800
50	14.61086	0.0002376	0.0357	0.0355	7.106866	0.00798
51	14.61080	0.0002530	0.0357	0.0355	7.106873	0.00803
52	14.61099	0.0002499	0.0418	0.0416	7.106844	0.00802
53	14.61092	0.0002468	0.0388	0.0386	7.106854	0.00801
54	14.61061	0.0002499	0.0358	0.0356	7.106903	0.00802
55	14.61023	0.0002468	0.0327	0.0325	7.106963	0.00801
56	14.60997	0.0002468	0.0388	0.0386	7.107002	0.00801
57	14.60965	0.0002499	0.0419	0.0416	7.107051	0.00802
58	14.60978	0.0002622	0.0297	0.0295	7.107029	0.00807
59	14.60972	0.0002499	0.0357	0.0355	7.107041	0.00802
60	14.60965	0.0002530	0.0296	0.0294	7.107050	0.00803
61	14.60959	0.0002468	0.0358	0.0356	7.107061	0.00801
62	14.60959	0.0002499	0.0297	0.0295	7.107061	0.00802
63	14.60953	0.0002376	0.0297	0.0295	7.107072	0.00798
64	14.60946	0.0002283	0.0297	0.0295	7.107084	0.00795
65	14.60946	0.0002283	0.0387	0.0384	7.107084	0.00795
66	14.60946	0.0002098	0.0419	0.0416	7.107086	0.00789
67	14.60934	0.0002191	0.0357	0.0355	7.107105	0.00792
68	14.60908	0.0002098	0.0296	0.0294	7.107145	0.00789
69	14.60889	0.0002036	0.0387	0.0385	7.107176	0.00787
70	14.60876	0.0002098	0.0479	0.0476	7.107195	0.00789
71	14.60857	0.0001913	0.0357	0.0355	7.107227	0.00783
72	14.60864	0.0001975	0.0296	0.0294	7.107216	0.00785
73	14.60819	0.0002006	0.0387	0.0385	7.107285	0.00786
74	14.60788	0.0001975	0.0326	0.0324	7.107334	0.00785
75	14.60775	0.0002006	0.0357	0.0355	7.107353	0.00786
76	14.60762	0.0002006	0.0357	0.0355	7.107373	0.00786
77	14.60578	0.0002036	0.0418	0.0416	7.107658	0.00787
78	14.13286	0.0004040	0.0510	0.0507	7.181632	0.00840
79	13.02369	0.0004133	0.0570	0.0567	7.360635	0.00797
80	12.17771	0.0013107	0.0783	0.0779	7.502298	0.01214
81	11.63121	1.4416604	0.1393	0.1385	7.066457	11.53690
82	11.19440	2.9871457	0.2153	0.2141	6.520355	25.87272
83	10.97252	3.0178835	0.2670	0.2655	6.533571	26.32467
84	10.92334	3.0320955	0.3065	0.3048	6.533541	26.49693
85	10.88031	3.0402908	0.3735	0.3715	6.535188	26.60713
86	10.76686	3.0593051	0.4344	0.4320	6.540520	26.87386
87	10.63775	3.0719312	0.4891	0.4865	6.550160	27.09173
88	10.57034	3.0773416	0.5744	0.5713	6.555664	27.19451
89	10.57330	3.0855456	0.7388	0.7347	6.552010	27.27232
90	10.64926	3.0921423	0.9731	0.9678	6.540711	27.27989
91	10.81567	3.0947750	1.0735	1.0676	6.520802	27.18172
92	10.96218	3.1004933	1.1161	1.1100	6.502004	27.12872
93	11.02390	3.1038183	1.1374	1.1311	6.493751	27.11530
94	11.03887	3.1065239	1.1710	1.1646	6.491002	27.13036
95	11.04705	3.1096058	1.1952	1.1886	6.488869	27.15405
96	11.05972	3.1114394	1.2104	1.2038	6.486726	27.16238
97	11.06883	3.1099194	1.2166	1.2099	6.486305	27.14101
98	11.07846	3.1150155	1.2195	1.2128	6.483219	27.18304
99	11.09472	3.1208849	1.2196	1.2129	6.479090	27.22761
100	11.10966	3.1255932	1.2227	1.2159	6.475570	27.26193
101	11.10366	3.1286639	1.2165	1.2098	6.475032	27.29598
102	11.06693	3.1301815	1.2196	1.2129	6.478534	27.33786
103	11.01780	3.1305706	1.2104	1.2038	6.483867	27.37814
104	10.91938	3.1306456	1.2074	1.2008	6.494849	27.45227
105	10.79180	3.1317943	1.2075	1.2008	6.508703	27.55906
106	10.70830	3.1346274	1.2165	1.2098	6.516956	27.64957
107	10.65775	3.1373685	1.2196	1.2129	6.521543	27.71455
108	10.61513	3.1388631	1.2226	1.2159	6.525741	27.76149
109	10.57295	3.1388326	1.2226	1.2159	6.530508	27.79326
110	10.53656	3.1384749	1.2195	1.2128	6.534758	27.81747
111	10.49561	3.1388087	1.2227	1.2159	6.539248	27.85198
112	10.44064	3.1400011	1.2165	1.2098	6.544978	27.90572
113	10.37720	3.1391063	1.2226	1.2159	6.552525	27.94556
114	10.31133	3.1377610	1.2257	1.2190	6.560546	27.98294
115	10.25171	3.1381506	1.2287	1.2219	6.567158	28.03271
116	10.20752	3.1388055	1.2226	1.2159	6.571915	28.07333
117	10.17299	3.1383613	1.2165	1.2098	6.576027	28.09565
118	10.14587	3.1360959	1.2135	1.2069	6.580053	28.09423
119	10.12799	3.1344852	1.2226	1.2159	6.582759	28.09213
120	10.12799	3.1349666	1.2226	1.2159	6.582560	28.09690
121	10.13693	3.1373183	1.2287	1.2220	6.580568	28.11326
122	10.14666	3.1406896	1.2257	1.2189	6.578065	28.13911
123	10.15549	3.1429008	1.2318	1.2250	6.576146	28.15415
124	10.15887	3.1412639	1.2256	1.2189	6.576437	28.13532
125	10.14525	3.1367811	1.2225	1.2158	6.579841	28.10149
126	10.12726	3.1353801	1.2166	1.2099	6.582472	28.10156
127	10.10758	3.1350779	1.2195	1.2128	6.584842	28.11382
128	10.07893	3.1364423	1.2225	1.2158	6.587547	28.14959
129	10.05120	3.1396469	1.2288	1.2220	6.589382	28.20296
130	10.04256	3.1442179	1.2286	1.2218	6.588470	28.25510
131	10.05940	3.1467329	1.2225	1.2158	6.585505	28.26694
132	10.07725	3.1475486	1.2195	1.2128	6.583132	28.26111
133	10.06630	3.1394059	1.2196	1.2129	6.587759	28.18882
134	10.02854	3.1337704	1.2104	1.2038	6.594415	28.16225
135	9.98230	3.1336783	1.2196	1.2129	6.599744	28.19734
136	9.94418	3.1385859	1.2288	1.2220	6.602061	28.27595
137	9.94474	3.1519768	1.2378	1.2310	6.596404	28.40890
138	9.98583	3.1612645	1.2470	1.2402	6.587844	28.46910
139	9.99681	3.1631592	1.2439	1.2371	6.585804	28.47932
140	9.98174	3.1554033	1.2227	1.2160	6.590752	28.41396
141	9.95593	3.1475498	1.2256	1.2189	6.596974	28.35602
142	9.92270	3.1436816	1.2105	1.2038	6.602390	28.34355
143	9.89396	3.1426687	1.2105	1.2038	6.606104	28.35600
144	9.87385	3.1430829	1.2073	1.2007	6.608234	28.37593
145	9.86335	3.1436328	1.2135	1.2068	6.609207	28.38967
146	9.86039	3.1441333	1.2135	1.2068	6.609336	28.39700
147	9.86061	3.1448500	1.2256	1.2189	6.609010	28.40397
148	9.86212	3.1470377	1.2288	1.2220	6.607920	28.42463
149	9.86625	3.1524600	1.2378	1.2310	6.605173	28.47552
150	9.87519	3.1601822	1.2409	1.2341	6.600914	28.54558
151	9.89055	3.1652723	1.2378	1.2310	6.597028	28.58427
152	9.90782	3.1664491	1.2318	1.2251	6.594566	28.58235
153	9.92057	3.1624664	1.2195	1.2128	6.594778	28.53254
154	9.92521	3.1569323	1.2136	1.2069	6.596562	28.47368
155	9.92051	3.1528986	1.2136	1.2069	6.598785	28.43715
156	9.91291	3.1536595	1.2196	1.2129	6.599336	28.45072
157	9.90989	3.1616863	1.2318	1.2250	6.596323	28.53318
158	9.91783	3.1755983	1.2319	1.2251	6.589601	28.66575
159	9.93187	3.1819267	1.2348	1.2280	6.585361	28.71778
160	9.93640	3.1831557	1.2349	1.2281	6.584333	28.72644
161	9.94457	3.1806543	1.2257	1.2190	6.584449	28.69499
162	9.96007	3.1741157	1.2166	1.2099	6.585416	28.61749
163	9.96444	3.1736320	1.2105	1.2039	6.585121	28.60921
164	9.96461	3.1763855	1.2105	1.2038	6.583954	28.63653
165	9.97144	3.1823546	1.2195	1.2128	6.580690	28.69063
166	9.98986	3.1884272	1.2318	1.2250	6.576071	28.73654
167	10.01200	3.1918441	1.2441	1.2372	6.572144	28.75300
168	10.02506	3.1937768	1.2440	1.2372	6.569863	28.76188
169	10.03381	3.1951815	1.2379	1.2311	6.568290	28.76892
170	10.04296	3.1949639	1.2319	1.2251	6.567347	28.75949
171	10.05418	3.1925272	1.2198	1.2131	6.567090	28.72632
172	10.06203	3.1895757	1.2136	1.2069	6.567426	28.69073
173	10.06361	3.1901534	1.2137	1.2071	6.567009	28.69523
174	10.06473	3.1944788	1.2167	1.2100	6.565088	28.73737
175	10.07214	3.1995402	1.2195	1.2128	6.562153	28.78185
176	10.08556	3.2024017	1.2258	1.2190	6.559454	28.79966
177	10.09988	3.2040879	1.2319	1.2251	6.557142	28.80504
178	10.11230	3.2055255	1.2350	1.2283	6.555149	28.80946
179	10.12287	3.2065649	1.2411	1.2343	6.553530	28.81139
180	10.13209	3.2073616	1.2411	1.2343	6.552163	28.81198
181	10.14261	3.2072681	1.2319	1.2251	6.551018	28.80270
182	10.15482	3.2057366	1.2260	1.2193	6.550278	28.77780
183	10.16517	3.2041805	1.2198	1.2131	6.549755	28.75414
184	10.17170	3.2042987	1.2167	1.2101	6.548972	28.75013
185	10.17648	3.2061037	1.2167	1.2101	6.547690	28.76426
186	10.18296	3.2092228	1.2259	1.2191	6.545677	28.79007
187	10.19293	3.2121686	1.2351	1.2283	6.543345	28.81139
188	10.20498	3.2140998	1.2350	1.2283	6.541197	28.82098
189	10.21642	3.2148038	1.2320	1.2253	6.539625	28.81888
190	10.22566	3.2149283	1.2290	1.2222	6.538537	28.81278
191	10.23423	3.2122554	1.2290	1.2222	6.538675	28.77949
192	10.24094	3.2055552	1.2198	1.2131	6.540675	28.70779
193	10.23671	3.2039309	1.2229	1.2162	6.541818	28.69504
194	10.22679	3.2081202	1.2260	1.2193	6.541210	28.74440
195	10.22775	3.2137569	1.2352	1.2284	6.538785	28.79951
196	10.23795	3.2160001	1.2381	1.2313	6.536720	28.81365
197	10.24630	3.2164923	1.2352	1.2284	6.535583	28.81191
198	10.25245	3.2148346	1.2383	1.2314	6.535575	28.79061
199	10.25972	3.2128407	1.2322	1.2254	6.535578	28.76509
200	10.26650	3.2104488	1.2291	1.2223	6.535800	28.73605
201	10.27078	3.2088545	1.2200	1.2133	6.535973	28.71687
202	10.27259	3.2085494	1.2199	1.2132	6.535896	28.71243
203	10.27349	3.2109719	1.2231	1.2164	6.534802	28.73569
204	10.27795	3.2154512	1.2291	1.2224	6.532466	28.77651
205	10.28907	3.2178382	1.2231	1.2164	6.530243	28.79134
206	10.30088	3.2179316	1.2292	1.2224	6.528885	28.78291
207	10.31059	3.2150770	1.2353	1.2285	6.528967	28.74698
208	10.31681	3.2122234	1.2323	1.2256	6.529439	28.71384
209	10.31862	3.2125909	1.2323	1.2255	6.529086	28.71605
210	10.32093	3.2167658	1.2353	1.2285	6.527119	28.75550
211	10.32992	3.2200198	1.2354	1.2286	6.524784	28.78058
212	10.34196	3.2203003	1.2323	1.2255	6.523325	28.77382
213	10.35553	3.2168278	1.2233	1.2166	6.523227	28.72878
214	10.36498	3.2113072	1.2202	1.2135	6.524425	28.66680
215	10.36611	3.2089780	1.2172	1.2105	6.525249	28.64291
216	10.36057	3.2096506	1.2143	1.2076	6.525594	28.65392
217	10.35576	3.2124722	1.2294	1.2226	6.524980	28.68557
218	10.36102	3.2164600	1.2415	1.2347	6.522765	28.72081
219	10.37539	3.2191901	1.2477	1.2408	6.520046	28.73643
220	10.38767	3.2208797	1.2477	1.2408	6.517987	28.74341
221	10.40036	3.2202498	1.2416	1.2348	6.516829	28.72719
222	10.43117	3.2161476	1.2356	1.2288	6.515062	28.66244
223	10.46015	3.2112128	1.2265	1.2198	6.513836	28.59105
224	10.46656	3.2076321	1.2235	1.2168	6.514574	28.55077
225	10.45867	3.2062252	1.2265	1.2198	6.516026	28.54309
226	10.44699	3.2102663	1.2327	1.2259	6.515688	28.59205
227	10.45051	3.2159044	1.2388	1.2320	6.513005	28.64484
228	10.46945	3.2183600	1.2417	1.2349	6.509897	28.65414
229	10.47926	3.2187900	1.2358	1.2290	6.508630	28.65066
230	10.48908	3.2158105	1.2388	1.2320	6.508745	28.61362
231	10.50714	3.2117044	1.2267	1.2200	6.508398	28.55906
232	10.51446	3.2074759	1.2176	1.2109	6.509294	28.51175
233	10.50771	3.2062870	1.2146	1.2080	6.510529	28.50534
234	10.49504	3.2063742	1.2085	1.2019	6.511906	28.51610
235	10.48284	3.2079370	1.2207	1.2140	6.512634	28.54102
236	10.47717	3.2111130	1.2299	1.2231	6.511978	28.57672
237	10.48590	3.2147075	1.2359	1.2291	6.509546	28.60525
238	10.50435	3.2165769	1.2390	1.2322	6.506734	28.60918
239	10.51657	3.2169757	1.2420	1.2352	6.505213	28.60352
240	10.52418	3.2155048	1.2361	1.2293	6.504961	28.58309
241	10.52895	3.2129874	1.2330	1.2262	6.505449	28.55460
242	10.52810	3.2104772	1.2300	1.2232	6.506559	28.53059
243	10.52128	3.2092815	1.2240	1.2172	6.507803	28.52417
244	10.51117	3.2095619	1.2209	1.2142	6.508816	28.53484
245	10.50231	3.2110006	1.2331	1.2263	6.509221	28.55592
246	10.49885	3.2132993	1.2422	1.2354	6.508675	28.58124
247	10.50294	3.2155361	1.2544	1.2475	6.507314	28.60004
248	10.51191	3.2173497	1.2484	1.2415	6.505580	28.61085
249	10.52111	3.2184218	1.2485	1.2416	6.504122	28.61418
250	10.53435	3.2173183	1.2423	1.2355	6.503096	28.59295
251	10.55413	3.2137535	1.2332	1.2264	6.502337	28.54243
252	10.56528	3.2093683	1.2181	1.2114	6.502868	28.49066
253	10.55976	3.2053029	1.2273	1.2205	6.505124	28.45504
254	10.53696	3.2024032	1.2181	1.2114	6.508838	28.44433
255	10.49669	3.2032250	1.2273	1.2205	6.512999	28.48383
256	10.46100	3.2075388	1.2394	1.2326	6.515233	28.55420
257	10.45697	3.2117984	1.2395	1.2327	6.513952	28.59931
258	10.46752	3.2133307	1.2456	1.2388	6.512154	28.60612
259	10.47024	3.2133307	1.2456	1.2388	6.511850	28.60398
260	10.46814	3.2116737	1.2427	1.2359	6.512757	28.58931
261	10.46463	3.2098987	1.2365	1.2297	6.513870	28.57459
262	10.45913	3.2078438	1.2275	1.2208	6.515318	28.55867
263	10.45164	3.2054285	1.2153	1.2086	6.517135	28.54075
264	10.43962	3.2034745	1.2214	1.2147	6.519272	28.53092
265	10.41956	3.2031698	1.2245	1.2177	6.521639	28.54363
266	10.39526	3.2061325	1.2245	1.2178	6.523150	28.59191
267	10.38382	3.2104164	1.2459	1.2391	6.522682	28.64316
268	10.38982	3.2126525	1.2490	1.2421	6.521100	28.66050
269	10.39956	3.2126212	1.2459	1.2391	6.520025	28.65253
270	10.41253	3.2087970	1.2399	1.2331	6.520134	28.60461
271	10.42483	3.2054600	1.2399	1.2331	6.520118	28.56207
272	10.42579	3.2039600	1.2460	1.2391	6.520621	28.54652
273	10.42211	3.2062256	1.2369	1.2301	6.520111	28.57175
274	10.43242	3.2087656	1.2339	1.2271	6.517925	28.58869
275	10.46247	3.2094690	1.2248	1.2180	6.514284	28.57206
276	10.49028	3.2086094	1.2217	1.2150	6.511532	28.54182
277	10.50362	3.2063742	1.2218	1.2151	6.510950	28.50939
278	10.50055	3.2043638	1.2249	1.2182	6.512106	28.49201
279	10.48494	3.2039905	1.2219	1.2152	6.514000	28.50054
280	10.46780	3.2053661	1.2280	1.2212	6.515355	28.52748
281	10.45981	3.2065302	1.2401	1.2333	6.515776	28.54520
282	10.46202	3.2066796	1.2342	1.2274	6.515468	28.54494
283	10.46690	3.2075076	1.2433	1.2365	6.514587	28.54927
284	10.47251	3.2101103	1.2434	1.2366	6.512904	28.57049
285	10.48233	3.2121345	1.2464	1.2395	6.510988	28.58272
286	10.49743	3.2118852	1.2283	1.2215	6.509406	28.56845
287	10.51651	3.2076938	1.2191	1.2124	6.508977	28.51229
288	10.52600	3.2018807	1.2192	1.2125	6.510273	28.44774
289	10.51577	3.1962707	1.2253	1.2186	6.513686	28.40058
290	10.47671	3.1933805	1.2314	1.2246	6.519225	28.40257
291	10.42222	3.1964209	1.2436	1.2367	6.524088	28.47503
292	10.39617	3.2024669	1.2498	1.2429	6.524543	28.55503
293	10.39990	3.2049996	1.2467	1.2399	6.523092	28.57708
294	10.39600	3.2045453	1.2437	1.2368	6.523714	28.57566
295	10.38552	3.2012165	1.2376	1.2308	6.526243	28.55104
296	10.37828	3.1982558	1.2376	1.2308	6.528262	28.52752
297	10.37262	3.1975531	1.2408	1.2339	6.529183	28.52502
298	10.36837	3.1986228	1.2286	1.2219	6.529222	28.53890
299	10.37222	3.1992012	1.2287	1.2220	6.528555	28.54159
300	10.38292	3.1991389	1.2287	1.2219	6.527382	28.53259
301	10.39147	3.2001775	1.2438	1.2370	6.526002	28.53613
302	10.39968	3.2020687	1.2409	1.2341	6.524312	28.54835
303	10.41797	3.2032009	1.2409	1.2341	6.521804	28.54517
304	10.44206	3.2027713	1.2348	1.2280	6.519286	28.52208
305	10.45941	3.2009357	1.2380	1.2312	6.518092	28.49043
306	10.46304	3.1989266	1.2350	1.2282	6.518503	28.46781
307	10.45396	3.1978881	1.2350	1.2283	6.519939	28.46468
308	10.43820	3.1985288	1.2350	1.2283	6.521442	28.48330
309	10.42624	3.2002331	1.2443	1.2375	6.522087	28.50944
310	10.42562	3.2021617	1.2413	1.2344	6.521372	28.52894
311	10.43463	3.2032318	1.2382	1.2314	6.519929	28.53243
312	10.44574	3.2024975	1.2382	1.2314	6.518985	28.51649
313	10.45362	3.1993496	1.2352	1.2284	6.519383	28.47933
314	10.45107	3.1958113	1.2323	1.2255	6.521107	28.44649
315	10.43304	3.1944128	1.2414	1.2346	6.523693	28.44679
316	10.40857	3.1962097	1.2383	1.2315	6.525703	28.48362
317	10.39651	3.1994435	1.2476	1.2407	6.525737	28.52494
318	10.40024	3.2016705	1.2415	1.2347	6.524411	28.54398
319	10.40494	3.2014278	1.2476	1.2407	6.523984	28.53790
320	10.40812	3.1981311	1.2415	1.2346	6.524971	28.50292
321	10.40704	3.1946990	1.2354	1.2286	6.526490	28.46993
322	10.39860	3.1926790	1.2386	1.2318	6.528259	28.45661
323	10.38422	3.1929216	1.2447	1.2379	6.529772	28.47024
324	10.37205	3.1952651	1.2448	1.2380	6.530180	28.50288
325	10.37154	3.1977957	1.2448	1.2380	6.529205	28.52825
326	10.37749	3.1996552	1.2388	1.2320	6.527780	28.54194
327	10.38099	3.2000843	1.2388	1.2320	6.527212	28.54343
328	10.38535	3.1973416	1.2297	1.2230	6.527842	28.51296
329	10.39096	3.1936549	1.2206	1.2139	6.528717	28.47222
330	10.38926	3.1904296	1.2207	1.2140	6.530223	28.44174
331	10.37664	3.1887213	1.2268	1.2201	6.532336	28.43476
332	10.35542	3.1892434	1.2420	1.2351	6.534505	28.45648
333	10.33636	3.1929842	1.2512	1.2444	6.535116	28.50833
334	10.33557	3.1967327	1.2511	1.2443	6.533672	28.54597
335	10.34021	3.1991393	1.2512	1.2443	6.532169	28.56610
336	10.35203	3.1985608	1.2452	1.2383	6.531080	28.55111
337	10.39741	3.1936548	1.2361	1.2293	6.527994	28.46716
338	10.43112	3.1891494	1.2300	1.2232	6.526050	28.39646
339	10.43611	3.1871244	1.2301	1.2234	6.526315	28.37264
340	10.42755	3.1873543	1.2270	1.2203	6.527181	28.38157
341	10.42177	3.1898764	1.2363	1.2295	6.526803	28.41091
342	10.43452	3.1922498	1.2424	1.2356	6.524408	28.42434
343	10.45827	3.1931321	1.2454	1.2386	6.521389	28.41449
344	10.47246	3.1927715	1.2517	1.2448	6.519949	28.39989
345	10.47694	3.1924048	1.2456	1.2387	6.519596	28.39279
346	10.47705	3.1924669	1.2456	1.2388	6.519558	28.39332
347	10.47694	3.1925788	1.2456	1.2388	6.519525	28.39451
348	10.47779	3.1923426	1.2548	1.2479	6.519526	28.39152
349	10.47898	3.1914602	1.2548	1.2479	6.519751	28.38191
350	10.47881	3.1907270	1.2427	1.2359	6.520067	28.37483
351	10.47637	3.1908823	1.2397	1.2329	6.520277	28.37826
352	10.47399	3.1910936	1.2366	1.2298	6.520458	28.38220
353	10.47291	3.1900001	1.2246	1.2179	6.521023	28.37228
354	10.47070	3.1875402	1.2276	1.2209	6.522269	28.34981
355	10.46276	3.1858697	1.2277	1.2210	6.523838	28.33955
356	10.44699	3.1864163	1.2368	1.2300	6.525383	28.35719
357	10.43168	3.1891494	1.2552	1.2483	6.525987	28.39601
358	10.42726	3.1919765	1.2582	1.2512	6.525332	28.42730
359	10.42964	3.1931635	1.2583	1.2514	6.524583	28.43713
360	10.43355	3.1911251	1.2493	1.2424	6.524974	28.41401
361	10.43656	3.1875095	1.2492	1.2423	6.526108	28.37607
362	10.43389	3.1845040	1.2401	1.2333	6.527629	28.34855
363	10.42318	3.1834424	1.2372	1.2304	6.529263	28.34644
364	10.40919	3.1838523	1.2372	1.2304	6.530667	28.36137
365	10.39888	3.1849576	1.2433	1.2365	6.531374	28.38028
366	10.39713	3.1865659	1.2495	1.2426	6.530915	28.39750
367	10.40313	3.1881185	1.2435	1.2366	6.529609	28.40812
368	10.41015	3.1891807	1.2496	1.2427	6.528389	28.41311
369	10.41457	3.1889384	1.2465	1.2397	6.527992	28.40728
370	10.42035	3.1866899	1.2345	1.2277	6.528259	28.38063
371	10.42477	3.1839825	1.2345	1.2277	6.528865	28.35052
372	10.42177	3.1820148	1.2375	1.2307	6.530003	28.33348
373	10.41049	3.1823811	1.2437	1.2368	6.531120	28.34586
374	10.39962	3.1848955	1.2406	1.2338	6.531316	28.37910
375	10.39905	3.1868081	1.2437	1.2369	6.530601	28.39839
376	10.40206	3.1870192	1.2408	1.2339	6.530178	28.39813
377	10.40285	3.1849575	1.2439	1.2370	6.530929	28.37720
378	10.40081	3.1830764	1.2499	1.2430	6.531924	28.36025
379	10.39515	3.1829585	1.2501	1.2432	6.532608	28.36349
380	10.39028	3.1843492	1.2501	1.2432	6.532588	28.38099
381	10.39011	3.1858704	1.2501	1.2432	6.531987	28.39612
382	10.39469	3.1858704	1.2501	1.2432	6.531472	28.39255
383	10.40070	3.1843491	1.2411	1.2343	6.531418	28.37288
384	10.40409	3.1823811	1.2351	1.2283	6.531839	28.35084
385	10.40217	3.1811957	1.2381	1.2313	6.532538	28.34066
386	10.39679	3.1812640	1.2351	1.2283	6.533115	28.34552
387	10.39141	3.1819220	1.2381	1.2313	6.533451	28.35619
388	10.38994	3.1824061	1.2382	1.2314	6.533419	28.36211
389	10.39147	3.1822882	1.2535	1.2466	6.533295	28.35975
390	10.39379	3.1822261	1.2504	1.2436	6.533060	28.35734
391	10.39543	3.1831075	1.2566	1.2497	6.532516	28.36474
392	10.39792	3.1847775	1.2567	1.2498	6.531555	28.37926
393	10.40200	3.1853301	1.2506	1.2437	6.530872	28.38153
394	10.40817	3.1835916	1.2417	1.2348	6.530888	28.35959
395	10.41395	3.1806805	1.2415	1.2347	6.531425	28.32642
396	10.41378	3.1784963	1.2386	1.2318	6.532333	28.30504
397	10.40574	3.1781675	1.2387	1.2319	6.533371	28.30806
398	10.39566	3.1796195	1.2387	1.2319	6.533912	28.33020
399	10.39277	3.1815620	1.2449	1.2381	6.533445	28.35159
400	10.39668	3.1828592	1.2448	1.2380	6.532477	28.36133
401	10.39973	3.1823502	1.2479	1.2411	6.532341	28.35393
402	10.40183	3.1797436	1.2450	1.2381	6.533168	28.32662
403	10.40075	3.1772867	1.2419	1.2350	6.534290	28.30325
404	10.39401	3.1762881	1.2419	1.2350	6.535455	28.29865
405	10.38433	3.1774978	1.2572	1.2503	6.536051	28.31809
406	10.37918	3.1802278	1.2604	1.2535	6.535516	28.34901
407	10.38162	3.1825738	1.2635	1.2565	6.534286	28.37024
408	10.38665	3.1818351	1.2514	1.2445	6.534021	28.35904
409	10.39651	3.1778947	1.2482	1.2414	6.534520	28.31254
410	10.40273	3.1745638	1.2423	1.2355	6.535177	28.27489
411	10.39832	3.1734787	1.2484	1.2415	6.536117	28.26763
412	10.38915	3.1745020	1.2485	1.2416	6.536731	28.28484
413	10.38767	3.1770759	1.2516	1.2447	6.535847	28.31134
414	10.39843	3.1792782	1.2485	1.2417	6.533740	28.32468
415	10.40608	3.1799235	1.2456	1.2388	6.532618	28.32509
416	10.41491	3.1770756	1.2394	1.2326	6.532785	28.29017
417	10.42086	3.1736583	1.2426	1.2357	6.533508	28.25191
418	10.41752	3.1719347	1.2426	1.2357	6.534586	28.23754
419	10.40823	3.1725114	1.2397	1.2328	6.535396	28.25042
420	10.40432	3.1741669	1.2429	1.2360	6.535161	28.26975
421	10.41276	3.1746567	1.2519	1.2450	6.534012	28.26802
422	10.42205	3.1741730	1.2640	1.2571	6.533165	28.25605
423	10.42369	3.1744768	1.2703	1.2633	6.532856	28.25776
424	10.42211	3.1763498	1.2672	1.2603	6.532272	28.27743
425	10.42301	3.1782542	1.2642	1.2573	6.531395	28.29548
426	10.43112	3.1770382	1.2491	1.2422	6.530979	28.27722
427	10.44364	3.1734782	1.2308	1.2241	6.531019	28.23248
428	10.44569	3.1699385	1.2126	1.2060	6.532229	28.19609
429	10.43253	3.1661092	1.2157	1.2090	6.535267	28.16860
430	10.39339	3.1627030	1.2250	1.2182	6.541065	28.16534
431	10.32037	3.1609329	1.2524	1.2455	6.550032	28.20445
432	10.24568	3.1637821	1.2615	1.2546	6.557307	28.29063
433	10.21129	3.1690980	1.2676	1.2606	6.559011	28.37004
434	10.21360	3.1725134	1.2768	1.2698	6.557344	28.40204
435	10.21850	3.1743859	1.2708	1.2638	6.556019	28.41674
436	10.25984	3.1722091	1.2557	1.2488	6.552245	28.36291
437	10.29975	3.1660486	1.2404	1.2336	6.550265	28.27095
438	10.30280	3.1607288	1.2374	1.2306	6.552101	28.21607
439	10.30331	3.1551588	1.2253	1.2186	6.554326	28.16071
440	10.30523	3.1512558	1.2375	1.2307	6.555708	28.12071
441	10.32257	3.1508351	1.2467	1.2398	6.553917	28.10315
442	10.32534	3.1563898	1.2529	1.2460	6.551329	28.15578
443	10.32862	3.1638432	1.2621	1.2552	6.547908	28.22675
444	10.32562	3.1671635	1.2560	1.2491	6.546888	28.26183
445	10.31556	3.1652679	1.2378	1.2310	6.548799	28.25095
446	10.32675	3.1592428	1.2378	1.2310	6.550002	28.18283
447	10.33795	3.1543480	1.2318	1.2250	6.550739	28.12591
448	10.34270	3.1520717	1.2410	1.2342	6.551133	28.09980
449	10.35655	3.1538343	1.2378	1.2310	6.548846	28.10647
450	10.37109	3.1593971	1.2471	1.2402	6.544931	28.15003
451	10.37930	3.1630686	1.2503	1.2434	6.542506	28.17984
452	10.37805	3.1635206	1.2533	1.2464	6.542462	28.18526
453	10.37364	3.1612729	1.2595	1.2525	6.543878	28.16653
454	10.37301	3.1590010	1.2534	1.2465	6.544875	28.14463
455	10.37579	3.1585553	1.2596	1.2527	6.544744	28.13810
456	10.37754	3.1597252	1.2536	1.2467	6.544069	28.14827
457	10.37647	3.1609881	1.2535	1.2467	6.543675	28.16154
458	10.37330	3.1610810	1.2445	1.2376	6.543994	28.16491
459	10.37007	3.1600843	1.2415	1.2346	6.544765	28.15759
460	10.36826	3.1585554	1.2415	1.2347	6.545594	28.14392
461	10.36934	3.1569587	1.2385	1.2317	6.546125	28.12737
462	10.37613	3.1558757	1.2447	1.2378	6.545800	28.11145
463	10.39084	3.1563830	1.2478	1.2410	6.543931	28.10508
464	10.40715	3.1592420	1.2509	1.2440	6.540925	28.12063
465	10.41389	3.1634584	1.2631	1.2562	6.538447	28.15691
466	10.40891	3.1661714	1.2631	1.2562	6.537903	28.18747
467	10.39798	3.1655954	1.2571	1.2502	6.539369	28.19026
468	10.39367	3.1616194	1.2572	1.2503	6.541476	28.15444
469	10.40098	3.1579794	1.2480	1.2412	6.542136	28.11297
470	10.40636	3.1559682	1.2450	1.2382	6.542349	28.08903
471	10.40981	3.1565993	1.2451	1.2383	6.541701	28.09258
472	10.41406	3.1583692	1.2421	1.2353	6.540501	28.10671
473	10.41758	3.1596814	1.2421	1.2353	6.539570	28.11691
474	10.41973	3.1596938	1.2362	1.2294	6.539322	28.11537
475	10.41990	3.1586105	1.2483	1.2414	6.539745	28.10458
476	10.42001	3.1583135	1.2514	1.2446	6.539853	28.10157
477	10.42137	3.1604490	1.2575	1.2506	6.538830	28.12153
478	10.42137	3.1632725	1.2607	1.2537	6.537680	28.14930
479	10.41820	3.1650253	1.2607	1.2537	6.537323	28.16900
480	10.41338	3.1640281	1.2607	1.2538	6.538272	28.16291
481	10.41112	3.1604801	1.2577	1.2508	6.539973	28.12975
482	10.41140	3.1574100	1.2547	1.2478	6.541192	28.09933
483	10.41225	3.1562961	1.2518	1.2449	6.541550	28.08771
484	10.41525	3.1583197	1.2488	1.2419	6.540387	28.10531
485	10.41746	3.1611424	1.2518	1.2449	6.538988	28.13137
486	10.41582	3.1622817	1.2366	1.2298	6.538709	28.14386
487	10.41214	3.1611115	1.2337	1.2269	6.539601	28.13519
488	10.41015	3.1582826	1.2338	1.2270	6.540977	28.10888
489	10.41236	3.1562528	1.2429	1.2361	6.541555	28.08720
490	10.41752	3.1563889	1.2461	1.2393	6.540918	28.08457
491	10.42335	3.1590005	1.2582	1.2513	6.539196	28.10575
492	10.42454	3.1622259	1.2766	1.2696	6.537749	28.13655
493	10.42029	3.1643935	1.2736	1.2666	6.537345	28.16116
494	10.41372	3.1646103	1.2706	1.2636	6.537997	28.16838
495	10.41078	3.1627648	1.2736	1.2666	6.539081	28.15249
496	10.41452	3.1599043	1.2615	1.2545	6.539825	28.12146
497	10.41950	3.1573480	1.2524	1.2455	6.540304	28.09247
498	10.42041	3.1557268	1.2555	1.2486	6.540862	28.07582
499	10.41961	3.1562527	1.2557	1.2488	6.540737	28.08161
500	10.42046	3.1592109	1.2587	1.2517	6.539436	28.11005
501	10.42324	3.1624055	1.2496	1.2427	6.537822	28.13933
502	10.42522	3.1633344	1.2496	1.2427	6.537220	28.14694
503	10.42681	3.1593656	1.2437	1.2369	6.538658	28.10668
504	10.42777	3.1540377	1.2406	1.2338	6.540718	28.05354
505	10.42704	3.1502961	1.2467	1.2399	6.542325	28.01732
506	10.43905	3.1490347	1.2589	1.2520	6.541482	27.99568
507	10.46043	3.1517365	1.2804	1.2733	6.537970	28.00580
508	10.47484	3.1576507	1.2774	1.2703	6.533943	28.05281
509	10.47552	3.1617115	1.2773	1.2703	6.532217	28.09217
510	10.47036	3.1636683	1.2623	1.2553	6.532003	28.11538
511	10.47416	3.1607147	1.2470	1.2402	6.532775	28.08344
512	10.48363	3.1542846	1.2288	1.2220	6.534318	28.01301
513	10.48817	3.1486447	1.2107	1.2041	6.536095	27.95417
514	10.49561	3.1433730	1.2137	1.2071	6.537396	27.89676
515	10.51480	3.1403894	1.2168	1.2101	6.536439	27.85283
516	10.53992	3.1383267	1.2259	1.2191	6.534440	27.81346
517	10.55936	3.1371658	1.2413	1.2344	6.532716	27.78728
518	10.56971	3.1382955	1.2413	1.2345	6.531091	27.79046
519	10.57386	3.1441816	1.2413	1.2345	6.528243	27.84491
520	10.57284	3.1510428	1.2384	1.2316	6.525586	27.91287
521	10.56954	3.1565049	1.2535	1.2466	6.523750	27.96888
522	10.56454	3.1624412	1.2414	1.2346	6.521912	28.03088
523	10.55822	3.1652345	1.2293	1.2225	6.521492	28.06311
524	10.55453	3.1610172	1.2233	1.2166	6.523612	28.02462
525	10.55487	3.1523045	1.2172	1.2105	6.527098	27.93898
526	10.55510	3.1470306	1.2234	1.2167	6.529206	27.88714
527	10.55754	3.1462210	1.2235	1.2168	6.529258	27.87734
528	10.56061	3.1483781	1.2326	1.2258	6.528039	27.89612
529	10.56311	3.1523044	1.2357	1.2289	6.526170	27.93266
530	10.56391	3.1551870	1.2358	1.2290	6.524915	27.96029
531	10.56238	3.1553974	1.2266	1.2198	6.525003	27.96353
532	10.55902	3.1538756	1.2236	1.2169	6.525995	27.95119
533	10.55646	3.1521561	1.2116	1.2050	6.526979	27.93631
534	10.55521	3.1513150	1.2116	1.2050	6.527460	27.92903
535	10.55458	3.1499052	1.2148	1.2081	6.528100	27.91569
536	10.55453	3.1475746	1.2178	1.2111	6.529050	27.89290
537	10.55515	3.1481371	1.2299	1.2232	6.528752	27.89793
538	10.55566	3.1478095	1.2331	1.2263	6.528827	27.89433
539	10.55601	3.1495775	1.2484	1.2415	6.528073	27.91138
540	10.55606	3.1539560	1.2546	1.2477	6.526296	27.95423
541	10.55515	3.1572352	1.2607	1.2538	6.525072	27.98706
542	10.55305	3.1568083	1.2485	1.2417	6.525481	27.98449
543	10.55055	3.1528427	1.2516	1.2447	6.527367	27.94755
544	10.54964	3.1477168	1.2456	1.2388	6.529543	27.89802
545	10.54998	3.1442436	1.2335	1.2267	6.530910	27.86374
546	10.55129	3.1444475	1.2305	1.2237	6.530680	27.86474
547	10.55339	3.1466104	1.2243	1.2176	6.529568	27.88433
548	10.55436	3.1483782	1.2244	1.2177	6.528744	27.90090
549	10.55356	3.1477786	1.2245	1.2178	6.529076	27.89564
550	10.55299	3.1471048	1.2337	1.2269	6.529413	27.88947
551	10.55294	3.1457390	1.2398	1.2330	6.529972	27.87613
552	10.55396	3.1459491	1.2397	1.2329	6.529772	27.87741
553	10.55498	3.1478095	1.2429	1.2361	6.528904	27.89485
554	10.55515	3.1528117	1.2460	1.2392	6.526861	27.94372
555	10.55367	3.1566969	1.2399	1.2331	6.525456	27.98293
556	10.55049	3.1562947	1.2401	1.2333	6.525977	27.98142
557	10.54833	3.1512842	1.2339	1.2271	6.528247	27.93398
558	10.54742	3.1472347	1.2310	1.2243	6.529988	27.89500
559	10.54606	3.1460295	1.2311	1.2243	6.530629	27.88424
560	10.54435	3.1471791	1.2341	1.2273	6.530356	27.89680
561	10.54304	3.1476241	1.2311	1.2244	6.530323	27.90216
562	10.54236	3.1339996	1.2342	1.2274	6.535916	27.76922
563	10.54083	3.1129833	1.2403	1.2335	6.544601	27.56467
564	10.55112	3.1061845	1.2617	1.2548	6.546187	27.49041
565	10.55999	3.1080727	1.3470	1.3396	6.544417	27.50216
566	10.56806	3.1083987	1.4930	1.4848	6.543372	27.49921
567	10.55566	3.1057110	1.6483	1.6392	6.545868	27.48221
568	10.48948	3.1025021	1.8005	1.7906	6.554694	27.50061
569	10.40806	3.1057802	1.9771	1.9663	6.562633	27.59421
570	10.37545	3.0963460	2.1933	2.1812	6.570209	27.52618
571	10.23564	3.0949409	2.3759	2.3629	6.586787	27.61828
572	10.11365	3.0972948	2.5738	2.5596	6.599821	27.73448
573	10.07910	3.0972338	2.7962	2.7808	6.603822	27.76024
574	10.06394	3.0945866	3.0000	2.9835	6.606669	27.74556
575	10.00617	3.0943784	3.2131	3.1955	6.613415	27.78772
576	9.94490	3.0905969	3.4172	3.3984	6.622068	27.79717
577	9.87122	3.0979734	3.6241	3.6042	6.627497	27.92728
578	9.92247	3.0982924	3.8434	3.8222	6.621447	27.89078
579	9.99239	3.0979723	4.0716	4.0492	6.613520	27.83365
580	10.01626	3.0928250	4.3061	4.2824	6.612916	27.76415
581	9.95772	3.0925862	4.5344	4.5094	6.619774	27.80665
582	9.89323	3.0891616	4.7475	4.7213	6.628665	27.82214
583	9.79216	3.0862725	4.9605	4.9332	6.641597	27.87125
584	9.66291	3.0846482	5.1708	5.1423	6.657316	27.95507
585	9.56443	3.0845327	5.3746	5.3450	6.668852	28.03049
586	9.50652	3.0837666	5.5817	5.5510	6.675949	28.06794
587	9.48804	3.0833069	5.7887	5.7568	6.678310	28.07769
588	9.49833	3.0831290	6.0018	5.9687	6.677187	28.06777
589	9.52627	3.0827792	6.2087	6.1745	6.674072	28.04233
590	9.54261	3.0781319	6.4097	6.3744	6.674152	27.98283
591	9.49147	3.0775073	6.6137	6.5772	6.680407	28.01635
592	9.37788	3.0767609	6.8207	6.7831	6.694053	28.09763
593	9.19337	3.0742813	7.0278	6.9890	6.716855	28.21771
594	9.00738	3.0727089	7.2438	7.2038	6.739551	28.34915
595	8.85060	3.0720981	7.4448	7.4038	6.758454	28.46807
596	8.72795	3.0715114	7.6548	7.6127	6.773343	28.56055
597	8.63478	3.0711940	7.8588	7.8155	6.784628	28.63243
598	8.55996	3.0711091	8.0627	8.0183	6.793632	28.69210
599	8.50513	3.0708770	8.2699	8.2243	6.800319	28.73418
600	8.46977	3.0705834	8.4767	8.4300	6.804703	28.75986
601	8.44720	3.0705286	8.6839	8.6360	6.807445	28.77760
602	8.43105	3.0704431	8.8908	8.8417	6.809430	28.78981
603	8.42125	3.0706515	9.0918	9.0416	6.810517	28.79989
604	8.41528	3.0705842	9.2987	9.2474	6.811270	28.80398
605	8.41184	3.0704680	9.5028	9.4503	6.811741	28.80551
606	8.40947	3.0702231	9.6975	9.6440	6.812141	28.80482
607	8.40705	3.0705600	9.9198	9.8651	6.812283	28.81020
608	8.40226	3.0721585	10.1207	10.0649	6.812137	28.83061
609	8.39408	3.0730651	10.3309	10.2739	6.812713	28.84661
610	8.38247	3.0738494	10.5378	10.4797	6.813759	28.86417
611	8.36264	3.0742601	10.7509	10.6915	6.815963	28.88460
612	8.33594	3.0745545	10.9700	10.9095	6.819048	28.90947
613	8.31017	3.0748060	11.1741	11.1124	6.822043	28.93317
614	8.28426	3.0753699	11.3750	11.3122	6.824913	28.96026
615	8.24684	3.0764427	11.5881	11.5241	6.828940	29.00217
616	8.18762	3.0775893	11.7861	11.7210	6.835568	29.06296
617	8.11931	3.0775349	11.9930	11.9268	6.843857	29.11891
618	8.06225	3.0764753	12.1879	12.1206	6.851259	29.15514
619	8.01412	3.0755200	12.3888	12.3204	6.857542	29.18511
620	7.96983	3.0753367	12.5989	12.5293	6.863010	29.22004
621	7.92850	3.0757232	12.8120	12.7412	6.867857	29.25854
622	7.90013	3.0774455	13.0190	12.9471	6.870509	29.30033
623	7.88632	3.0783589	13.2352	13.1621	6.871767	29.32143
624	7.87251	3.0785552	13.4391	13.3648	6.873359	29.33499
625	7.84195	3.0831723	13.6523	13.5769	6.874924	29.40925
626	7.78222	3.0838538	13.8562	13.7796	6.881880	29.46672
627	7.70560	3.0846152	14.0723	13.9945	6.890867	29.53950
628	7.63245	3.0871927	14.2701	14.1912	6.898585	29.62887
629	7.57339	3.0891877	14.4864	14.4063	6.904861	29.70031
630	7.53358	3.0902132	14.6934	14.6121	6.909248	29.74517
631	7.50621	3.0903179	14.9035	14.8211	6.912551	29.76964
632	7.48854	3.0908031	15.1166	15.0330	6.914488	29.78986
633	7.47729	3.0916197	15.3205	15.2358	6.915481	29.80814
634	7.46978	3.0927987	15.5337	15.4477	6.915843	29.82707
635	7.46200	3.0941498	15.7437	15.6566	6.916155	29.84807
636	7.45359	3.0953107	15.9539	15.8656	6.916635	29.86759
637	7.44424	3.0961462	16.1699	16.0804	6.917385	29.88446
638	7.43379	3.0977375	16.3739	16.2833	6.917908	29.91036
639	7.41878	3.0983828	16.5809	16.4891	6.919443	29.93012
640	7.40377	3.0991450	16.7787	16.6859	6.920920	29.95113
641	7.38750	3.0998519	16.9888	16.8948	6.922578	29.97265
642	7.37392	3.0999381	17.2019	17.1067	6.924205	29.98522
643	7.36359	3.1001227	17.4059	17.3096	6.925387	29.99605
644	7.35269	3.0996804	17.6220	17.5245	6.926940	30.00066
645	7.33750	3.0989125	17.8627	17.7638	6.929177	30.00550
646	7.32079	3.0986792	18.0849	17.9847	6.931344	30.01738
647	7.30713	3.0986487	18.2857	18.1844	6.933040	30.02881
648	7.29624	3.0985751	18.4988	18.3963	6.934417	30.03738
649	7.28849	3.0979117	18.7028	18.5992	6.935691	30.03690
650	7.27787	3.0972360	18.9159	18.8111	6.937326	30.03878
651	7.26699	3.0974881	19.1350	19.0290	6.938546	30.05083
652	7.25863	3.0974698	19.3360	19.2289	6.939587	30.05782
653	7.24791	3.0977649	19.5401	19.4319	6.940767	30.07021
654	7.22800	3.0978880	19.7530	19.6436	6.943161	30.08876
655	7.20925	3.0984167	19.9632	19.8526	6.945217	30.11067
656	7.19228	3.0988839	20.1733	20.0615	6.947083	30.13039
657	7.17808	3.1005065	20.3802	20.2672	6.948049	30.16013
658	7.15983	3.1008570	20.5843	20.4702	6.950131	30.17976
659	7.14303	3.1020251	20.7974	20.6821	6.951637	30.20692
660	7.12484	3.1032487	21.0044	20.8879	6.953287	30.23594
661	7.10332	3.1040422	21.2176	21.1000	6.955557	30.26326
662	7.08390	3.1044851	21.4276	21.3087	6.957739	30.28499
663	7.07011	3.1050449	21.6346	21.5146	6.959171	30.30305
664	7.05944	3.1055739	21.8446	21.7234	6.960233	30.31805
665	7.05023	3.1057893	22.0486	21.9263	6.961267	30.32838
666	7.04290	3.1060478	22.2556	22.1322	6.962050	30.33753
667	7.03754	3.1064046	22.4596	22.3350	6.962541	30.34601
668	7.03224	3.1073519	22.6667	22.5409	6.962737	30.36083
669	7.02563	3.1081456	22.8707	22.7438	6.963167	30.37513
670	7.01638	3.1089701	23.0899	22.9618	6.963910	30.39211
671	7.00365	3.1100286	23.2968	23.1675	6.964967	30.41470
672	6.98526	3.1112472	23.5008	23.3704	6.966644	30.44404
673	6.95987	3.1151809	23.7047	23.5731	6.967853	30.50901
674	6.90737	3.1177001	23.9149	23.7821	6.973097	30.58284
675	6.84837	3.1189080	24.1280	23.9941	6.979792	30.64841
676	6.79907	3.1211387	24.3411	24.2060	6.984788	30.71663
677	6.75483	3.1230433	24.5481	24.4118	6.989320	30.77692
678	6.71704	3.1236662	24.7582	24.6207	6.993691	30.81756
679	6.69161	3.1241719	24.9682	24.8295	6.996592	30.84587
680	6.67486	3.1250043	25.1813	25.0415	6.998258	30.86996
681	6.65924	3.1258368	25.3883	25.2473	6.999782	30.89304
682	6.64471	3.1266816	25.6015	25.4592	7.001166	30.91530
683	6.63111	3.1284515	25.8054	25.6620	7.001972	30.94685
684	6.61243	3.1298826	26.0064	25.8619	7.003578	30.97933
685	6.59225	3.1310117	26.2134	26.0678	7.005518	31.00988
686	6.57353	3.1318757	26.4265	26.2796	7.007410	31.03624
687	6.55754	3.1322337	26.6335	26.4855	7.009218	31.05459
688	6.54598	3.1325301	26.8406	26.6914	7.010508	31.06825
689	6.53709	3.1327770	27.0598	26.9094	7.011491	31.07894
690	6.53036	3.1327710	27.2576	27.1060	7.012333	31.08490
691	6.52569	3.1328575	27.4708	27.3180	7.012874	31.09001
692	6.52142	3.1329810	27.6840	27.5301	7.013346	31.09514
693	6.51803	3.1331847	27.9063	27.7512	7.013669	31.10036
694	6.51459	3.1332774	28.1254	27.9690	7.014054	31.10441
695	6.51115	3.1335737	28.3537	28.1960	7.014337	31.11069
696	6.50776	3.1338700	28.5790	28.4201	7.014613	31.11693
697	6.50366	3.1340305	28.7861	28.6259	7.015047	31.12234
698	6.50017	3.1339627	28.9992	28.8378	7.015518	31.12468
699	6.49796	3.1339937	29.2062	29.0437	7.015781	31.12693
700	6.49657	3.1339938	29.4254	29.2617	7.015958	31.12810
701	6.49555	3.1340309	29.6324	29.4675	7.016071	31.12934
702	6.49488	3.1340494	29.8425	29.6764	7.016149	31.13006
703	6.49416	3.1340495	30.0555	29.8882	7.016242	31.13062
704	6.49354	3.1340249	30.2596	30.0911	7.016336	31.13081
705	6.49318	3.1345680	30.4727	30.3030	7.016112	31.13701
706	6.49118	3.1348890	30.6949	30.5240	7.016204	31.14226
707	6.48903	3.1344077	30.8958	30.7238	7.016717	31.13884
708	6.48882	3.1348583	31.1091	30.9358	7.016521	31.14388
709	6.48810	3.1348214	31.3190	31.1446	7.016633	31.14404
710	6.48739	3.1348585	31.5291	31.3535	7.016708	31.14500
711	6.48749	3.1348585	31.7332	31.5564	7.016700	31.14481
712	6.48692	3.1349450	31.9462	31.7683	7.016731	31.14618
713	6.48646	3.1349451	32.1565	31.9773	7.016792	31.14650
714	6.48605	3.1349760	32.3665	32.1861	7.016832	31.14712
715	6.48559	3.1350687	32.5826	32.4011	7.016848	31.14846
716	6.48446	3.1351983	32.7865	32.6038	7.016927	31.15082
717	6.48287	3.1352478	32.9937	32.8098	7.017104	31.15272
718	6.48169	3.1353651	33.1977	33.0126	7.017196	31.15499
719	6.48143	3.1353035	33.4138	33.2276	7.017263	31.15445
720	6.48143	3.1351986	33.6298	33.4424	7.017320	31.15320
721	6.48159	3.1351555	33.8401	33.6514	7.017327	31.15248
722	6.48138	3.1352790	34.0500	33.8602	7.017295	31.15393
723	6.48077	3.1352482	34.2631	34.0721	7.017392	31.15406
724	6.48025	3.1351372	34.4794	34.2871	7.017516	31.15320
725	6.48000	3.1351866	34.6864	34.4930	7.017527	31.15388
726	6.47989	3.1353039	34.8904	34.6957	7.017485	31.15517
727	6.47964	3.1352176	35.1035	34.9077	7.017565	31.15436
728	6.47938	3.1351683	35.3166	35.1196	7.017626	31.15395
729	6.47923	3.1351560	35.5266	35.3284	7.017656	31.15386
730	6.47918	3.1351869	35.7338	35.5344	7.017651	31.15415
731	6.47928	3.1351870	35.9437	35.7432	7.017643	31.15396
732	6.47933	3.1351994	36.1538	35.9520	7.017635	31.15395
733	6.47964	3.1351254	36.3579	36.1550	7.017638	31.15276
734	6.47984	3.1355760	36.5740	36.3699	7.017391	31.15743
735	6.47856	3.1369465	36.7811	36.5758	7.016865	31.17357
736	6.47533	3.1373416	36.9788	36.7724	7.017072	31.18078
737	6.47189	3.1379591	37.2012	36.9935	7.017192	31.19061
738	6.46620	3.1381383	37.4082	37.1993	7.017813	31.19768
739	6.46091	3.1398427	37.6215	37.4115	7.017616	31.22116
740	6.44743	3.1408434	37.8345	37.6232	7.018790	31.24442
741	6.43000	3.1418133	38.0477	37.8351	7.020468	31.27096
742	6.41304	3.1420236	38.2577	38.0440	7.022471	31.28873
743	6.40009	3.1420855	38.4679	38.2530	7.024053	31.30121
744	6.39153	3.1422278	38.6719	38.4558	7.025048	31.31053
745	6.38585	3.1423576	38.8880	38.6707	7.025692	31.31708
746	6.38191	3.1424133	39.1194	38.9008	7.026159	31.32121
747	6.37894	3.1426234	39.3203	39.1006	7.026426	31.32616
748	6.37592	3.1426112	39.5273	39.3063	7.026811	31.32871
749	6.37408	3.1427410	39.7465	39.5243	7.026979	31.33173
750	6.37203	3.1428337	39.9535	39.7302	7.027191	31.33454
751	6.37050	3.1428647	40.1637	39.9391	7.027371	31.33619
752	6.36927	3.1431119	40.3769	40.1511	7.027403	31.33995
753	6.36778	3.1431614	40.5930	40.3661	7.027567	31.34176
754	6.36651	3.1431924	40.7941	40.5660	7.027714	31.34318
755	6.36543	3.1433407	40.9980	40.7687	7.027777	31.34571
756	6.36436	3.1435817	41.2050	40.9745	7.027793	31.34926
757	6.36267	3.1438413	41.4151	41.1834	7.027876	31.35358
758	6.36062	3.1439711	41.6252	41.3923	7.028069	31.35680
759	6.35847	3.1441813	41.8322	41.5982	7.028234	31.36100
760	6.35597	3.1452256	42.0394	41.8042	7.028022	31.37474
761	6.35008	3.1477288	42.2493	42.0129	7.027490	31.40770
762	6.33873	3.1488479	42.4563	42.2187	7.028337	31.43043
763	6.32784	3.1491510	42.6694	42.4306	7.029541	31.44373
764	6.32043	3.1493305	42.8705	42.6305	7.030375	31.45246
765	6.31583	3.1494666	43.0836	42.8424	7.030881	31.45812
766	6.31307	3.1494791	43.2969	43.0545	7.031222	31.46070
767	6.31128	3.1495410	43.4947	43.2512	7.031418	31.46295
768	6.31010	3.1496585	43.7079	43.4631	7.031508	31.46523
769	6.30908	3.1497822	43.9119	43.6660	7.031577	31.46745
770	6.30847	3.1498503	44.1189	43.8718	7.031623	31.46867
771	6.30740	3.1498689	44.3258	44.0776	7.031751	31.46977
772	6.30648	3.1502585	44.5330	44.2835	7.031673	31.47483
773	6.30356	3.1502896	44.7401	44.4894	7.032023	31.47777
774	6.30081	3.1506236	44.9562	44.7043	7.032201	31.48392
775	6.29840	3.1511122	45.1632	44.9102	7.032256	31.49144
776	6.29570	3.1519409	45.3704	45.1162	7.032176	31.50302
777	6.29125	3.1542544	45.5834	45.3279	7.031558	31.53263
778	6.28135	3.1552135	45.7813	45.5248	7.032305	31.55233
779	6.27078	3.1559932	45.9914	45.7337	7.033225	31.57066
780	6.26062	3.1568040	46.2077	45.9487	7.034079	31.58897
781	6.24827	3.1584256	46.4057	46.1456	7.034792	31.61831
782	6.23205	3.1602334	46.6095	46.3482	7.035890	31.65335
783	6.21440	3.1615585	46.8226	46.5601	7.037410	31.68437
784	6.19427	3.1630759	47.0236	46.7600	7.039140	31.71990
785	6.16574	3.1642096	47.2337	46.9689	7.042108	31.75904
786	6.13627	3.1658081	47.4407	47.1747	7.044957	31.80430
787	6.10641	3.1664713	47.6417	47.3745	7.048332	31.83958
788	6.08384	3.1669239	47.8488	47.5804	7.050911	31.86571
789	6.06768	3.1674384	48.0499	47.7803	7.052661	31.88653
790	6.05427	3.1675935	48.2567	47.9860	7.054254	31.90078
791	6.04365	3.1679159	48.4547	48.1828	7.055413	31.91427
792	6.03441	3.1679470	48.6679	48.3948	7.056552	31.92321
793	6.02766	3.1679781	48.8749	48.6006	7.057381	31.92982
794	6.02350	3.1681022	49.0882	48.8127	7.057840	31.93503
795	6.02056	3.1681580	49.2981	49.0214	7.058182	31.93832
796	6.01858	3.1681024	49.5082	49.2303	7.058462	31.93947
797	6.01726	3.1684618	49.7061	49.4271	7.058445	31.94463
798	6.01513	3.1686726	49.9102	49.6300	7.058607	31.94889
799	6.01264	3.1687966	50.1081	49.8268	7.058857	31.95253
800	6.01081	3.1688525	50.3122	50.0297	7.059060	31.95477
801	6.00944	3.1688402	50.5220	50.2383	7.059241	31.95583
802	6.00812	3.1688527	50.7263	50.4415	7.059404	31.95711
803	6.00731	3.1688279	50.9303	50.6443	7.059522	31.95751
804	6.00675	3.1689457	51.1342	50.8470	7.059535	31.95925
805	6.00625	3.1689148	51.3383	51.0499	7.059619	31.95929
806	6.00589	3.1689769	51.5485	51.2589	7.059636	31.96021
807	6.00528	3.1690637	51.7463	51.4555	7.059671	31.96166
808	6.00462	3.1691877	51.9563	51.6644	7.059694	31.96357
809	6.00396	3.1693365	52.1604	51.8673	7.059704	31.96575
810	6.00244	3.1693676	52.3644	52.0701	7.059882	31.96744
811	5.99965	3.1694916	52.5775	52.2820	7.060170	31.97135
812	5.99696	3.1697644	52.7816	52.4849	7.060369	31.97684
813	5.99382	3.1700186	52.9825	52.6847	7.060634	31.98255
814	5.99002	3.1701241	53.1957	52.8967	7.061058	31.98722
815	5.98687	3.1703039	53.3967	53.0965	7.061361	31.99210
816	5.98464	3.1704590	53.6099	53.3084	7.061563	31.99584
817	5.98302	3.1706698	53.8107	53.5081	7.061661	31.99963
818	5.98124	3.1712092	54.0148	53.7111	7.061608	32.00724
819	5.97830	3.1714200	54.2188	53.9138	7.061870	32.01228
820	5.97531	3.1717239	54.4229	54.1168	7.062090	32.01840
821	5.97186	3.1719348	54.6298	54.3225	7.062415	32.02392
822	5.96822	3.1720279	54.8369	54.5284	7.062826	32.02831
823	5.96553	3.1722077	55.0470	54.7373	7.063073	32.03276
824	5.96320	3.1723628	55.2510	54.9401	7.063287	32.03661
825	5.96117	3.1724745	55.4583	55.1462	7.063487	32.03967
826	5.95924	3.1727536	55.6652	55.3519	7.063587	32.04452
827	5.95636	3.1732063	55.8692	55.5548	7.063717	32.05222
828	5.95225	3.1733304	56.0762	55.7606	7.064169	32.05739
829	5.94866	3.1733553	56.2863	55.9694	7.064609	32.06098
830	5.94638	3.1734174	56.4874	56.1694	7.064865	32.06373
831	5.94511	3.1734299	56.6914	56.3722	7.065021	32.06497
832	5.94415	3.1734795	56.9015	56.5811	7.065120	32.06634
833	5.94359	3.1734486	57.1086	56.7870	7.065210	32.06642
834	5.94303	3.1734797	57.3156	56.9928	7.065268	32.06720
835	5.94278	3.1735107	57.5257	57.2017	7.065288	32.06769
836	5.94268	3.1735418	57.7206	57.3955	7.065289	32.06803
837	5.94217	3.1736535	57.9247	57.5984	7.065299	32.06967
838	5.94106	3.1736908	58.1256	57.7981	7.065423	32.07104
839	5.94025	3.1736598	58.3328	58.0041	7.065544	32.07136
840	5.93964	3.1737839	58.5396	58.2098	7.065560	32.07323
841	5.93888	3.1739328	58.7407	58.4097	7.065582	32.07552
842	5.93792	3.1739329	58.9508	58.6186	7.065707	32.07633
843	5.93685	3.1739144	59.1639	58.8305	7.065854	32.07703
844	5.93624	3.1739330	59.3802	59.0454	7.065925	32.07771
845	5.93579	3.1739021	59.5751	59.2392	7.066002	32.07770
846	5.93543	3.1739642	59.7821	59.4451	7.066018	32.07863
847	5.93538	3.1742061	59.9862	59.6480	7.065904	32.08129
848	5.93250	3.1744480	60.1872	59.8478	7.066143	32.08664
849	5.92824	3.1745969	60.3882	60.0476	7.066600	32.09224
850	5.92404	3.1746777	60.5891	60.2474	7.067087	32.09703
851	5.92131	3.1746281	60.7902	60.4473	7.067457	32.09898
852	5.92029	3.1745662	61.0002	60.6561	7.067620	32.09914
853	5.92004	3.1745663	61.2072	60.8619	7.067656	32.09928
854	5.91984	3.1745415	61.4144	61.0679	7.067699	32.09910
855	5.91999	3.1744796	61.6152	61.2676	7.067717	32.09816
856	5.92034	3.1744858	61.8162	61.4674	7.067674	32.09780
857	5.92100	3.1744797	62.0263	61.6763	7.067600	32.09701
858	5.92100	3.1745976	62.2275	61.8763	7.067543	32.09823
859	5.92045	3.1745976	62.4283	62.0759	7.067617	32.09866
860	5.91989	3.1746287	62.6293	62.2758	7.067675	32.09944
861	5.91928	3.1746908	62.8364	62.4817	7.067723	32.10061
862	5.91852	3.1746785	63.0343	62.6785	7.067828	32.10110
863	5.91837	3.1747530	63.2414	62.8844	7.067813	32.10198
864	5.91837	3.1746290	63.4424	63.0841	7.067882	32.10049
865	5.91852	3.1745670	63.6586	63.2991	7.067900	32.09955
866	5.91908	3.1745671	63.8535	63.4929	7.067835	32.09893
867	5.91933	3.1745671	64.0665	63.7046	7.067808	32.09858
868	5.91964	3.1745672	64.2646	63.9016	7.067775	32.09820
869	5.91994	3.1745177	64.4715	64.1073	7.067767	32.09726
870	5.92019	3.1745425	64.6726	64.3073	7.067727	32.09720
871	5.92034	3.1745426	64.8767	64.5101	7.067713	32.09696
872	5.92060	3.1745674	65.0837	64.7159	7.067673	32.09690
873	5.92070	3.1745675	65.2846	64.9157	7.067665	32.09670
874	5.92110	3.1745118	65.4917	65.1216	7.067648	32.09560
875	5.92202	3.1743630	65.6988	65.3275	7.067616	32.09297
876	5.92323	3.1744188	65.9028	65.5303	7.067440	32.09234
877	5.92364	3.1745429	66.1161	65.7423	7.067330	32.09324
878	5.92267	3.1749957	66.3200	65.9450	7.067220	32.09912
879	5.91908	3.1749958	66.5242	66.1480	7.067673	32.10244
880	5.91690	3.1749649	66.7311	66.3538	7.067965	32.10406
881	5.91579	3.1750022	66.9413	66.5628	7.068089	32.10543
882	5.91503	3.1750519	67.1481	66.7684	7.068162	32.10661
883	5.91452	3.1749651	67.3554	66.9744	7.068275	32.10602
884	5.91488	3.1749962	67.5626	67.1804	7.068219	32.10593
885	5.91503	3.1749652	67.7635	67.3802	7.068221	32.10534
886	5.91478	3.1751141	67.9798	67.5952	7.068180	32.10714
887	5.91392	3.1753189	68.1868	67.8010	7.068186	32.11015
888	5.91224	3.1753872	68.3908	68.0038	7.068363	32.11241
889	5.91052	3.1753562	68.6072	68.2189	7.068599	32.11359
890	5.90961	3.1754183	68.8140	68.4246	7.068685	32.11505
891	5.90865	3.1754804	69.0242	68.6335	7.068777	32.11656
892	5.90779	3.1753875	69.2466	68.8546	7.068937	32.11622
893	5.90769	3.1754186	69.4841	69.0907	7.068939	32.11655
894	5.90784	3.1753814	69.6973	69.3027	7.068944	32.11589
895	5.90850	3.1752388	69.9012	69.5054	7.068941	32.11357
896	5.90931	3.1753257	70.1175	69.7204	7.068799	32.11367
897	5.90906	3.1756607	70.3185	69.9203	7.068662	32.11756
898	5.90647	3.1757848	70.5194	70.1200	7.068924	32.12131
899	5.90405	3.1760826	70.7325	70.3318	7.069077	32.12685
900	5.90106	3.1762812	70.9396	70.5377	7.069351	32.13181
901	5.89731	3.1769636	71.1559	70.7528	7.069469	32.14291
902	5.89205	3.1770816	71.3688	70.9645	7.070068	32.14913
903	5.88760	3.1771748	71.5791	71.1735	7.070579	32.15430
904	5.88482	3.1773858	71.7892	71.3824	7.070821	32.15921
905	5.88193	3.1774479	72.0024	71.5944	7.071153	32.16255
906	5.87991	3.1775410	72.2126	71.8033	7.071362	32.16541
907	5.87844	3.1775907	72.4288	72.0183	7.071524	32.16726
908	5.87753	3.1776591	72.6450	72.2332	7.071606	32.16879
909	5.87703	3.1776281	72.8521	72.4391	7.071690	32.16882
910	5.87657	3.1777523	73.0653	72.6510	7.071687	32.17055
911	5.87612	3.1778392	73.2814	72.8659	7.071704	32.17185
912	5.87546	3.1782984	73.4977	73.0809	7.071552	32.17752
913	5.87430	3.1784535	73.7171	73.2990	7.071622	32.18026
914	5.87318	3.1789934	73.9361	73.5168	7.071485	32.18726
915	5.87106	3.1796264	74.1525	73.7319	7.071426	32.19628
916	5.86843	3.1797506	74.3716	73.9497	7.071694	32.20007
917	5.86656	3.1798996	74.5877	74.1646	7.071855	32.20342
918	5.86530	3.1800238	74.8011	74.3766	7.071953	32.20591
919	5.86398	3.1800549	75.0111	74.5855	7.072105	32.20741
920	5.86338	3.1800488	75.2305	74.8036	7.072189	32.20782
921	5.86302	3.1802350	75.4466	75.0184	7.072141	32.21014
922	5.86236	3.1803592	75.6628	75.2333	7.072163	32.21205
923	5.86145	3.1804151	75.8730	75.4423	7.072252	32.21344
924	5.86054	3.1806572	76.0831	75.6512	7.072245	32.21693
925	5.85867	3.1808745	76.2993	75.8661	7.072370	32.22104
926	5.85599	3.1810546	76.5063	76.0719	7.072615	32.22552
927	5.85195	3.1812036	76.7256	76.2899	7.073046	32.23094
928	5.84806	3.1812658	76.9419	76.5049	7.073504	32.23524
929	5.84477	3.1812349	77.1611	76.7228	7.073934	32.23792
930	5.84022	3.1812660	77.3834	76.9438	7.074490	32.24250
931	5.83659	3.1813282	77.5905	77.1497	7.074916	32.24657
932	5.83376	3.1813593	77.8036	77.3616	7.075257	32.24952
933	5.83057	3.1813594	78.0167	77.5734	7.075659	32.25245
934	5.82769	3.1813968	78.2330	77.7885	7.076003	32.25552
935	5.82583	3.1814155	78.4523	78.0065	7.076232	32.25741
936	5.82431	3.1815707	78.6625	78.2154	7.076344	32.26049
937	5.82295	3.1818749	78.8846	78.4363	7.076361	32.26511
938	5.81997	3.1821481	79.1039	78.6543	7.076596	32.27091
939	5.81769	3.1822972	79.3232	78.8723	7.076806	32.27465
940	5.81633	3.1824773	79.5425	79.0903	7.076888	32.27787
941	5.81557	3.1825829	79.7831	79.3294	7.076932	32.27967
942	5.81522	3.1826326	80.0268	79.5718	7.076956	32.28044
943	5.81461	3.1827258	80.2459	79.7895	7.076988	32.28196
944	5.81370	3.1826328	80.4500	79.9925	7.077155	32.28169
945	5.81264	3.1825708	80.6752	80.2163	7.077324	32.28190
946	5.81128	3.1824777	80.8915	80.4313	7.077547	32.28205
947	5.80982	3.1824778	81.1077	80.6463	7.077735	32.28334
948	5.80845	3.1824841	81.3208	80.8582	7.077906	32.28461
949	5.80749	3.1824221	81.5310	81.0671	7.078063	32.28473
950	5.80583	3.1826022	81.7440	81.2789	7.078182	32.28824
951	5.80254	3.1833286	81.9665	81.5000	7.078218	32.29944
952	5.79709	3.1835708	82.1706	81.7030	7.078776	32.30728
953	5.79235	3.1837882	82.3747	81.9058	7.079259	32.31416
954	5.78876	3.1839994	82.5908	82.1206	7.079601	32.31986
955	5.78609	3.1843348	82.7979	82.3265	7.079764	32.32609
956	5.78326	3.1847260	82.9655	82.4931	7.079917	32.33311
957	5.77933	3.1849372	83.0720	82.5990	7.080300	32.33921
958	5.77549	3.1849993	83.1026	82.6294	7.080746	32.34356
959	5.77337	3.1849683	83.0937	82.6206	7.081027	32.34525
960	5.77357	3.1848193	83.0998	82.6267	7.081079	32.34338
961	5.77534	3.1849372	83.1090	82.6358	7.080798	32.34301
962	5.77746	3.1850304	83.1152	82.6420	7.080485	32.34202
963	5.78044	3.1847633	83.1245	82.6512	7.080253	32.33616
964	5.78321	3.1846640	83.1520	82.6785	7.079960	32.33237
965	5.78387	3.1848192	83.1463	82.6729	7.079797	32.33349
966	5.78321	3.1848813	83.1492	82.6758	7.079846	32.33482
967	5.78235	3.1849993	83.1555	82.6820	7.079892	32.33696
968	5.78296	3.1850303	83.1584	82.6849	7.079800	32.33673
969	5.78392	3.1851545	83.1647	82.6912	7.079616	32.33721
970	5.78382	3.1851545	83.1803	82.7067	7.079629	32.33729
971	5.78190	3.1852415	83.1773	82.7037	7.079823	32.34011
972	5.77938	3.1851794	83.1225	82.6492	7.080168	32.34186
973	5.77928	3.1848502	82.9949	82.5224	7.080350	32.33831
974	5.78291	3.1854835	82.8611	82.3893	7.079563	32.34202
975	5.78604	3.1855145	82.8187	82.3472	7.079156	32.33939
976	5.78785	3.1847259	82.8128	82.3414	7.079341	32.32879
977	5.78609	3.1847880	82.7488	82.2777	7.079527	32.33121
978	5.78286	3.1848873	82.6030	82.1328	7.079875	32.33549
979	5.78321	3.1851543	82.4417	81.9724	7.079688	32.33823
980	5.78513	3.1852411	82.2895	81.8211	7.079400	32.33745
981	5.78720	3.1849368	82.1163	81.6489	7.079297	32.33213
982	5.78861	3.1846636	81.9368	81.4705	7.079259	32.32779
983	5.78917	3.1844834	81.7728	81.3074	7.079280	32.32531
984	5.78937	3.1842723	81.5964	81.1321	7.079361	32.32283
985	5.78952	3.1842101	81.4259	80.9626	7.079370	32.32207
986	5.78997	3.1838314	81.2495	80.7872	7.079507	32.31746
987	5.79083	3.1834526	81.0550	80.5938	7.079593	32.31248
988	5.79275	3.1832663	80.8754	80.4153	7.079447	32.30864
989	5.79517	3.1829682	80.6991	80.2400	7.079296	32.30305
990	5.79800	3.1828750	80.5225	80.0645	7.078988	32.29939
991	5.80073	3.1828129	80.3402	79.8833	7.078676	32.29617
992	5.80305	3.1826949	80.1821	79.7261	7.078445	32.29270
993	5.80537	3.1826141	80.0968	79.6414	7.078195	32.28961
994	5.80689	3.1825396	80.0786	79.6232	7.078045	32.28734
995	5.80805	3.1826016	79.9905	79.5357	7.077866	32.28697
996	5.80906	3.1827506	79.8265	79.3726	7.077658	32.28775
997	5.81032	3.1829988	79.6772	79.2242	7.077368	32.28941
998	5.81189	3.1830236	79.5251	79.0730	7.077157	32.28826
999	5.81315	3.1829366	79.4037	78.9523	7.077042	32.28614
1000	5.81385	3.1828373	79.3337	78.8827	7.077004	32.28438
1001	5.81406	3.1827503	79.2609	78.8103	7.077022	32.28325
1002	5.81401	3.1827503	79.1208	78.6711	7.077026	32.28336
1003	5.81411	3.1828434	78.9690	78.5201	7.076961	32.28439
1004	5.81471	3.1829054	78.8289	78.3809	7.076850	32.28457
1005	5.81593	3.1829364	78.6435	78.1966	7.076679	32.28385
1006	5.81694	3.1826632	78.4519	78.0060	7.076691	32.27991
1007	5.81734	3.1827066	78.2724	77.8277	7.076614	32.28010
1008	5.81810	3.1824210	78.1082	77.6644	7.076664	32.27625
1009	5.81835	3.1820857	77.9529	77.5100	7.076804	32.27232
1010	5.81845	3.1819926	77.7796	77.3378	7.076836	32.27126
1011	5.81880	3.1817504	77.5969	77.1561	7.076913	32.26829
1012	5.81941	3.1816883	77.4117	76.9720	7.076866	32.26710
1013	5.82062	3.1815703	77.2231	76.7845	7.076772	32.26471
1014	5.82234	3.1815889	77.0495	76.6119	7.076544	32.26336
1015	5.82421	3.1814771	76.8855	76.4489	7.076366	32.26040
1016	5.82598	3.1815391	76.7121	76.2765	7.076109	32.25949
1017	5.82759	3.1814459	76.5326	76.0980	7.075952	32.25699
1018	5.82921	3.1814148	76.3408	75.9074	7.075762	32.25519
1019	5.83078	3.1812968	76.1615	75.7291	7.075625	32.25246
1020	5.83239	3.1812347	75.9820	75.5507	7.075451	32.25031
1021	5.83416	3.1812346	75.8178	75.3874	7.075227	32.24870
1022	5.83613	3.1811476	75.6384	75.2091	7.075023	32.24593
1023	5.83815	3.1809924	75.4620	75.0337	7.074847	32.24234
1024	5.84088	3.1808123	75.2794	74.8522	7.074597	32.23780
1025	5.84361	3.1806261	75.0938	74.6676	7.074349	32.23320
1026	5.84720	3.1805391	74.9143	74.4892	7.073943	32.22889
1027	5.85084	3.1802970	74.7348	74.3108	7.073611	32.22279
1028	5.85417	3.1801480	74.5676	74.1446	7.073269	32.21802
1029	5.85685	3.1800238	74.3973	73.9753	7.072996	32.21415
1030	5.85898	3.1799616	74.2088	73.7879	7.072759	32.21152
1031	5.86034	3.1799305	74.0202	73.6003	7.072601	32.20997
1032	5.86145	3.1799305	73.8651	73.4462	7.072459	32.20898
1033	5.86231	3.1799304	73.7859	73.3674	7.072350	32.20820
1034	5.86287	3.1797815	73.7405	73.3223	7.072357	32.20602
1035	5.86292	3.1797939	73.6707	73.2529	7.072343	32.20615
1036	5.86292	3.1799304	73.5977	73.1803	7.072270	32.20771
1037	5.86332	3.1799304	73.5368	73.1198	7.072219	32.20736
1038	5.86383	3.1799303	73.4213	73.0049	7.072153	32.20693
1039	5.86429	3.1801102	73.2573	72.8419	7.071999	32.20859
1040	5.86509	3.1801722	73.1720	72.7571	7.071864	32.20856
1041	5.86605	3.1798433	73.1782	72.7633	7.071915	32.20395
1042	5.86631	3.1796696	73.1510	72.7362	7.071974	32.20178
1043	5.86616	3.1797192	73.0476	72.6335	7.071964	32.20253
1044	5.86621	3.1798122	72.9167	72.5033	7.071907	32.20359
1045	5.86681	3.1799301	72.7982	72.3855	7.071767	32.20439
1046	5.86803	3.1798121	72.6949	72.2828	7.071675	32.20196
1047	5.86975	3.1795701	72.6188	72.2072	7.071585	32.19764
1048	5.87131	3.1792971	72.5764	72.1650	7.071530	32.19311
1049	5.87238	3.1791853	72.5217	72.1106	7.071455	32.19087
1050	5.87248	3.1793528	72.4457	72.0351	7.071353	32.19269
1051	5.87248	3.1792970	72.3241	71.9142	7.071380	32.19212
1052	5.87298	3.1787509	72.1903	71.7812	7.071597	32.18558
1053	5.87379	3.1785399	72.0444	71.6361	7.071602	32.18252
1054	5.87511	3.1780559	71.9045	71.4970	7.071687	32.17591
1055	5.87592	3.1779070	71.7798	71.3731	7.071660	32.17353
1056	5.87678	3.1778387	71.6490	71.2430	7.071586	32.17201
1057	5.87738	3.1777208	71.5243	71.1191	7.071568	32.17017
1058	5.87809	3.1776587	71.3693	70.9650	7.071509	32.16887
1059	5.87905	3.1777827	71.2263	70.8228	7.071321	32.16942
1060	5.87996	3.1777516	71.0741	70.6715	7.071221	32.16828
1061	5.88087	3.1775096	70.9405	70.5387	7.071230	32.16476
1062	5.88153	3.1773297	70.8187	70.4175	7.071238	32.16218
1063	5.88204	3.1775095	70.7033	70.3028	7.071080	32.16377
1064	5.88269	3.1772055	70.6060	70.2061	7.071153	32.15979
1065	5.88264	3.1773544	70.4873	70.0881	7.071080	32.16156
1066	5.88300	3.1772675	70.3625	69.9641	7.071078	32.16031
1067	5.88386	3.1772054	70.2227	69.8251	7.071000	32.15886
1068	5.88487	3.1773232	70.0798	69.6830	7.070809	32.15929
1069	5.88639	3.1770440	69.9216	69.5257	7.070761	32.15479
1070	5.88755	3.1767214	69.7633	69.3683	7.070780	32.15015
1071	5.88917	3.1765973	69.6144	69.2203	7.070639	32.14729
1072	5.89094	3.1763553	69.4714	69.0782	7.070541	32.14296
1073	5.89322	3.1762684	69.3195	68.9271	7.070299	32.13990
1074	5.89595	3.1763551	69.1704	68.7789	7.069910	32.13835
1075	5.89817	3.1761814	69.0152	68.6246	7.069719	32.13436
1076	5.90015	3.1757844	68.8511	68.4614	7.069675	32.12812
1077	5.90172	3.1756913	68.6898	68.3011	7.069524	32.12566
1078	5.90298	3.1756602	68.5194	68.1317	7.069379	32.12420
1079	5.90415	3.1756291	68.3520	67.9653	7.069246	32.12282
1080	5.90511	3.1755670	68.1971	67.8112	7.069155	32.12129
1081	5.90582	3.1755732	68.0358	67.6509	7.069060	32.12076
1082	5.90602	3.1756290	67.8685	67.4846	7.069002	32.12128
1083	5.90622	3.1756599	67.7015	67.3185	7.068957	32.12151
1084	5.90663	3.1756599	67.5340	67.1521	7.068903	32.12121
1085	5.90663	3.1755668	67.3697	66.9886	7.068947	32.12024
1086	5.90688	3.1756287	67.2115	66.8314	7.068880	32.12077
1087	5.90693	3.1755667	67.0627	66.6834	7.068903	32.12010
1088	5.90698	3.1754798	66.9226	66.5442	7.068938	32.11915
1089	5.90718	3.1756286	66.7797	66.4021	7.068833	32.12069
1090	5.90749	3.1755665	66.6216	66.2449	7.068824	32.11979
1091	5.90698	3.1757216	66.4786	66.1027	7.068803	32.12207
1092	5.90678	3.1758704	66.3356	65.9606	7.068748	32.12400
1093	5.90718	3.1757525	66.1835	65.8094	7.068755	32.12237
1094	5.90653	3.1757959	66.0405	65.6672	7.068812	32.12355
1095	5.90612	3.1757834	65.8916	65.5192	7.068865	32.12386
1096	5.90536	3.1757834	65.7425	65.3709	7.068957	32.12466
1097	5.90475	3.1757833	65.5935	65.2227	7.069029	32.12531
1098	5.90450	3.1757213	65.4475	65.0776	7.069089	32.12492
1099	5.90435	3.1757212	65.2925	64.9235	7.069105	32.12514
1100	5.90440	3.1756902	65.1433	64.7752	7.069111	32.12482
1101	5.90496	3.1758948	64.9913	64.6241	7.068933	32.12665
1102	5.90587	3.1758079	64.8330	64.4667	7.068860	32.12489
1103	5.90658	3.1757210	64.6749	64.3095	7.068814	32.12332
1104	5.90718	3.1758078	64.5166	64.1521	7.068689	32.12379
1105	5.90728	3.1758077	64.3555	63.9920	7.068673	32.12377
1106	5.90723	3.1757209	64.2065	63.8438	7.068721	32.12292
1107	5.90733	3.1757022	64.0455	63.6838	7.068715	32.12269
1108	5.90764	3.1756587	63.8750	63.5142	7.068696	32.12200
1109	5.90794	3.1756277	63.7078	63.3480	7.068670	32.12145
1110	5.90860	3.1755408	63.5435	63.1847	7.068629	32.11993
1111	5.90926	3.1754477	63.3791	63.0213	7.068592	32.11834
1112	5.91012	3.1754476	63.2150	62.8581	7.068481	32.11760
1113	5.91103	3.1752553	63.0447	62.6887	7.068463	32.11466
1114	5.91169	3.1750506	62.8773	62.5224	7.068484	32.11183
1115	5.91265	3.1751436	62.7070	62.3530	7.068312	32.11204
1116	5.91316	3.1752985	62.5426	62.1896	7.068165	32.11337
1117	5.91336	3.1753853	62.3693	62.0173	7.068091	32.11424
1118	5.91300	3.1752984	62.1989	61.8479	7.068176	32.11368
1119	5.91230	3.1751744	62.0346	61.6845	7.068325	32.11304
1120	5.91224	3.1751247	61.8645	61.5154	7.068353	32.11262
1121	5.91270	3.1750502	61.6818	61.3338	7.068331	32.11144
1122	5.91422	3.1749943	61.5054	61.1584	7.068167	32.10946
1123	5.91609	3.1747214	61.3228	60.9769	7.068071	32.10471
1124	5.91827	3.1744795	61.1524	60.8075	7.067921	32.10002
1125	5.92039	3.1744794	60.9821	60.6382	7.067652	32.09808
1126	5.92232	3.1743925	60.8058	60.4629	7.067454	32.09537
1127	5.92379	3.1744792	60.6233	60.2814	7.067222	32.09504
1128	5.92510	3.1745412	60.4468	60.1059	7.067022	32.09457
1129	5.92662	3.1743551	60.2733	59.9335	7.066925	32.09113
1130	5.92829	3.1742682	60.0969	59.7580	7.066758	32.08865
1131	5.92921	3.1740821	59.9234	59.5856	7.066737	32.08579
1132	5.92991	3.1739766	59.7410	59.4042	7.066699	32.08402
1133	5.93017	3.1740820	59.5676	59.2318	7.066609	32.08505
1134	5.93042	3.1740819	59.3821	59.0473	7.066573	32.08490
1135	5.93093	3.1740819	59.2088	58.8751	7.066506	32.08450
1136	5.93133	3.1740260	59.0353	58.7026	7.066481	32.08357
1137	5.93174	3.1739019	58.8498	58.5182	7.066490	32.08189
1138	5.93290	3.1737840	58.6824	58.3517	7.066403	32.07955
1139	5.93422	3.1737530	58.4998	58.1702	7.066251	32.07804
1140	5.93528	3.1736599	58.3174	57.9888	7.066162	32.07608
1141	5.93624	3.1736288	58.1471	57.8195	7.066055	32.07490
1142	5.93680	3.1735978	57.9706	57.6441	7.065997	32.07411
1143	5.93756	3.1736287	57.7879	57.4624	7.065883	32.07382
1144	5.93802	3.1735108	57.6118	57.2873	7.065883	32.07216
1145	5.93852	3.1734984	57.4352	57.1117	7.065822	32.07162
1146	5.93903	3.1735107	57.2588	56.9363	7.065749	32.07137
1147	5.93944	3.1734796	57.0823	56.7609	7.065710	32.07072
1148	5.93999	3.1734176	56.9029	56.5825	7.065669	32.06958
1149	5.94060	3.1732687	56.7294	56.4100	7.065667	32.06743
1150	5.94080	3.1732376	56.5498	56.2315	7.065653	32.06697
1151	5.94090	3.1732748	56.3704	56.0531	7.065618	32.06738
1152	5.94136	3.1733305	56.1941	55.8777	7.065528	32.06766
1153	5.94197	3.1732685	56.0178	55.7025	7.065480	32.06647
1154	5.94263	3.1732064	55.8383	55.5240	7.065426	32.06524
1155	5.94339	3.1729335	55.6616	55.3483	7.065469	32.06155
1156	5.94455	3.1727227	55.4853	55.1730	7.065429	32.05817
1157	5.94607	3.1725366	55.3117	55.0005	7.065332	32.05473
1158	5.94784	3.1725427	55.1293	54.8191	7.065104	32.05321
1159	5.94916	3.1724807	54.9376	54.6286	7.064968	32.05136
1160	5.95088	3.1722698	54.7673	54.4592	7.064858	32.04745
1161	5.95301	3.1720589	54.5879	54.2808	7.064698	32.04317
1162	5.95499	3.1719969	54.4115	54.1054	7.064480	32.04069
1163	5.95702	3.1718666	54.2380	53.9329	7.064291	32.03740
1164	5.95869	3.1717239	54.0585	53.7545	7.064153	32.03430
1165	5.96011	3.1715751	53.8761	53.5731	7.064049	32.03139
1166	5.96147	3.1714510	53.7057	53.4037	7.063939	32.02879
1167	5.96299	3.1711534	53.5199	53.2190	7.063899	32.02411
1168	5.96487	3.1709426	53.3406	53.0407	7.063770	32.02006
1169	5.96680	3.1708123	53.1610	52.8622	7.063593	32.01687
1170	5.96842	3.1708495	52.9876	52.6898	7.063368	32.01584
1171	5.97019	3.1705767	52.8082	52.5114	7.063284	32.01120
1172	5.97252	3.1703348	52.6289	52.3331	7.063115	32.00638
1173	5.97480	3.1701550	52.4524	52.1576	7.062920	32.00229
1174	5.97688	3.1700000	52.2728	51.9790	7.062737	31.99868
1175	5.97932	3.1697954	52.0933	51.8005	7.062535	31.99418
1176	5.98221	3.1695474	51.9107	51.6190	7.062299	31.98877
1177	5.98545	3.1693366	51.7372	51.4465	7.062000	31.98343
1178	5.98860	3.1692497	51.5579	51.2682	7.061649	31.97958
1179	5.99123	3.1690389	51.3784	51.0898	7.061425	31.97482
1180	5.99392	3.1687662	51.1988	50.9113	7.061227	31.96932
1181	5.99651	3.1687103	51.0255	50.7389	7.060930	31.96634
1182	5.99879	3.1686731	50.8460	50.5605	7.060661	31.96386
1183	6.00067	3.1684933	50.6695	50.3850	7.060516	31.96016
1184	6.00219	3.1684932	50.4899	50.2064	7.060323	31.95881
1185	6.00361	3.1683444	50.3167	50.0342	7.060219	31.95590
1186	6.00498	3.1682638	50.1371	49.8556	7.060086	31.95379
1187	6.00589	3.1682513	49.9638	49.6833	7.059975	31.95287
1188	6.00686	3.1682203	49.7873	49.5078	7.059867	31.95170
1189	6.00762	3.1681335	49.6047	49.3262	7.059813	31.95010
1190	6.00802	3.1679785	49.4222	49.1448	7.059838	31.94808
1191	6.00843	3.1678297	49.2458	48.9694	7.059860	31.94612
1192	6.00919	3.1678483	49.0753	48.7999	7.059752	31.94569
1193	6.00980	3.1678296	48.8960	48.6216	7.059682	31.94499
1194	6.01036	3.1677676	48.7194	48.4461	7.059640	31.94386
1195	6.01112	3.1676808	48.5371	48.2648	7.059586	31.94226
1196	6.01188	3.1674639	48.3665	48.0952	7.059600	31.93920
1197	6.01264	3.1673770	48.1902	47.9199	7.059546	31.93760
1198	6.01376	3.1671477	48.0136	47.7443	7.059521	31.93407
1199	6.01563	3.1669246	47.8403	47.5720	7.059398	31.92989
1200	6.01827	3.1665900	47.6668	47.3995	7.059238	31.92376
1201	6.02233	3.1657473	47.4995	47.2331	7.059163	31.91061
1202	6.03116	3.1650224	47.3139	47.0486	7.058432	31.89429
1203	6.04294	3.1643781	47.1375	46.8732	7.057293	31.87611
1204	6.05660	3.1629163	46.9640	46.7007	7.056340	31.84706
1205	6.07565	3.1618881	46.7906	46.5283	7.054492	31.81780
1206	6.09593	3.1608662	46.6111	46.3498	7.052487	31.78749
1207	6.11561	3.1585817	46.4439	46.1836	7.051205	31.74373
1208	6.13993	3.1567186	46.2612	46.0019	7.049128	31.70037
1209	6.16574	3.1562171	46.0850	45.8267	7.046168	31.67080
1210	6.18505	3.1561116	45.9115	45.6542	7.043817	31.65172
1211	6.19768	3.1551834	45.7533	45.4969	7.042715	31.62972
1212	6.20976	3.1542799	45.5678	45.3124	7.041670	31.60855
1213	6.22277	3.1529189	45.4065	45.1521	7.040743	31.58145
1214	6.23705	3.1522136	45.2300	44.9765	7.039323	31.56046
1215	6.25031	3.1515208	45.0655	44.8130	7.038023	31.54055
1216	6.26098	3.1514588	44.8954	44.6439	7.036725	31.53006
1217	6.26771	3.1509516	44.7190	44.4685	7.036141	31.51829
1218	6.27415	3.1503887	44.5424	44.2929	7.035624	31.50618
1219	6.28068	3.1499001	44.3689	44.1204	7.035056	31.49481
1220	6.28671	3.1496589	44.1987	43.9512	7.034426	31.48664
1221	6.29130	3.1495413	44.0283	43.7817	7.033911	31.48117
1222	6.29452	3.1493619	43.8518	43.6063	7.033598	31.47629
1223	6.29687	3.1488673	43.6722	43.4277	7.033553	31.46873
1224	6.29912	3.1486694	43.4990	43.2554	7.033371	31.46455
1225	6.30101	3.1484591	43.3318	43.0892	7.033239	31.46055
1226	6.30270	3.1484343	43.1643	42.9227	7.033038	31.45880
1227	6.30418	3.1481684	43.0030	42.7623	7.032986	31.45457
1228	6.30571	3.1479829	42.8357	42.5960	7.032886	31.45118
1229	6.30719	3.1479210	42.6653	42.4266	7.032729	31.44920
1230	6.30837	3.1478344	42.5102	42.2723	7.032624	31.44723
1231	6.30959	3.1475068	42.3429	42.1059	7.032634	31.44256
1232	6.31102	3.1470555	42.1817	41.9457	7.032682	31.43632
1233	6.31271	3.1468144	42.0174	41.7823	7.032591	31.43218
1234	6.31506	3.1459738	41.8562	41.6220	7.032721	31.42079
1235	6.31915	3.1451394	41.6948	41.4616	7.032633	31.40788
1236	6.32442	3.1448489	41.5304	41.2981	7.032122	31.39989
1237	6.32912	3.1447499	41.3662	41.1349	7.031584	31.39454
1238	6.33259	3.1444780	41.2080	40.9775	7.031287	31.38840
1239	6.33525	3.1440021	41.0438	40.8142	7.031194	31.38077
1240	6.33822	3.1433039	40.8856	40.6569	7.031175	31.37040
1241	6.34246	3.1428343	40.7244	40.4966	7.030882	31.36138
1242	6.34681	3.1425068	40.5632	40.3364	7.030504	31.35384
1243	6.35075	3.1423831	40.4020	40.1761	7.030074	31.34893
1244	6.35433	3.1419445	40.2408	40.0158	7.029847	31.34087
1245	6.35776	3.1416355	40.0733	39.8493	7.029574	31.33438
1246	6.36113	3.1414254	39.9121	39.6890	7.029257	31.32904
1247	6.36379	3.1412771	39.7478	39.5256	7.028998	31.32503
1248	6.36630	3.1411288	39.5864	39.3652	7.028758	31.32117
1249	6.36860	3.1409496	39.4283	39.2079	7.028559	31.31715
1250	6.37065	3.1408878	39.2671	39.0477	7.028332	31.31466
1251	6.37270	3.1408630	39.1059	38.8874	7.028087	31.31258
1252	6.37403	3.1408321	38.9478	38.7301	7.027934	31.31109
1253	6.37526	3.1407456	38.7956	38.5789	7.027822	31.30908
1254	6.37643	3.1407084	38.6252	38.4094	7.027690	31.30767
1255	6.37756	3.1406219	38.4609	38.2461	7.027591	31.30576
1256	6.37889	3.1405292	38.2906	38.0767	7.027469	31.30359
1257	6.38068	3.1398004	38.1354	37.9224	7.027611	31.29398
1258	6.38728	3.1386517	37.9710	37.7589	7.027367	31.27533
1259	6.39855	3.1382009	37.8129	37.6017	7.026191	31.26010
1260	6.40889	3.1378117	37.6547	37.4444	7.025099	31.24641
1261	6.41770	3.1377807	37.4967	37.2873	7.024016	31.23807
1262	6.42396	3.1375151	37.3322	37.1238	7.023370	31.22950
1263	6.42934	3.1371878	37.1769	36.9693	7.022864	31.22104
1264	6.43482	3.1367679	37.0158	36.8091	7.022391	31.21147
1265	6.44051	3.1364900	36.8486	36.6429	7.021820	31.20329
1266	6.44522	3.1364406	36.6932	36.4884	7.021256	31.19850
1267	6.44876	3.1365578	36.5230	36.3192	7.020754	31.19664
1268	6.45056	3.1362923	36.3770	36.1740	7.020662	31.19215
1269	6.45256	3.1358910	36.2188	36.0166	7.020612	31.18598
1270	6.45635	3.1353971	36.0514	35.8502	7.020386	31.17715
1271	6.46097	3.1353662	35.8901	35.6898	7.019825	31.17267
1272	6.46415	3.1352488	35.7379	35.5385	7.019486	31.16855
1273	6.46656	3.1351685	35.5767	35.3783	7.019224	31.16554
1274	6.46866	3.1351252	35.4187	35.2211	7.018981	31.16322
1275	6.47010	3.1350388	35.2511	35.0545	7.018843	31.16103
1276	6.47122	3.1349770	35.0961	34.9004	7.018730	31.15939
1277	6.47189	3.1347424	34.9348	34.7399	7.018762	31.15628
1278	6.47271	3.1345634	34.7795	34.5855	7.018747	31.15364
1279	6.47317	3.1345325	34.6152	34.4222	7.018702	31.15295
1280	6.47338	3.1345694	34.4663	34.2741	7.018654	31.15324
1281	6.47369	3.1345632	34.2989	34.1076	7.018616	31.15297
1282	6.47389	3.1344397	34.1408	33.9504	7.018649	31.15150
1283	6.47379	3.1345014	33.9887	33.7992	7.018628	31.15234
1284	6.47379	3.1344458	33.8272	33.6386	7.018652	31.15180
1285	6.47364	3.1343840	33.6692	33.4815	7.018699	31.15134
1286	6.47353	3.1344395	33.5201	33.3332	7.018681	31.15211
1287	6.47369	3.1343531	33.3618	33.1758	7.018702	31.15109
1288	6.47348	3.1343839	33.2035	33.0185	7.018708	31.15169
1289	6.47343	3.1344394	33.0454	32.8612	7.018683	31.15242
1290	6.47353	3.1343838	32.8842	32.7009	7.018695	31.15179
1291	6.47348	3.1343221	32.7260	32.5436	7.018729	31.15123
1292	6.47348	3.1341924	32.5646	32.3832	7.018791	31.14988
1293	6.47348	3.1342047	32.3973	32.2168	7.018781	31.15009
1294	6.47348	3.1342047	32.2360	32.0564	7.018778	31.15017
1295	6.47358	3.1340812	32.0839	31.9052	7.018824	31.14879
1296	6.47369	3.1340318	31.9289	31.7510	7.018833	31.14822
1297	6.47405	3.1339638	31.7706	31.5936	7.018819	31.14722
1298	6.47399	3.1340255	31.6124	31.4364	7.018791	31.14802
1299	6.47435	3.1339637	31.4604	31.2852	7.018774	31.14708
1300	6.47461	3.1339390	31.3021	31.1278	7.018752	31.14665
1301	6.47487	3.1339019	31.1501	30.9766	7.018735	31.14608
1302	6.47502	3.1339019	30.9857	30.8132	7.018713	31.14602
1303	6.47517	3.1338463	30.8213	30.6497	7.018718	31.14534
1304	6.47564	3.1336920	30.6603	30.4896	7.018735	31.14330
1305	6.47620	3.1335191	30.4989	30.3291	7.018748	31.14096
1306	6.47707	3.1334265	30.3377	30.1688	7.018683	31.13922
1307	6.47794	3.1334079	30.1794	30.0114	7.018581	31.13829
1308	6.47846	3.1334264	30.0182	29.8511	7.018504	31.13810
1309	6.47882	3.1333091	29.8629	29.6967	7.018515	31.13656
1310	6.47928	3.1332165	29.7048	29.5395	7.018501	31.13519
1311	6.48010	3.1332781	29.5435	29.3791	7.018365	31.13519
1312	6.48000	3.1333398	29.3852	29.2217	7.018343	31.13604
1313	6.48005	3.1330991	29.2270	29.0644	7.018455	31.13342
1314	6.48061	3.1328029	29.0657	28.9040	7.018530	31.12972
1315	6.48190	3.1326794	28.9046	28.7438	7.018429	31.12727
1316	6.48359	3.1325621	28.7463	28.5864	7.018275	31.12451
1317	6.48482	3.1325312	28.5849	28.4259	7.018134	31.12312
1318	6.48595	3.1324139	28.4086	28.2506	7.018049	31.12089
1319	6.48703	3.1323336	28.2474	28.0903	7.017952	31.11910
1320	6.48805	3.1320868	28.0801	27.9239	7.017945	31.11553
1321	6.48975	3.1318461	27.9186	27.7633	7.017852	31.11141
1322	6.49185	3.1316363	27.7637	27.6093	7.017693	31.10726
1323	6.49395	3.1315807	27.6023	27.4488	7.017456	31.10481
1324	6.49585	3.1314881	27.4411	27.2885	7.017264	31.10214
1325	6.49780	3.1313091	27.2797	27.1281	7.017108	31.09847
1326	6.50017	3.1311116	27.1214	26.9707	7.016911	31.09422
1327	6.50237	3.1310746	26.9542	26.8044	7.016652	31.09188
1328	6.50422	3.1309820	26.7990	26.6500	7.016465	31.08925
1329	6.50571	3.1308647	26.6347	26.4867	7.016336	31.08669
1330	6.50735	3.1306981	26.4766	26.3294	7.016212	31.08343
1331	6.50920	3.1304759	26.3244	26.1781	7.016091	31.07938
1332	6.51192	3.1302661	26.1600	26.0146	7.015855	31.07468
1333	6.51500	3.1299700	26.0051	25.8606	7.015618	31.06870
1334	6.51860	3.1295690	25.8499	25.7063	7.015369	31.06110
1335	6.52337	3.1291372	25.6824	25.5397	7.014989	31.05209
1336	6.52851	3.1288965	25.5242	25.3824	7.014469	31.04485
1337	6.53370	3.1285942	25.3601	25.2192	7.013973	31.03690
1338	6.53863	3.1279775	25.2018	25.0618	7.013667	31.02572
1339	6.54495	3.1270277	25.0373	24.8982	7.013354	31.00964
1340	6.55348	3.1261953	24.8730	24.7349	7.012709	30.99285
1341	6.56381	3.1248574	24.7118	24.5746	7.012092	30.96889
1342	6.57724	3.1238155	24.5535	24.4171	7.010944	30.94539
1343	6.59097	3.1235195	24.3862	24.2508	7.009384	30.92980
1344	6.60152	3.1228352	24.2341	24.0995	7.008413	30.91285
1345	6.61186	3.1213500	24.0698	23.9362	7.007868	30.88732
1346	6.62643	3.1199882	23.9056	23.7729	7.006736	30.85935
1347	6.64425	3.1189469	23.7502	23.6184	7.005040	30.83197
1348	6.66269	3.1185647	23.5892	23.4583	7.002939	30.81127
1349	6.67955	3.1165506	23.4216	23.2916	7.001847	30.77419
1350	6.70538	3.1137920	23.2634	23.1343	7.000009	30.72096
1351	6.74543	3.1113111	23.0992	22.9710	6.996269	30.65812
1352	6.78821	3.1102152	22.9411	22.8138	6.991505	30.60807
1353	6.82389	3.1094149	22.7765	22.6501	6.987476	30.56764
1354	6.85375	3.1087870	22.6214	22.4959	6.984085	30.53433
1355	6.87851	3.1076425	22.4632	22.3385	6.981582	30.49999
1356	6.89924	3.1071440	22.2988	22.1751	6.979259	30.47627
1357	6.91484	3.1063565	22.1255	22.0027	6.977713	30.45399
1358	6.92905	3.1059320	21.9641	21.8422	6.976161	30.43688
1359	6.94119	3.1052799	21.8060	21.6851	6.974977	30.41915
1360	6.95260	3.1045480	21.6385	21.5185	6.973921	30.40121
1361	6.96511	3.1040744	21.4712	21.3522	6.972603	30.38511
1362	6.97705	3.1038651	21.2948	21.1767	6.971227	30.37239
1363	6.98661	3.1035207	21.1244	21.0073	6.970211	30.36031
1364	6.99518	3.1029795	20.9602	20.8439	6.969414	30.34698
1365	7.00515	3.1029794	20.7836	20.6684	6.968178	30.33827
1366	7.01243	3.1028317	20.6221	20.5078	6.967348	30.33034
1367	7.01872	3.1025672	20.4550	20.3416	6.966697	30.32202
1368	7.02537	3.1021553	20.2814	20.1690	6.966073	30.31179
1369	7.03239	3.1016203	20.1110	19.9996	6.965464	30.29991
1370	7.04061	3.1004770	19.9436	19.8331	6.965005	30.28041
1371	7.05517	3.0988606	19.7825	19.6728	6.963992	30.25025
1372	7.07911	3.0982643	19.6089	19.5003	6.961323	30.22290
1373	7.10619	3.0973854	19.4508	19.3430	6.958406	30.18978
1374	7.13308	3.0977414	19.2683	19.1615	6.954913	30.17018
1375	7.15325	3.0976428	19.1041	18.9982	6.952470	30.15157
1376	7.17349	3.0975934	18.9335	18.8286	6.949997	30.13345
1377	7.19223	3.0975932	18.7661	18.6622	6.947687	30.11718
1378	7.20539	3.0968312	18.5987	18.4957	6.946432	30.09760
1379	7.21646	3.0960939	18.4223	18.3203	6.945422	30.08012
1380	7.22560	3.0950311	18.2427	18.1417	6.944807	30.06083
1381	7.23469	3.0941958	18.0602	17.9602	6.944088	30.04404
1382	7.24227	3.0938272	17.8867	17.7876	6.943330	30.03358
1383	7.24807	3.0935323	17.7010	17.6030	6.942754	30.02546
1384	7.25340	3.0930778	17.5368	17.4397	6.942314	30.01603
1385	7.26072	3.0933294	17.3633	17.2671	6.941289	30.01245
1386	7.26898	3.0934214	17.1899	17.0947	6.940224	30.00635
1387	7.27824	3.0933598	17.0195	16.9253	6.939112	29.99773
1388	7.28713	3.0932123	16.8459	16.7527	6.938086	29.98852
1389	7.29346	3.0931385	16.6755	16.5832	6.937339	29.98232
1390	7.30053	3.0931200	16.5082	16.4169	6.936476	29.97607
1391	7.30828	3.0932365	16.3346	16.2443	6.935464	29.97069
1392	7.31760	3.0934513	16.1644	16.0749	6.934212	29.96500
1393	7.32802	3.0932669	15.9908	15.9023	6.933017	29.95408
1394	7.33682	3.0931501	15.8203	15.7328	6.931989	29.94530
1395	7.34614	3.0929535	15.6501	15.5635	6.930934	29.93521
1396	7.35683	3.0927691	15.4735	15.3879	6.929707	29.92408
1397	7.36936	3.0924435	15.2968	15.2122	6.928321	29.90986
1398	7.38063	3.0920873	15.1236	15.0399	6.927105	29.89640
1399	7.38871	3.0912092	14.9532	14.8705	6.926531	29.88012
1400	7.39637	3.0907548	14.7796	14.6979	6.925805	29.86874
1401	7.40298	3.0898033	14.6154	14.5346	6.925446	29.85296
1402	7.41033	3.0890728	14.4448	14.3650	6.924891	29.83891
1403	7.41752	3.0885264	14.2685	14.1896	6.924267	29.82696
1404	7.42403	3.0878697	14.0950	14.0171	6.923778	29.81443
1405	7.43038	3.0873112	13.9215	13.8446	6.923263	29.80309
1406	7.43573	3.0866361	13.7541	13.6781	6.922925	29.79136
1407	7.44135	3.0854336	13.5776	13.5026	6.922806	29.77378
1408	7.44986	3.0843783	13.4013	13.3272	6.922263	29.75530
1409	7.46058	3.0836790	13.2307	13.1576	6.921278	29.73873
1410	7.47093	3.0834457	13.0571	12.9850	6.920115	29.72746
1411	7.48108	3.0828016	12.8778	12.8066	6.919174	29.71198
1412	7.50353	3.0811886	12.6983	12.6282	6.917185	29.67568
1413	7.54769	3.0798087	12.5248	12.4556	6.912423	29.62340
1414	7.60064	3.0785024	12.3483	12.2801	6.906552	29.56453
1415	7.65435	3.0771290	12.1809	12.1136	6.900624	29.50445
1416	7.71014	3.0760437	12.0196	11.9533	6.894311	29.44583
1417	7.76342	3.0744992	11.8492	11.7838	6.888526	29.38463
1418	7.82212	3.0733040	11.6788	11.6143	6.881920	29.32272
1419	7.87878	3.0730400	11.5085	11.4450	6.875135	29.27249
1420	7.92340	3.0723412	11.3380	11.2754	6.870025	29.22788
1421	7.96323	3.0717957	11.1614	11.0997	6.865430	29.18897
1422	8.00315	3.0712318	10.9911	10.9304	6.860836	29.14986
1423	8.04178	3.0707170	10.8146	10.7549	6.856380	29.11242
1424	8.08055	3.0699205	10.6440	10.5852	6.852040	29.07197
1425	8.12187	3.0695405	10.4554	10.3977	6.847202	29.03386
1426	8.15997	3.0691482	10.2912	10.2344	6.842763	28.99833
1427	8.19549	3.0689274	10.1116	10.0558	6.838562	28.96679
1428	8.22359	3.0684128	9.9443	9.8894	6.835396	28.93835
1429	8.25193	3.0678493	9.7707	9.7168	6.832225	28.90923
1430	8.28158	3.0673960	9.5971	9.5442	6.828847	28.88024
1431	8.30604	3.0670101	9.4206	9.3687	6.826066	28.85623
1432	8.32708	3.0667772	9.2382	9.1872	6.823629	28.83665
1433	8.34346	3.0667831	9.0678	9.0178	6.821647	28.82337
1434	8.35436	3.0665994	8.9004	8.8513	6.820412	28.81261
1435	8.36258	3.0665380	8.7330	8.6848	6.819446	28.80532
1436	8.37064	3.0664522	8.5564	8.5092	6.818510	28.79791
1437	8.37715	3.0663481	8.3799	8.3337	6.817770	28.79159
1438	8.38225	3.0662500	8.2066	8.1613	6.817196	28.78647
1439	8.38521	3.0662499	8.0330	7.9888	6.816836	28.78412
1440	8.38688	3.0664090	7.8628	7.8194	6.816560	28.78448
1441	8.39043	3.0663661	7.6861	7.6437	6.816149	28.78121
1442	8.39451	3.0661946	7.5035	7.4621	6.815731	28.77617
1443	8.39785	3.0662190	7.3270	7.2866	6.815315	28.77377
1444	8.40194	3.0661638	7.1474	7.1080	6.814844	28.76994
1445	8.40769	3.0659862	6.9709	6.9325	6.814228	28.76347
1446	8.41727	3.0660779	6.8096	6.7720	6.813030	28.75668
1447	8.43218	3.0661940	6.6513	6.6147	6.811179	28.74579
1448	8.46104	3.0670077	6.4778	6.4421	6.807334	28.73078
1449	8.51468	3.0683170	6.3045	6.2697	6.800293	28.70076
1450	8.58411	3.0702081	6.1250	6.0913	6.791108	28.66400
1451	8.67500	3.0716646	5.9514	5.9186	6.779572	28.60553
1452	8.76886	3.0719820	5.7809	5.7491	6.768217	28.53319
1453	8.84070	3.0731756	5.6075	5.5766	6.759123	28.48779
1454	8.91659	3.0736281	5.4402	5.4103	6.749893	28.43169
1455	8.99192	3.0746320	5.2574	5.2285	6.740505	28.38186
1456	9.07085	3.0747047	5.0779	5.0499	6.731119	28.31986
1457	9.14165	3.0742199	4.9106	4.8836	6.722954	28.25883
1458	9.18860	3.0738396	4.7372	4.7111	6.717572	28.21791
1459	9.22109	3.0733492	4.5666	4.5414	6.713947	28.18735
1460	9.24972	3.0731099	4.4024	4.3782	6.710673	28.16242
1461	9.27286	3.0733179	4.2289	4.2056	6.707851	28.14637
1462	9.29553	3.0734034	4.0586	4.0362	6.705142	28.12947
1463	9.31402	3.0736053	3.9308	3.9091	6.702875	28.11703
1464	9.33230	3.0735316	3.8242	3.8032	6.700754	28.10197
1465	9.35495	3.0731393	3.7267	3.7062	6.698258	28.08028
1466	9.37678	3.0726736	3.6020	3.5822	6.695891	28.05852
1467	9.39123	3.0723243	3.4590	3.4399	6.694340	28.04374
1468	9.39845	3.0720608	3.3006	3.2824	6.693602	28.03549
1469	9.40088	3.0722689	3.1364	3.1191	6.693224	28.03575
1470	9.40474	3.0725261	2.9629	2.9466	6.692657	28.03539
1471	9.41131	3.0725750	2.7927	2.7773	6.691862	28.03081
1472	9.42097	3.0727586	2.6191	2.6047	6.690646	28.02518
1473	9.43273	3.0729789	2.4546	2.4411	6.689168	28.01827
1474	9.44714	3.0731686	2.2782	2.2656	6.687392	28.00899
1475	9.46162	3.0733154	2.1016	2.0901	6.685627	27.99923
1476	9.47317	3.0732846	1.9191	1.9086	6.684283	27.98998
1477	9.48030	3.0734315	1.7302	1.7207	6.683381	27.98597
1478	9.48771	3.0739949	1.5539	1.5453	6.682268	27.98593
1479	9.50248	3.0747421	1.3772	1.3696	6.680215	27.98199
1480	9.52711	3.0758508	1.1947	1.1881	6.676854	27.97402
1481	9.56222	3.0767328	1.0152	1.0096	6.672367	27.95561
1482	9.59825	3.0774004	0.8296	0.8250	6.667868	27.93436
1483	9.63425	3.0811699	0.6620	0.6584	6.662059	27.94424
1484	9.70498	3.0835055	0.5068	0.5040	6.652826	27.91280
1485	9.78414	3.0847621	0.3850	0.3829	6.643091	27.86414
1486	9.84710	3.0856202	0.2635	0.2620	6.635423	27.82415
1487	9.89715	3.0864050	0.1569	0.1560	6.629294	27.79346
1488	9.94317	3.0848524	0.1083	0.1077	6.624617	27.74268
1489	9.97485	3.0816016	0.1113	0.1107	6.622311	27.68612
1490	9.98650	3.0810190	0.1053	0.1047	6.621207	27.67143
1491	9.96685	3.0798421	0.1143	0.1137	6.623972	27.67479
1492	9.92896	3.0784143	0.1085	0.1079	6.628956	27.68961
1493	9.89307	3.0757856	0.1085	0.1079	6.634218	27.69099
1494	9.85084	3.0754980	0.1085	0.1079	6.639240	27.72052
1495	9.80655	3.0748551	0.1087	0.1081	6.644658	27.74816
1496	9.76269	3.0728218	0.1086	0.1080	6.650619	27.76163
1497	9.70810	3.0718240	0.1026	0.1020	6.657404	27.79376
1498	9.64552	1.6659669	0.1088	0.1082	7.267258	14.24925
1499	9.59215	0.5502144	0.1149	0.1143	7.750992	4.32636
1500	9.56720	0.6012181	0.1087	0.1081	7.734164	4.75978
1501	9.55850	0.5899988	0.1089	0.1083	7.740375	4.66595
1502	9.55418	0.5351879	0.1028	0.1023	7.763949	4.20467
1503	9.55119	0.5053139	0.1120	0.1114	7.776864	3.95490
1504	9.54781	0.4973276	0.1060	0.1054	7.780771	3.88859
1505	9.54300	0.5317024	0.1092	0.1086	7.767382	4.17673
1506	9.53724	0.4971181	0.1091	0.1085	7.782744	3.88799
1507	9.53115	0.4452156	0.1090	0.1084	7.805257	3.45731
1508	9.52528	0.3921860	0.1123	0.1117	7.828066	3.02121
1509	9.51947	0.3541091	0.1061	0.1055	7.844642	2.71088
1510	9.51332	0.3207458	0.1093	0.1087	7.859289	2.44102
1511	9.50807	0.2926545	0.1032	0.1026	7.871583	2.21534
1512	9.50309	0.2729569	0.1033	0.1027	7.880408	2.05806
1513	9.49717	0.2579549	0.1123	0.1117	7.887503	1.93890
1514	9.49114	0.2659541	0.1064	0.1058	7.885414	2.00289
1515	9.48500	0.2961941	0.1004	0.0999	7.874390	2.24517
1516	9.47881	0.3150545	0.1095	0.1089	7.867907	2.39740
1517	9.47262	0.3161616	0.1095	0.1089	7.868593	2.40675
1518	9.46637	0.2938781	0.1126	0.1120	7.878746	2.22773
1519	9.46013	0.2732372	0.1036	0.1030	7.888207	2.06275
1520	9.45388	0.2564832	0.1035	0.1030	7.896081	1.92952
1521	9.44714	0.2505838	0.1098	0.1091	7.899688	1.88297
1522	9.44063	0.2251217	0.1098	0.1091	7.911056	1.68174
1523	9.43372	0.2429188	0.1068	0.1063	7.905238	1.82282
1524	9.42925	0.2893737	0.1098	0.1091	7.887393	2.19383
1525	9.43400	0.3165729	0.1098	0.1092	7.875506	2.41265
1526	9.44140	0.3157609	0.1038	0.1032	7.874478	2.40559
1527	9.44969	0.2986275	0.1069	0.1063	7.879895	2.26694
1528	9.45687	0.2742961	0.1162	0.1155	7.888382	2.07140
1529	9.46344	0.2666926	0.1039	0.1033	7.890223	2.01032
1530	9.47046	0.2495413	0.1070	0.1064	7.895795	1.87348
1531	9.47798	0.2409462	0.1132	0.1126	7.897835	1.80497
1532	9.48710	0.2445471	0.1132	0.1126	7.894713	1.83303
1533	9.49286	0.2684014	0.1012	0.1006	7.884118	2.02231
1534	9.49557	0.2780436	0.1103	0.1097	7.879752	2.09912
1535	9.49811	0.2892623	0.1164	0.1157	7.874776	2.18876
1536	9.50104	0.2772846	0.1041	0.1036	7.879049	2.09274
1537	9.50265	0.2600092	0.1012	0.1007	7.885673	1.95494
1538	9.50597	0.2391118	0.1071	0.1065	7.893393	1.78907
1539	9.51067	0.2250843	0.1043	0.1038	7.898092	1.67820
1540	9.51493	0.2156534	0.1043	0.1038	7.901035	1.60388
1541	9.51781	0.2083855	0.1075	0.1069	7.903371	1.54679
1542	9.51985	0.1846344	0.1134	0.1128	7.912325	1.36151
1543	9.52329	0.1680371	0.1075	0.1069	7.918168	1.23290
1544	9.52810	0.1590280	0.1073	0.1067	7.920773	1.16335
1545	9.53679	0.1827769	0.1106	0.1100	7.909903	1.34647
1546	9.54986	0.2148008	0.1105	0.1099	7.894905	1.59565
1547	9.56277	0.2596925	0.1107	0.1101	7.874732	1.94918
1548	9.57352	0.2906862	0.1107	0.1101	7.860378	2.19559
1549	9.58328	0.3029793	0.1046	0.1040	7.853664	2.29347
1550	9.59342	0.3018600	0.1108	0.1102	7.852260	2.28385
1551	9.60374	0.3013390	0.1077	0.1071	7.850585	2.27903
1552	9.61272	0.3065289	0.1107	0.1101	7.846865	2.32007
1553	9.62893	0.3021607	0.1106	0.1100	7.845660	2.28402
1554	9.65069	0.2573117	0.1077	0.1071	7.859540	1.92561
1555	9.67502	0.2159375	0.1018	0.1012	7.871367	1.59904
1556	9.70821	0.1872123	0.1110	0.1104	7.876444	1.37440
1557	9.75796	0.2058359	0.1079	0.1073	7.860060	1.51678
1558	9.81720	0.2618926	0.1049	0.1043	7.827330	1.95292
1559	9.87804	0.2604634	0.1080	0.1074	7.816835	1.93840
1560	9.92577	0.2470461	0.1079	0.1073	7.813403	1.83059
1561	9.96578	0.2248394	0.1079	0.1073	7.814740	1.65542
1562	10.00298	0.2066313	0.1110	0.1104	7.814981	1.51277
1563	10.02899	0.1964629	0.1110	0.1104	7.814139	1.43338
1564	10.05928	0.1899837	0.1079	0.1073	7.811098	1.38248
1565	10.09797	0.1764663	0.1081	0.1075	7.809186	1.27777
1566	10.13417	0.1824760	0.1082	0.1076	7.800344	1.32230
1567	10.16455	0.1957846	0.1052	0.1047	7.789811	1.42289
1568	10.19084	0.2006604	0.1052	0.1046	7.783214	1.45921
1569	10.21304	0.2027669	0.1052	0.1047	7.778411	1.47447
1570	10.23017	0.2109573	0.1050	0.1045	7.772225	1.53662
1571	10.23936	0.2012760	0.1052	0.1046	7.774228	1.46200
