          1         0.0002661         0.00636        10.90885        -0.0307
          2         0.0004387         0.00715        10.90558        -0.0337
          3         0.0005374         0.00764        10.90283        -0.0307
          4         0.0006329         0.00812        10.89990        -0.0338
          5         0.0006329         0.00812        10.89560        -0.0337
          6         0.0005466         0.00768        10.89095        -0.0338
          7         0.0005374         0.00763        10.88631        -0.0307
          8         0.0005127         0.00751        10.88252        -0.0306
          9         0.0004788         0.00734        10.87936        -0.0306
         10         0.0004387         0.00714        10.87633        -0.0306
         11         0.0004171         0.00703        10.87300        -0.0306
         12         0.0003956         0.00693        10.86985        -0.0275
         13         0.0003832         0.00687        10.86646        -0.0336
         14         0.0003678         0.00680        10.86302        -0.0304
         15         0.3379719         2.51123        10.50279         0.0361
         16         1.4977116        13.43956         7.62121         0.5024
         17         1.7918235        16.78449         6.67292         0.9958
         18         1.7253458        16.08458         6.72285         1.1593
         19         1.7860151        16.61225         6.90580         1.1593
         20         2.0168197        19.06069         6.73271         1.1624
         21         2.1705702        20.72997         6.60560         1.1685
         22         2.2325730        21.39381         6.58096         1.1655
         23         2.2621233        21.70147         6.58471         1.1716
         24         2.2741225        21.82329         6.59130         1.1687
         25         2.2796549        21.87974         6.59392         1.1625
         26         2.2877613        21.96169         6.59896         1.1656
         27         2.2929361        22.00930         6.60951         1.1657
         28         2.2969356        22.05272         6.60735         1.1688
         29         2.2889995        21.96470         6.61456         1.1718
         30         2.2834810        21.88837         6.64329         1.1719
         31         2.2912504        21.93250         6.70174         1.1659
         32         2.2946206        21.94587         6.73606         1.1659
         33         2.2982571        21.96451         6.76643         1.1659
         34         2.2988798        21.95458         6.79217         1.1690
         35         2.2984386        21.93626         6.81363         1.1692
         36         2.3062038        22.00390         6.83473         1.1753
         37         2.2970660        21.89518         6.85559         1.1663
         38         2.3036324        21.94832         6.87973         1.1664
         39         2.3007092        21.90255         6.90372         1.1695
         40         2.3053367        21.93288         6.93183         1.1695
         41         2.3008853        21.87199         6.95471         1.1697
         42         2.3022748        21.87280         6.97620         1.1697
         43         2.2999477        21.83586         6.99630         1.1669
         44         2.3007194        21.82707         7.02286         1.1640
         45         2.2990267        21.79283         7.04922         1.1700
         46         2.3054681        21.84596         7.07092         1.1702
         47         2.2955820        21.73050         7.09143         1.1703
         48         2.3018050        21.78183         7.11232         1.1675
         49         2.2980670        21.73039         7.13254         1.1676
         50         2.2947497        21.68374         7.15214         1.1678
         51         2.2960718        21.68577         7.17071         1.1649
         52         2.2965014        21.67742         7.19112         1.1681
         53         2.2965674        21.66558         7.21112         1.1774
         54         2.3007398        21.69364         7.23509         1.1744
         55         2.2928101        21.59745         7.25809         1.1746
         56         2.2945725        21.60482         7.27540         1.1717
         57         2.2952830        21.59845         7.29738         1.1719
         58         2.2947705        21.58198         7.31533         1.1721
         59         2.2916146        21.53836         7.33324         1.1753
         60         2.2924294        21.53484         7.35242         1.1725
         61         2.2868201        21.46749         7.36804         1.1697
         62         2.2901112        21.49332         7.38094         1.1729
         63         2.2884158        21.46734         7.39479         1.1762
         64         2.2922693        21.49921         7.40722         1.1763
         65         2.2906834        21.47540         7.41940         1.1796
         66         2.2916083        21.47768         7.43105         1.1767
         67         2.2918450        21.47394         7.44103         1.1708
         68         2.2887786        21.43906         7.44660         1.1741
         69         2.2912447        21.45867         7.45579         1.1774
         70         2.2907877        21.44837         7.46488         1.1776
         71         2.2931720        21.46791         7.47282         1.1748
         72         2.2907601        21.43930         7.47913         1.1749
         73         2.2909197        21.43698         7.48554         1.1752
         74         2.2936290        21.46126         7.49117         1.1753
         75         2.2880628        21.40205         7.49474         1.1786
         76         2.2903030        21.42347         7.49722         1.1789
         77         2.2937060        21.45588         7.50116         1.1791
         78         2.2931166        21.44657         7.50647         1.1792
         79         2.2938987        21.45150         7.51147         1.1765
         80         2.2896698        21.40613         7.51484         1.1796
         81         2.2930009        21.43925         7.51642         1.1830
         82         2.2867145        21.37379         7.51826         1.1772
         83         2.2947745        21.45553         7.51947         1.1804
         84         2.2868025        21.37281         7.52131         1.1807
         85         2.2912332        21.41841         7.52089         1.1809
         86         2.2890753        21.39519         7.52273         1.1842
         87         2.2909800        21.41562         7.52121         1.1814
         88         2.2898790        21.40957         7.51273         1.1877
         89         2.2888772        21.39934         7.51268         1.1940
         90         2.2938766        21.44916         7.51489         1.1942
         91         2.2902313        21.40967         7.51842         1.1915
         92         2.2927971        21.43370         7.52205         1.1887
         93         2.2946037        21.45069         7.52447         1.1890
         94         2.2958763        21.46281         7.52594         1.1863
         95         2.2941520        21.44432         7.52731         1.1895
         96         2.2931881        21.43296         7.52973         1.1867
         97         2.2882001        21.38219         7.52931         1.1870
         98         2.2899284        21.39932         7.53020         1.1872
         99         2.2908423        21.41003         7.52799         1.1846
        100         2.2898459        21.39990         7.52789         1.1909
        101         2.2930614        21.43176         7.52957         1.1911
        102         2.2863348        21.36408         7.52773         1.1884
        103         2.2877104        21.37838         7.52736         1.1856
        104         2.2892184        21.39452         7.52620         1.1890
        105         2.2861587        21.36386         7.52515         1.1893
        106         2.2904404        21.40809         7.52447         1.1895
        107         2.2894165        21.39771         7.52431         1.1898
        108         2.2889212        21.39345         7.52299         1.1872
        109         2.2879526        21.38483         7.52089         1.1904
        110         2.2899395        21.40669         7.51842         1.1937
        111         2.2859773        21.36886         7.51400         1.1910
        112         2.2854932        21.36639         7.50995         1.1912
        113         2.2872318        21.38535         7.50805         1.1916
        114         2.2872923        21.38688         7.50658         1.1919
        115         2.2875620        21.39148         7.50358         1.1922
        116         2.2859058        21.37601         7.50116         1.1955
        117         2.2873694        21.39268         7.49843         1.1959
        118         2.2860104        21.37993         7.49653         1.1931
        119         2.2895984        21.41832         7.49385         1.1995
        120         2.2866211        21.38858         7.49264         1.1908
        121         2.2880419        21.49120         7.34996         1.3212
        122         2.2925754        21.76497         6.98695         1.6970
        123         2.3079537        22.03664         6.81166         2.1452
        124         2.3273629        22.31069         6.70190         2.6360
        125         2.3877028        22.95093         6.69308         3.1540
        126         2.5945544        25.10862         6.73802         3.7507
        127         2.7172370        26.37466         6.79289         4.3837
        128         2.7651347        26.86795         6.81673         5.0138
        129         2.7977474        27.21143         6.82361         5.6377
        130         2.8170197        27.41162         6.83127         6.2766
        131         2.8458678        27.71163         6.84270         6.8946
        132         2.8877010        28.14314         6.86424         7.5246
        133         2.9462656        28.73716         6.90730         8.1455
        134         2.9804874        29.07095         6.94822         8.7634
        135         2.9978449        29.24017         6.96883         9.3781
        136         3.0238366        29.50800         6.98285         9.9960
        137         3.0393003        29.66772         6.99069        10.6109
        138         3.0435096        29.70967         6.99438        11.2378
        139         3.0458287        29.73132         6.99796        11.8406
        140         3.0480997        29.75250         7.00150        12.4464
        141         3.0507989        29.77729         7.00617        13.0793
        142         3.0536394        29.80347         7.01101        13.6912
        143         3.0564015        29.82724         7.01766        14.2970
        144         3.0583453        29.84374         7.02249        14.9088
        145         3.0650175        29.90177         7.03820        15.6145
        146         3.0698766        29.92661         7.06952        16.4019
        147         3.0746897        29.95562         7.09544        17.1529
        148         3.0808662        29.98530         7.13744        17.9100
        149         3.0825706        29.98753         7.15559        18.6731
        150         3.0833618        29.99333         7.15830        19.4697
        151         3.0842634        30.00208         7.15898        20.2783
        152         3.0849199        30.00910         7.15861        21.0900
        153         3.0852943        30.01281         7.15856        21.9075
        154         3.0862821        30.02624         7.15491        22.7313
        155         3.0867302        30.04172         7.14224        23.5488
        156         3.0882584        30.08382         7.11237        24.3545
        157         3.0890748        30.09761         7.10622        25.1721
        158         3.0892471        30.12163         7.08040        26.0261
        159         3.0903951        30.14938         7.06239        26.8527
        160         3.0907147        30.16884         7.04366        27.6643
        161         3.0913350        30.18754         7.02951        28.5274
        162         3.0927902        30.21322         7.01771        29.3783
        163         3.0933675        30.21597         7.02125        30.2263
        164         3.0935580        30.21686         7.02213        31.1104
        165         3.0935645        30.21822         7.02021        31.9976
        166         3.0930737        30.22620         7.00461        32.8788
        167         3.0930742        30.24761         6.97978        33.7691
        168         3.0937254        30.26054         6.97262        34.6745
        169         3.0938914        30.26366         6.97064        35.5799
        170         3.0940391        30.26686         6.96836        36.4944
        171         3.0945859        30.27404         6.96644        37.4330
        172         3.0965084        30.30022         6.95985        38.3688
        173         3.0971598        30.31456         6.95108        39.3163
        174         3.0981798        30.32901         6.94672        40.2701
        175         3.1002505        30.34583         6.95258        41.2330
        176         3.0996241        30.33962         6.95144        42.1958
        177         3.0998703        30.35956         6.93136        43.1557
        178         3.1033798        30.39466         6.93416        44.1185
        179         3.1051197        30.40382         6.94464        45.0814
        180         3.1051878        30.42370         6.92249        46.0382
        181         3.1040941        30.43910         6.89118        47.0191
        182         3.1018513        30.45059         6.85021        48.0303
        183         3.1013052        30.49183         6.79651        49.0415
        184         3.1078594        30.58376         6.77278        50.0921
        185         3.1095021        30.61323         6.75925        51.1579
        186         3.1108194        30.65779         6.72486        52.2387
        187         3.1122474        30.69054         6.70510        53.3347
        188         3.1142113        30.74312         6.66978        54.4427
        189         3.1188174        30.83341         6.62475        55.5721
        190         3.1210293        30.88856         6.58986        56.6951
        191         3.1218306        30.90615         6.57967        57.5247
        192         3.1223299        30.91828         6.57191        58.2878
        193         3.1228478        30.92935         6.56553        59.0962
        194         3.1246721        30.95561         6.55818        59.9107
        195         3.1272736        30.98533         6.55643        60.7432
        196         3.1282294        30.99482         6.55710        61.5577
        197         3.1311588        31.02418         6.55972        62.3691
        198         3.1341263        31.05816         6.55772        63.1864
        199         3.1379530        31.11007         6.54636        64.0190
        200         3.1401266        31.14756         6.53094        64.8668
        201         3.1405036        31.16188         6.51933        65.7236
        202         3.1421775        31.19167         6.50639        66.5865
        203         3.1439569        31.22633         6.48940        67.4523
        204         3.1450692        31.24856         6.47801        68.3454
        205         3.1467503        31.27621         6.46755        69.2355
        206         3.1481907        31.30687         6.45093        70.1226
        207         3.1496621        31.33300         6.43965        71.0248
        208         3.1513194        31.36010         6.42956        71.9238
        209         3.1520555        31.37056         6.42653        72.8321
        210         3.1533111        31.38650         6.42377        73.7616
        211         3.1557484        31.41466         6.42187        74.6878
        212         3.1584401        31.44224         6.42366        75.6082
        213         3.1601609        31.45807         6.42658        76.5497
        214         3.1637394        31.49071         6.43345        77.5093
        215         3.1692770        31.52449         6.46247        78.4597
        216         3.1711610        31.52452         6.48443        79.4073
        217         3.1698477        31.53206         6.46011        80.3488
        218         3.1687390        31.53591         6.44222        81.3325
        219         3.1707783        31.57911         6.41931        82.3133
        220         3.1726194        31.59761         6.42074        83.3153
        221         3.1743741        31.61008         6.42766        84.3051
        222         3.1753540        31.61814         6.43012        85.2920
        223         3.1767932        31.64565         6.41705        86.2909
        224         3.1756712        31.64950         6.39908        87.2384
        225         3.1743138        31.65689         6.37450        88.1495
        226         3.1738122        31.67636         6.34708        89.1182
        227         3.1763797        31.72241         6.32760        90.0808
        228         3.1763679        31.74810         6.29939        91.0373
        229         3.1780740        31.78301         6.28171        92.0210
        230         3.1794392        31.81310         6.26517        93.0138
        231         3.1811336        31.85040         6.24486        94.0127
        232         3.1821394        31.88588         6.21839        95.0086
        233         3.1877952        31.94380         6.22303        96.0224
        234         3.1974011        31.98916         6.28764        97.0365
        235         3.1935164        31.93366         6.30041        98.0505
        236         3.1862253        31.93857         6.20850        99.0644
        237         3.1862943        31.97629         6.16865       100.1057
        238         3.1908596        32.03709         6.15745       101.1621
        239         3.2006245        32.07498         6.23180       102.2092
        240         3.1999092        32.03628         6.26395       103.2263
        241         3.1957379        32.02397         6.22731       104.2825
        242         3.1913144        32.04461         6.15271       105.3297
        243         3.1915264        32.08494         6.11196       106.3648
        244         3.1924589        32.11242         6.09335       107.4120
        245         3.1926457        32.12439         6.08237       108.4442
        246         3.1939573        32.14752         6.07286       109.4641
        247         3.1960089        32.18320         6.05884       110.4840
        248         3.1958726        32.19218         6.04726       111.4889
        249         3.1957238        32.20249         6.03416       112.4453
        250         3.1954011        32.22031         6.01112       113.4138
        251         3.1958615        32.23540         6.00016       114.3822
        252         3.1970928        32.25795         5.99042       115.3538
        253         3.1990020        32.28210         5.98697       116.3222
        254         3.2004450        32.29666         5.98814       117.2907
        255         3.2023053        32.32564         5.97906       118.2651
        256         3.2032575        32.34132         5.97329       119.2487
        257         3.2035067        32.34334         5.97359       120.2384
        258         3.2036687        32.34486         5.97339       121.2250
        259         3.2041108        32.35079         5.97187       122.1935
        260         3.2081876        32.38846         5.97967       123.1710
        261         3.2136239        32.41331         6.01675       124.1697
        262         3.2132005        32.39655         6.02883       125.1745
        263         3.2114944        32.39339         6.01168       126.1730
        264         3.2140299        32.43133         6.00113       127.1748
        265         3.2085877        32.40223         5.96741       128.1734
        266         3.2103567        32.46064         5.92657       129.1752
        267         3.2127544        32.45934         5.95545       130.1617
        268         3.2096224        32.43875         5.93984       131.1392
        269         3.2075251        32.44887         5.90425       132.1469
        270         3.2071213        32.48636         5.85994       133.1607
        271         3.2068790        32.49797         5.84452       134.1624
        272         3.2077197        32.51643         5.83461       135.1731
        273         3.2085542        32.52483         5.83512       136.1837
        274         3.2092580        32.53184         5.83552       137.2036
        275         3.2092273        32.54033         5.82582       138.2233
        276         3.2097943        32.55827         5.81330       139.2400
        277         3.2098695        32.56907         5.80244       140.2659
        278         3.2098699        32.57802         5.79265       141.2857
        279         3.2110720        32.58968         5.79406       142.2904
        280         3.2106925        32.58798         5.79088       143.3131
        281         3.2119945        32.61123         5.78144       144.3269
        282         3.2116460        32.60681         5.78144       145.3465
        283         3.2116963        32.62139         5.76641       146.3633
        284         3.2117590        32.63174         5.75591       147.3800
        285         3.2122079        32.64638         5.74548       148.3938
        286         3.2123017        32.65152         5.74074       149.4044
        287         3.2123955        32.65911         5.73348       150.4120
        288         3.2143954        32.68759         5.72682       151.4135
        289         3.2154051        32.70594         5.71911       152.4150
        290         3.2157918        32.71416         5.71463       153.4135
        291         3.2158171        32.72019         5.70818       154.4273
        292         3.2150574        32.72711         5.69171       155.4258
        293         3.2158055        32.74737         5.67902       156.4242
        294         3.2165225        32.75932         5.67454       157.4227
        295         3.2184173        32.77977         5.67499       158.4274
        296         3.2186359        32.79021         5.66629       159.4227
        297         3.2189542        32.80114         5.65823       160.4305
        298         3.2190543        32.80490         5.65501       161.4287
        299         3.2191419        32.80686         5.65350       162.4363
        300         3.2191671        32.80847         5.65164       163.4287
        301         3.2193669        32.81128         5.65059       164.3909
        302         3.2197474        32.81518         5.65054       165.2986
        303         3.2202714        32.81992         5.65129       166.1790
        304         3.2214313        32.83303         5.65084       167.0595
        305         3.2223295        32.84387         5.64968       167.9400
        306         3.2226603        32.84854         5.64827       168.8205
        307         3.2228414        32.85118         5.64722       169.7009
        308         3.2229539        32.85295         5.64626       170.5814
        309         3.2233658        32.85854         5.64485       171.4620
        310         3.2247008        32.87470         5.64329       172.3485
        311         3.2259362        32.88901         5.64249       173.2259
        312         3.2263108        32.89330         5.64198       174.1003
        313         3.2274279        32.90854         5.63887       174.9684
        314         3.2283205        32.92168         5.63530       175.8460
        315         3.2287889        32.92710         5.63469       176.7779
        316         3.2292322        32.93230         5.63409       177.5857
        317         3.2298878        32.94003         5.63343       178.2455
        318         3.2303748        32.94560         5.63303       178.9050
        319         3.2304312        32.94599         5.63293       179.5889
        320         3.2305126        32.94656         5.63293       180.2939
        321         3.2307375        32.94921         5.63248       180.9717
        322         3.2308750        32.95131         5.63157       181.6555
        323         3.2311249        32.95424         5.63112       182.3453
        324         3.2312999        32.95666         5.63032       183.0322
        325         3.2314188        32.95811         5.62986       183.7130
        326         3.2315189        32.95920         5.62956       184.3970
        327         3.2316752        32.96105         5.62911       185.1230
        328         3.2319438        32.96460         5.62820       185.8673
        329         3.2322125        32.96851         5.62695       186.5903
        330         3.2323126        32.97008         5.62614       187.3014
        331         3.2324627        32.97191         5.62569       187.9097
        332         3.2325940        32.97371         5.62509       188.4634
        333         3.2327065        32.97505         5.62474       189.0201
        334         3.2329252        32.97784         5.62413       189.5739
        335         3.2331190        32.98053         5.62333       190.1611
        336         3.2332128        32.98200         5.62262       190.7177
        337         3.2332692        32.98255         5.62242       191.2835
        338         3.2333568        32.98355         5.62212       191.8646
        339         3.2334257        32.98424         5.62192       192.4484
        340         3.2335070        32.98506         5.62172       193.0324
        341         3.2335884        32.98585         5.62157       193.6074
        342         3.2336822        32.98691         5.62127       194.1944
        343         3.2339072        32.98964         5.62076       194.8177
        344         3.2340698        32.99191         5.62001       195.4319
        345         3.2342073        32.99380         5.61936       196.0460
        346         3.2342637        32.99443         5.61905       196.6603
        347         3.2342951        32.99453         5.61900       197.2714
        348         3.2343328        32.99471         5.61895       197.8705
        349         3.2343767        32.99495         5.61890       198.4787
        350         3.2344393        32.99546         5.61880       199.0808
        351         3.2344957        32.99600         5.61860       199.6737
        352         3.2345334        32.99623         5.61850       200.2547
        353         3.2345710        32.99642         5.61845       200.8418
        354         3.2347273        32.99813         5.61820       201.4497
        355         3.2349149        33.00059         5.61755       202.0488
        356         3.2350462        33.00241         5.61689       202.6631
        357         3.2352463        33.00481         5.61644       203.2893
        358         3.2355026        33.00842         5.61538       203.9397
        359         3.2356027        33.01020         5.61438       204.6054
        360         3.2357778        33.01297         5.61322       205.3011
        361         3.2359467        33.01669         5.61101       206.0240
        362         3.2363342        33.02268         5.60900       206.7440
        363         3.2366343        33.02819         5.60649       207.4579
        364         3.2367782        33.03014         5.60578       208.1840
        365         3.2369533        33.03195         5.60558       208.9252
        366         3.2372222        33.03483         5.60538       209.6632
        367         3.2372786        33.03513         5.60533       210.4285
        368         3.2376224        33.03864         5.60533       211.1999
        369         3.2379288        33.04182         5.60523       211.9802
        370         3.2381540        33.04441         5.60478       212.7790
        371         3.2382542        33.04687         5.60302       213.5802
        372         3.2384481        33.05113         5.60051       214.3790
        373         3.2386171        33.05432         5.59880       215.1837
        374         3.2389048        33.05722         5.59875       216.0033
        375         3.2390737        33.05847         5.59900       216.8260
        376         3.2391677        33.05947         5.59865       217.6549
        377         3.2391867        33.06011         5.59779       218.4898
        378         3.2392432        33.06112         5.59699       219.3395
        379         3.2391873        33.06109         5.59594       220.1986
        380         3.2391626        33.06353         5.59272       221.0666
        381         3.2395503        33.06897         5.59121       221.9407
        382         3.2397317        33.07004         5.59177       222.8211
        383         3.2398882        33.07138         5.59177       223.6980
        384         3.2401510        33.07470         5.59096       224.5812
        385         3.2403637        33.07692         5.59071       225.4612
        386         3.2405452        33.07857         5.59076       226.1660
        387         3.2405952        33.07872         5.59106       226.3990
        388         3.2407391        33.08011         5.59106       226.8833
        389         3.2410768        33.08336         5.59131       227.5425
        390         3.2413770        33.08610         5.59161       228.2625
        391         3.2414710        33.08731         5.59111       228.9763
        392         3.2415712        33.08849         5.59071       229.6780
        393         3.2416464        33.08923         5.59046       230.3859
        394         3.2417342        33.09021         5.59011       231.1056
        395         3.2417657        33.09169         5.58860       231.8343
        396         3.2418096        33.09231         5.58810       232.5697
        397         3.2418911        33.09302         5.58795       233.3013
        398         3.2419539        33.09352         5.58780       234.0273
        399         3.2420291        33.09419         5.58760       234.7775
        400         3.2421231        33.09523         5.58724       235.5244
        401         3.2421921        33.09574         5.58714       236.2745
        402         3.2422798        33.09665         5.58684       237.0368
        403         3.2423488        33.09764         5.58624       237.8079
        404         3.2424428        33.09886         5.58569       238.5821
        405         3.2425494        33.10003         5.58533       239.3533
        406         3.2427559        33.10218         5.58513       240.1337
        407         3.2431374        33.10610         5.58513       240.9258
        408         3.2432440        33.10705         5.58498       241.7302
        409         3.2433630        33.10805         5.58493       242.5319
        410         3.2437508        33.11155         5.58544       243.3451
        411         3.2438699        33.11180         5.58614       244.1556
        412         3.2439389        33.11218         5.58614       244.9724
        413         3.2440329        33.11308         5.58589       245.7919
        414         3.2440957        33.11338         5.58589       246.6143
        415         3.2441835        33.11416         5.58569       247.4399
        416         3.2442713        33.11514         5.58528       248.2685
        417         3.2443653        33.11629         5.58478       249.0972
        418         3.2444531        33.11738         5.58428       249.8832
        419         3.2444720        33.11761         5.58408       250.2523
        420         3.2444971        33.11771         5.58408       250.6155
        421         3.2446036        33.11908         5.58363       251.1871
        422         3.2446788        33.12059         5.58267       251.7463
        423         3.2447227        33.12106         5.58242       252.2969
        424         3.2447979        33.12183         5.58222       252.8625
        425         3.2448857        33.12293         5.58182       253.4462
        426         3.2449484        33.12379         5.58137       254.0300
        427         3.2450048        33.12443         5.58107       254.6226
        428         3.2450363        33.12464         5.58091       255.2247
        429         3.2450927        33.12493         5.58096       255.8202
        430         3.2452430        33.12647         5.58081       256.4341
        431         3.2452870        33.12686         5.58061       257.0509
        432         3.2453684        33.12773         5.58036       257.6680
        433         3.2454812        33.12953         5.57951       258.3031
        434         3.2456502        33.13186         5.57875       258.9412
        435         3.2457505        33.13352         5.57790       259.5823
        436         3.2458257        33.13430         5.57765       260.2324
        437         3.2459323        33.13532         5.57750       260.8915
        438         3.2460575        33.13715         5.57675       261.5539
        439         3.2461078        33.13778         5.57634       262.2251
        440         3.2462518        33.13893         5.57649       262.8904
        441         3.2463959        33.13989         5.57685       263.5557
        442         3.2465086        33.14122         5.57644       264.2331
        443         3.2466089        33.14266         5.57579       264.9103
        444         3.2466904        33.14369         5.57534       265.6089
        445         3.2467657        33.14453         5.57499       266.3133
        446         3.2468598        33.14583         5.57439       267.0483
        447         3.2469726        33.14792         5.57318       267.7828
        448         3.2471479        33.15029         5.57243       268.4966
        449         3.2472857        33.15215         5.57177       269.1949
        450         3.2473485        33.15281         5.57152       269.7996
        451         3.2473735        33.15280         5.57177       269.8844
        452         3.2473860        33.15216         5.57258       269.8729
        453         3.2474548        33.15234         5.57318       269.8880
        454         3.2474798        33.15232         5.57348       269.9003
        455         3.2475110        33.15214         5.57408       269.7735
        456         3.2475046        33.15171         5.57474       269.2025
        457         3.2472855        33.15090         5.57343       268.4262
        458         3.2471414        33.15020         5.57293       267.5404
        459         3.2469659        33.14828         5.57333       266.6219
        460         3.2468218        33.14631         5.57413       265.7123
        461         3.2467277        33.14466         5.57519       264.8026
        462         3.2466211        33.14326         5.57584       263.8840
        463         3.2464520        33.14111         5.57655       262.9621
        464         3.2463328        33.13958         5.57720       262.0405
        465         3.2462012        33.13831         5.57745       261.0972
        466         3.2460508        33.13684         5.57770       260.1303
        467         3.2458879        33.13504         5.57815       259.1632
        468         3.2457563        33.13363         5.57855       258.1960
        469         3.2455371        33.13104         5.57916       257.2350
        470         3.2453618        33.12850         5.58021       256.2616
        471         3.2451801        33.12619         5.58096       255.2826
        472         3.2450360        33.12470         5.58132       254.3034
        473         3.2449419        33.12407         5.58137       253.3302
        474         3.2448290        33.12313         5.58152       252.3509
        475         3.2447224        33.12177         5.58217       251.3655
        476         3.2446158        33.12056         5.58267       250.3800
        477         3.2444655        33.11845         5.58358       249.3977
        478         3.2443901        33.11725         5.58443       248.4064
        479         3.2442648        33.11588         5.58488       247.4148
        480         3.2441832        33.11481         5.58554       246.4265
        481         3.2441016        33.11378         5.58614       245.4412
        482         3.2440137        33.11288         5.58654       244.4559
        483         3.2439134        33.11204         5.58674       243.4643
        484         3.2438006        33.11111         5.58689       242.4728
        485         3.2434877        33.10841         5.58654       241.4815
        486         3.2432498        33.10690         5.58584       240.4900
        487         3.2430057        33.10487         5.58559       239.5015
        488         3.2426241        33.10104         5.58559       238.5131
        489         3.2424175        33.09910         5.58569       237.5187
        490         3.2422609        33.09733         5.58619       236.5301
        491         3.2421481        33.09600         5.58674       235.5385
        492         3.2420415        33.09484         5.58719       234.5441
        493         3.2419412        33.09391         5.58749       233.5495
        494         3.2418284        33.09283         5.58780       232.5581
        495         3.2417281        33.09204         5.58795       231.5635
        496         3.2416965        33.09198         5.58815       230.5689
        497         3.2416649        33.09088         5.58940       229.5833
        498         3.2415459        33.08899         5.59046       228.5946
        499         3.2413768        33.08678         5.59126       227.5941
        500         3.2410702        33.08326         5.59182       226.5936
        501         3.2407012        33.07969         5.59171       225.5868
        502         3.2404572        33.07757         5.59156       224.5893
        503         3.2402444        33.07605         5.59116       223.5886
        504         3.2399441        33.07301         5.59131       222.5787
        505         3.2396501        33.06983         5.59166       221.5781
        506         3.2392999        33.06651         5.59151       220.5775
        507         3.2390809        33.06434         5.59171       219.5737
        508         3.2390806        33.06202         5.59458       218.5759
        509         3.2390365        33.06044         5.59619       217.5755
        510         3.2390362        33.05976         5.59739       216.5654
        511         3.2389171        33.05758         5.59875       215.5497
        512         3.2386481        33.05465         5.59915       214.5247
        513         3.2383542        33.05095         5.60006       213.5029
        514         3.2380977        33.04644         5.60222       212.4749
        515         3.2378849        33.04241         5.60438       211.4651
        516         3.2376347        33.03925         5.60523       210.4552
        517         3.2373845        33.03652         5.60563       209.4514
        518         3.2370843        33.03338         5.60588       208.4476
        519         3.2368092        33.03066         5.60599       207.4468
        520         3.2365528        33.02796         5.60629       206.4461
        521         3.2360965        33.02183         5.60779       205.4301
        522         3.2357401        33.01554         5.61061       204.4202
        523         3.2354212        33.00983         5.61327       203.4132
        524         3.2351211        33.00497         5.61528       202.4005
        525         3.2348273        33.00082         5.61664       201.3814
        526         3.2345459        32.99700         5.61780       200.3775
        527         3.2344145        32.99528         5.61855       199.3767
        528         3.2343017        32.99426         5.61880       198.3637
        529         3.2342452        32.99412         5.61880       197.3630
        530         3.2341700        32.99362         5.61895       196.3589
        531         3.2340198        32.99212         5.61926       195.3491
        532         3.2337260        32.98842         5.62016       194.3360
        533         3.2334759        32.98510         5.62117       193.3351
        534         3.2333007        32.98293         5.62187       192.3282
        535         3.2332130        32.98195         5.62237       191.3181
        536         3.2330816        32.98072         5.62262       190.3021
        537         3.2327940        32.97708         5.62353       189.3043
        538         3.2324940        32.97305         5.62469       188.3244
        539         3.2322627        32.96984         5.62579       187.3416
        540         3.2320002        32.96657         5.62660       186.3499
        541         3.2317502        32.96316         5.62770       185.3519
        542         3.2315001        32.95985         5.62871       184.3479
        543         3.2313687        32.95832         5.62926       183.3408
        544         3.2311374        32.95550         5.62996       182.3610
        545         3.2308562        32.95202         5.63077       181.3933
        546         3.2305688        32.94807         5.63198       180.4136
        547         3.2304062        32.94614         5.63258       179.4125
        548         3.2300438        32.94221         5.63293       178.3965
        549         3.2293882        32.93488         5.63333       177.4346
        550         3.2288761        32.92913         5.63384       176.3700
        551         3.2280209        32.91940         5.63444       175.2995
        552         3.2270035        32.90668         5.63620       174.3016
        553         3.2262482        32.89560         5.63932       173.2913
        554         3.2253808        32.88457         5.64108       172.2934
        555         3.2240706        32.86899         5.64239       171.2955
        556         3.2230848        32.85683         5.64395       170.2821
        557         3.2227041        32.85181         5.64520       169.2690
        558         3.2223733        32.84709         5.64671       168.2648
        559         3.2215810        32.83693         5.64847       167.2577
        560         3.2203150        32.82151         5.65013       166.2534
        561         3.2196165        32.81372         5.65054       165.2494
        562         3.2192422        32.81043         5.65008       164.2423
        563         3.2191421        32.80995         5.64993       163.2291
        564         3.2189735        32.80815         5.65034       162.2188
        565         3.2189358        32.80681         5.65179       161.2116
        566         3.2187859        32.80361         5.65386       160.2014
        567         3.2185736        32.79898         5.65667       159.1759
        568         3.2182803        32.79015         5.66286       158.1536
        569         3.2168028        32.76565         5.67142       157.1405
        570         3.2157930        32.75383         5.67238       156.1211
        571         3.2152195        32.74595         5.67434       155.1048
        572         3.2148328        32.73539         5.68124       154.0945
        573         3.2154367        32.73053         5.69377       153.0934
        574         3.2151621        32.71656         5.70551       152.0741
        575         3.2144390        32.70149         5.71317       151.0517
        576         3.2127318        32.67489         5.72128       150.0231
        577         3.2121459        32.65884         5.73156       148.9978
        578         3.2118279        32.64656         5.74109       147.9571
        579         3.2113479        32.63195         5.75112       146.9377
        580         3.2110610        32.62128         5.75934       145.9184
        581         3.2110607        32.61861         5.76262       144.9080
        582         3.2114464        32.61268         5.77377       143.8945
        583         3.2110474        32.60050         5.78225       142.8903
        584         3.2109100        32.59079         5.79123       141.8739
        585         3.2101250        32.57841         5.79542       140.8696
        586         3.2096079        32.56759         5.80113       139.8712
        587         3.2090907        32.55682         5.80678       138.8760
        588         3.2087355        32.54417         5.81628       137.8688
        589         3.2085234        32.53178         5.82719       136.8703
        590         3.2075643        32.51848         5.83032       135.8752
        591         3.2068856        32.51037         5.83133       134.8798
        592         3.2066549        32.50292         5.83689       133.8846
        593         3.2066234        32.49334         5.84699       132.8922
        594         3.2078926        32.48049         5.87571       131.8788
        595         3.2096413        32.46971         5.90789       130.8835
        596         3.2107180        32.45541         5.93589       129.9003
        597         3.2077853        32.43080         5.92779       128.9262
        598         3.2083702        32.44690         5.91832       127.9370
        599         3.2106173        32.44194         5.95028       126.9384
        600         3.2108969        32.42212         5.97476       125.9431
        601         3.2118617        32.41307         5.99600       124.9448
        602         3.2128141        32.40659         6.01442       123.9676
        603         3.2111944        32.38345         6.02020       122.9753
        604         3.2073093        32.35624         6.00371       122.0041
        605         3.2047575        32.34591         5.98515       121.0330
        606         3.2037306        32.34302         5.97663       120.0767
        607         3.2032326        32.34053         5.97389       119.1176
        608         3.2025666        32.33456         5.97283       118.1586
        609         3.2010609        32.31634         5.97476       117.2085
        610         3.1994684        32.29440         5.97957       116.2615
        611         3.1976151        32.27038         5.98353       115.3085
        612         3.1960916        32.24926         5.98829       114.3706
        613         3.1952832        32.23561         5.99362       113.4417
        614         3.1950404        32.22737         5.99991       112.5036
        615         3.1951022        32.21390         6.01528       111.5717
        616         3.1952385        32.20247         6.02939       110.6519
        617         3.1949211        32.18790         6.04147       109.7353
        618         3.1936901        32.16479         6.05183       108.8033
        619         3.1926333        32.14397         6.06184       107.8652
        620         3.1919432        32.12691         6.07220       106.9273
        621         3.1911787        32.10831         6.08333       106.0044
        622         3.1908428        32.09342         6.09558       105.0754
        623         3.1931038        32.08891         6.12747       104.1525
        624         3.1962168        32.07792         6.17624       103.2477
        625         3.1983485        32.05840         6.22252       102.3399
        626         3.1951030        32.01825         6.22736       101.4231
        627         3.1899458        31.99443         6.19229       100.5062
        628         3.1860955        31.97618         6.16667        99.6256
        629         3.1859959        31.97419         6.16804        98.7663
        630         3.1893549        31.98345         6.19830        97.9070
        631         3.1916651        31.96910         6.24129        97.0535
        632         3.1877452        31.91349         6.25466        96.1819
        633         3.1837717        31.89323         6.22971        95.3195
        634         3.1817670        31.88680         6.21329        94.4480
        635         3.1802836        31.86082         6.22390        93.5736
        636         3.1788562        31.82531         6.24537        92.6958
        637         3.1777516        31.79546         6.26466        91.8032
        638         3.1767464        31.76960         6.28090        90.8983
        639         3.1764916        31.75021         6.29913        89.9875
        640         3.1752199        31.71610         6.32110        89.0766
        641         3.1734339        31.68864         6.32985        88.1838
        642         3.1730430        31.67986         6.33511        87.2668
        643         3.1733959        31.67054         6.34979        86.3862
        644         3.1729863        31.64904         6.36851        85.5087
        645         3.1727814        31.63645         6.38008        84.6430
        646         3.1716529        31.61197         6.39349        83.7685
        647         3.1709274        31.59669         6.40179        82.8969
        648         3.1708217        31.58930         6.40896        82.0253
        649         3.1707284        31.58123         6.41700        81.1566
        650         3.1689496        31.56047         6.41869        80.2759
        651         3.1695379        31.55577         6.43125        79.3892
        652         3.1699464        31.54988         6.44293        78.5084
        653         3.1700947        31.53155         6.46498        77.6459
        654         3.1667920        31.48637         6.47499        76.7834
        655         3.1614913        31.45129         6.45016        75.9178
        656         3.1593062        31.44487         6.43145        75.0460
        657         3.1576414        31.43241         6.42551        74.1713
        658         3.1556800        31.41559         6.42074        73.3119
        659         3.1541704        31.40107         6.41890        72.4401
        660         3.1525313        31.38336         6.41895        71.5927
        661         3.1510718        31.36649         6.42023        70.7513
        662         3.1499340        31.35167         6.42315        69.9069
        663         3.1483883        31.32710         6.43181        69.0472
        664         3.1474362        31.30963         6.43986        68.1876
        665         3.1454523        31.27884         6.45006        67.3371
        666         3.1439692        31.24995         6.46421        66.5017
        667         3.1427828        31.22734         6.47509        65.6785
        668         3.1412508        31.19865         6.48848        64.8522
        669         3.1403736        31.17786         6.50111        64.0409
        670         3.1384716        31.14564         6.51394        63.2238
        671         3.1353173        31.09680         6.52997        62.4125
        672         3.1320593        31.04938         6.54322        61.6134
        673         3.1290925        31.01171         6.54929        60.8144
        674         3.1262378        30.97911         6.55114        60.0060
        675         3.1242344        30.95342         6.55566        59.2008
        676         3.1234207        30.93952         6.56157        58.4048
        677         3.1234142        30.93313         6.56898        57.6056
        678         3.1232167        30.92399         6.57710        56.8035
        679         3.1225817        30.91201         6.58307        55.9953
        680         3.1212629        30.88118         6.60164        55.1930
        681         3.1184537        30.82878         6.62609        54.3849
        682         3.1136452        30.76810         6.63551        53.5766
        683         3.1120755        30.73761         6.65076        52.7926
        684         3.1110475        30.70863         6.67096        52.0116
        685         3.1097919        30.67252         6.69638        51.2306
        686         3.1088072        30.63925         6.72197        50.4648
        687         3.1084009        30.62568         6.73260        49.6927
        688         3.1082591        30.61555         6.74262        48.9177
        689         3.1077482        30.59260         6.76250        48.1429
        690         3.1017966        30.52205         6.76937        47.3708
        691         3.0996149        30.49425         6.77433        46.6020
        692         3.1013964        30.49015         6.80116        45.8271
        693         3.1040387        30.48354         6.84136        45.0489
        694         3.1043641        30.46754         6.86378        44.2679
        695         3.1036259        30.44117         6.88491        43.4867
        696         3.1039942        30.41635         6.91788        42.6996
        697         3.1034097        30.38815         6.94303        41.9036
        698         3.1018421        30.36824         6.94677        41.1043
        699         3.0994085        30.34514         6.94350        40.3021
        700         3.0980138        30.33214         6.94153        39.4968
        701         3.0968403        30.31947         6.94189        38.6944
        702         3.0961030        30.30592         6.94864        37.8800
        703         3.0947946        30.28582         6.95580        37.0687
        704         3.0933699        30.26835         6.95855        36.2603
        705         3.0929951        30.26137         6.96229        35.4611
        706         3.0927309        30.25462         6.96711        34.6709
        707         3.0926139        30.24896         6.97251        33.8928
        708         3.0927977        30.23633         6.98955        33.1328
        709         3.0928281        30.22801         6.99978        32.3699
        710         3.0927357        30.22403         7.00358        31.6009
        711         3.0923242        30.21893         7.00472        30.8229
        712         3.0913664        30.21026         7.00321        30.0325
        713         3.0906541        30.19430         7.01303        29.2607
        714         3.0901873        30.17918         7.02494        28.4824
        715         3.0894198        30.15869         7.03929        27.6831
        716         3.0885236        30.13554         7.05510        26.8959
        717         3.0880691        30.11197         7.07686        26.1299
        718         3.0869951        30.09101         7.08800        25.3700
        719         3.0862219        30.08057         7.09081        24.6038
        720         3.0862584        30.07354         7.09971        23.8439
        721         3.0864236        30.05804         7.11993        23.0840
        722         3.0871225        30.04762         7.14093        22.3117
        723         3.0871467        30.03625         7.15470        21.5397
        724         3.0849382        30.00989         7.15809        20.7675
        725         3.0840181        30.00338         7.15459        19.9923
        726         3.0835273        29.99922         7.15371        19.2021
        727         3.0828464        29.99302         7.15282        18.3966
        728         3.0819327        29.98427         7.15199        17.6155
        729         3.0776483        29.95083         7.13780        16.8433
        730         3.0735499        29.92814         7.11352        16.0711
        731         3.0690007        29.90183         7.08779        15.2808
        732         3.0651270        29.87655         7.06920        14.5178
        733         3.0610655        29.85024         7.04943        13.7668
        734         3.0580940        29.83287         7.03289        13.0068
        735         3.0550442        29.81041         7.02125        12.2376
        736         3.0522948        29.78743         7.01392        11.4927
        737         3.0496806        29.76460         7.00810        10.7417
        738         3.0459380        29.72946         7.00243         9.9847
        739         3.0411601        29.68557         6.99396         9.2368
        740         3.0390862        29.66904         6.98757         8.4827
        741         3.0354278        29.63380         6.98306         7.7347
        742         3.0259361        29.54144         6.97179         6.9929
        743         3.0209084        29.49436         6.96384         6.2418
        744         2.9990879        29.27613         6.94428         5.4848
        745         2.9710660        28.99761         6.91694         4.7398
        746         2.9208199        28.48261         6.88626         4.0342
        747         2.8901294        28.18140         6.85156         3.3771
        748         2.8752355        28.03736         6.83220         2.7351
        749         2.8345628        27.61628         6.81290         2.0871
        750         2.7360458        26.61154         6.74804         1.5449
        751         2.6667285        25.92720         6.67344         1.2359
        752         2.5776950        25.03048         6.60076         1.0299
        753         2.4492034        23.72818         6.50860         0.8572
        754         2.3639231        22.86423         6.44847         0.6634
        755         2.2737116        21.92031         6.43325         0.3907
        756         1.9386589        18.41316         6.44042         0.1181
        757         2.0727256        19.78748         6.47391         0.0513
        758         1.5501641        14.42921         6.45893         0.0483
        759         0.2942535         2.42839         6.47930         0.0512
        760         0.3165512         2.62328         6.48822         0.0481
        761         0.2960601         2.44288         6.49782         0.0511
        762         0.2108761         1.70571         6.50937         0.0510
        763         0.2064057         1.66709         6.51928         0.0509
        764         0.1907631         1.53376         6.52766         0.0508
        765         0.1731088         1.38431         6.53531         0.0508
        766         0.1428585         1.13089         6.54250         0.0507
        767         0.1319881         1.04050         6.54949         0.0506
        768         0.1137227         0.89006         6.54877         0.0505
