          1         0.0059453         0.03537        20.36332        -0.0422
          2         0.0059855         0.03556        20.36287        -0.0422
          3         0.0058464         0.03489        20.36272        -0.0423
          4         0.0055034         0.03324        20.36242        -0.0423
          5         1.8670218        12.86427        18.39311         0.1756
          6         2.9853156        23.98884        14.02308         0.5992
          7         3.0217514        24.78585        13.28180         0.6477
          8         3.0598258        25.14296        13.26308         0.6718
          9         3.0622044        25.15621        13.27568         0.6628
         10         3.0496585        25.05850        13.25133         0.6718
         11         3.0495121        25.06846        13.23415         0.6809
         12         3.0437685        25.04217        13.19486         0.6718
         13         3.0432257        25.05441        13.16873         0.6748
         14         3.0421337        25.04983        13.16062         0.6718
         15         3.0402367        25.04050        13.14860         0.6718
         16         3.0378706        25.02364        13.14152         0.6748
         17         3.0424997        25.05010        13.16525         0.6809
         18         3.0406086        25.03345        13.16446         0.6779
         19         3.0420963        24.99511        13.24344         0.6778
         20         3.0697857        25.23442        13.26136         0.6779
         21         3.0713699        25.15624        13.40162         0.6688
         22         3.0944721        25.28683        13.51998         0.6748
         23         3.0979046        25.27561        13.58388         0.6718
         24         3.1102413        25.31715        13.68923         0.6718
         25         3.1180392        25.35709        13.73489         0.6719
         26         3.1266518        25.39555        13.79371         0.6688
         27         3.1300238        25.39236        13.84435         0.6658
         28         3.1189371        25.29086        13.84771         0.6719
         29         3.1262995        25.33455        13.88149         0.6689
         30         3.1241727        25.28190        13.93270         0.6690
         31         3.1268104        25.28870        13.95826         0.6690
         32         3.1319773        25.30428        14.00483         0.6660
         33         3.1341915        25.28843        14.05915         0.6660
         34         3.1291013        25.14515        14.20949         0.6691
         35         3.1335839        25.09751        14.34425         0.6691
         36         3.1347920        25.03215        14.46206         0.6692
         37         3.1294739        24.92207        14.56058         0.6692
         38         3.1314222        24.90568        14.61297         0.6663
         39         3.1340445        24.96726        14.55278         0.6663
         40         3.1318610        24.96725        14.52285         0.6664
         41         3.1378896        25.02394        14.51721         0.6695
         42         3.1369143        25.01046        14.52481         0.6786
         43         3.1366424        24.98913        14.55430         0.6786
         44         3.1353338        24.95594        14.58813         0.6666
         45         3.1358583        24.96250        14.58508         0.6727
         46         3.1337661        24.91695        14.62752         0.6728
         47         3.1348452        24.88241        14.69644         0.6789
         48         3.1336603        24.85782        14.71874         0.6760
         49         3.1295345        24.85981        14.65888         0.6760
         50         3.1312865        24.90367        14.61424         0.6731
         51         3.1290917        24.93032        14.54244         0.6732
         52         3.1240683        24.91185        14.50226         0.6793
         53         3.1299312        24.98880        14.46281         0.6794
         54         3.1291663        24.96755        14.48541         0.6825
         55         3.1240981        24.84676        14.60452         0.6735
         56         3.1267849        24.84644        14.64202         0.6736
         57         3.1221383        24.80964        14.63579         0.6707
         58         3.1230872        24.82149        14.63026         0.6738
         59         3.1269762        24.86226        14.61983         0.6800
         60         3.1186267        24.73921        14.69822         0.6771
         61         3.1203758        24.74911        14.70676         0.6802
         62         3.1226677        24.78438        14.68281         0.6743
         63         3.1212691        24.76655        14.69159         0.6714
         64         3.1203082        24.75809        14.69166         0.6805
         65         3.1158929        24.71357        14.70089         0.6746
         66         3.1159302        24.73815        14.66263         0.6718
         67         3.1159428        24.75381        14.63814         0.6749
         68         3.1161951        24.75239        14.64386         0.6750
         69         3.1108531        24.71156        14.63439         0.6691
         70         3.1136841        24.76011        14.59702         0.6813
         71         3.1094078        24.72085        14.59975         0.6754
         72         3.1109956        24.77008        14.54422         0.6755
         73         3.1075019        24.75280        14.52310         0.6787
         74         3.1126446        24.78514        14.54333         0.6788
         75         3.1064249        24.69656        14.59677         0.6790
         76         3.1058838        24.68771        14.60325         0.6822
         77         3.1057363        24.69430        14.59080         0.6853
         78         3.1006781        24.68248        14.53940         0.6795
         79         3.1021288        24.71840        14.50289         0.6796
         80         3.0992287        24.71426        14.46927         0.6737
         81         3.1016621        24.74215        14.45908         0.6890
         82         3.0990378        24.68253        14.51658         0.6891
         83         3.0981159        24.65013        14.55494         0.6802
         84         3.0975507        24.63553        14.57016         0.6834
         85         3.0937063        24.59393        14.58261         0.6775
         86         3.0954442        24.62707        14.55430         0.6807
         87         3.0910733        24.60216        14.53299         0.6809
         88         3.0936333        24.63592        14.51518         0.6811
         89         3.0916320        24.61709        14.51715         0.6812
         90         3.0884471        24.59515        14.50758         0.6753
         91         3.0896376        24.61286        14.49611         0.6785
         92         3.0870915        24.59801        14.48421         0.6757
         93         3.0821241        24.56157        14.47275         0.6910
         94         3.0599375        24.84202        13.72547         1.0967
         95         3.0710386        25.49215        12.89140         1.9109
         96         3.0727800        25.65049        12.68018         2.8795
         97         3.0787477        25.74341        12.62399         3.9025
         98         3.0801211        25.77165        12.60067         4.9497
         99         3.0913461        25.88300        12.58902         6.0000
        100         3.1275848        26.23941        12.55810         7.0502
        101         3.1515407        26.49304        12.51271         8.1459
        102         3.1727637        26.71548        12.47658         9.2385
        103         3.2326424        27.34936        12.37148        10.3099
        104         3.2549116        27.62366        12.28132        11.4085
        105         3.2727654        27.84387        12.20998        12.4860
        106         3.2844423        28.01844        12.12295        13.5816
        107         3.2978148        28.20737        12.03925        14.6803
        108         3.3258475        28.66200        11.79183        15.7517
        109         3.3377449        29.02724        11.46796        16.8231
        110         3.3438173        29.23634        11.27643        17.9611
        111         3.3546510        29.65826        10.88045        19.0839
        112         3.3533167        30.23383        10.16282        20.1947
        113         3.3465572        30.66739         9.56781        21.2721
        114         3.3407606        30.85409         9.28100        22.3647
        115         3.3368686        30.94289         9.13172        23.4815
        116         3.3351699        30.99495         9.05114        24.6285
        117         3.3324796        31.03011         8.97842        25.7120
        118         3.3216615        31.05876         8.81708        26.8197
        119         3.3171285        31.13535         8.67562        27.9486
        120         3.3141292        31.21210         8.55259        29.0169
        121         3.3088570        31.30045         8.39013        30.0400
        122         3.3044819        31.39066         8.23679        31.0387
        123         3.3023490        31.44912         8.14582        32.0405
        124         3.3007573        31.46559         8.10821        33.0514
        125         3.2953158        31.44071         8.07133        34.0561
        126         3.2783339        31.39607         7.92016        35.0488
        127         3.2729391        31.46238         7.78227        36.0324
        128         3.2682433        31.50890         7.67484        37.0251
        129         3.2678243        31.56489         7.60760        38.0420
        130         3.2695052        31.60526         7.58245        39.0559
        131         3.2716943        31.62894         7.58172        40.0365
        132         3.2744422        31.65528         7.58461        41.0262
        133         3.2762559        31.67220         7.58688        42.0098
        134         3.2754030        31.68026         7.56749        43.0388
        135         3.2756670        31.69175         7.55748        44.0497
        136         3.2781276        31.72482         7.54968        44.9849
        137         3.2774190        31.74881         7.51463        45.9202
        138         3.2758012        31.82373         7.41336        46.8856
        139         3.2773021        31.89373         7.35431        47.9056
        140         3.2728229        31.89578         7.29911        48.8832
        141         3.2748878        31.97141         7.24090        49.8305
        142         3.2776055        32.00743         7.23327        50.7900
        143         3.2784848        32.03416         7.21420        51.7675
        144         3.2800426        32.10320         7.15752        52.7694
        145         3.2826492        32.16465         7.12139        53.7924
        146         3.2881342        32.24283         7.10096        54.8092
        147         3.2882796        32.28808         7.05380        55.8080
        148         3.2878970        32.31985         7.01496        56.8311
        149         3.2883565        32.36018         6.97682        57.8753
        150         3.2889290        32.39274         6.94833        58.9194
        151         3.2900484        32.42650         6.92493        59.9969
        152         3.2902563        32.44049         6.91196        61.0713
        153         3.2905081        32.44801         6.90637        62.1518
        154         3.2910366        32.45959         6.89968        63.2292
        155         3.2918543        32.47859         6.88848        64.3036
        156         3.2933140        32.54649         6.83308        65.3872
        157         3.2943341        32.64746         6.73802        66.4707
        158         3.2944166        32.68212         6.70205        67.5543
        159         3.2946812        32.69833         6.68756        68.6560
        160         3.2948390        32.71720         6.66905        69.7728
        161         3.2948583        32.72317         6.66246        70.8897
        162         3.2949342        32.73095         6.65462        72.0276
        163         3.2951360        32.74666         6.63994        73.1717
        164         3.2953127        32.76648         6.62068        74.3157
        165         3.2954327        32.77971         6.60766        75.4780
        166         3.2958359        32.80940         6.58075        76.6372
        167         3.2960315        32.83547         6.55525        77.8175
        168         3.2961768        32.85674         6.53418        79.0070
        169         3.2962402        32.86748         6.52314        80.2055
        170         3.2963665        32.87828         6.51276        81.4010
        171         3.2963481        32.88227         6.50778        82.6327
        172         3.2963862        32.88321         6.50660        83.9039
        173         3.2964181        32.88331         6.50624        85.1236
        174         3.2964688        32.88410         6.50542        86.2828
        175         3.2965635        32.88567         6.50429        87.4480
        176         3.2966897        32.88779         6.50295        88.6042
        177         3.2968161        32.90494         6.48602        89.7573
        178         3.2964520        32.93943         6.44550        90.8923
        179         3.2963834        32.95604         6.42694        91.9879
        180         3.2963272        32.96335         6.41818        93.0776
        181         3.2960697        32.96669         6.41121        94.1853
        182         3.2959884        32.97780         6.39820        95.3385
        183         3.2958191        32.98800         6.38515        96.4584
        184         3.2957944        32.99332         6.37880        97.5842
        185         3.2955935        32.99549         6.37368        98.7072
        186         3.2953675        32.99782         6.36810        99.8482
        187         3.2952108        33.01023         6.35296       100.8954
        188         3.2953999        33.02749         6.33680       101.9186
        189         3.2955577        33.04444         6.32059       102.9749
        190         3.2956274        33.06404         6.30066       104.0342
        191         3.2959173        33.08580         6.28105       105.1056
        192         3.2967167        33.10589         6.26900       106.1711
        193         3.2972329        33.11604         6.26395       107.2214
        194         3.2973717        33.12431         6.25649       108.3080
        195         3.2974413        33.13155         6.24930       109.3916
        196         3.2975298        33.13837         6.24277       110.4600
        197         3.2976058        33.15032         6.23083       111.5346
        198         3.2976502        33.15620         6.22476       112.6181
        199         3.2979149        33.16274         6.22053       113.7138
        200         3.2983746        33.17458         6.21309       114.8124
        201         3.2991238        33.18807         6.20727       115.9202
        202         3.2995206        33.19917         6.19988       117.0219
        203         3.2997854        33.21123         6.19000       118.1387
        204         3.3000124        33.22297         6.18001       119.2587
        205         3.3002647        33.24291         6.16193       120.3815
        206         3.3003344        33.25614         6.14864       121.5073
        207         3.3003978        33.26006         6.14477       122.6544
        208         3.3004422        33.26188         6.14284       123.8135
        209         3.3004615        33.26291         6.14141       124.9788
        210         3.3004807        33.26410         6.13984       126.1440
        211         3.3005126        33.26440         6.13933       127.2578
        212         3.3005192        33.26500         6.13826       128.3202
        213         3.3005762        33.26945         6.13383       129.3644
        214         3.3006584        33.27244         6.13119       130.4116
        215         3.3007406        33.27633         6.12762       131.4619
        216         3.3007661        33.27844         6.12523       132.5121
        217         3.3007287        33.27890         6.12381       133.5594
        218         3.3007228        33.28156         6.12050       134.5915
        219         3.3006477        33.29169         6.10880       135.5934
        220         3.3006481        33.30079         6.09904       136.5650
        221         3.3006988        33.30777         6.09202       137.5245
        222         3.3007999        33.31186         6.08852       138.4871
        223         3.3008506        33.31799         6.08237       139.4406
        224         3.3009013        33.32497         6.07535       140.4001
        225         3.3009206        33.33318         6.06671       141.3959
        226         3.3008708        33.34718         6.05137       142.4189
        227         3.3010412        33.36338         6.03634       143.4176
        228         3.3011611        33.37036         6.03010       144.4377
        229         3.3012937        33.37423         6.02716       145.4728
        230         3.3016969        33.38163         6.02370       146.5109
        231         3.3020687        33.39268         6.01619       147.5582
        232         3.3023397        33.40275         6.00853       148.5931
        233         3.3024346        33.40804         6.00371       149.6374
        234         3.3025294        33.41339         5.99884       150.6815
        235         3.3025738        33.41591         5.99626       151.7256
        236         3.3026434        33.41807         5.99433       152.7759
        237         3.3027004        33.42118         5.99129       153.8351
        238         3.3027889        33.42550         5.98738       154.9005
        239         3.3028649        33.43232         5.98079       155.9718
        240         3.3029723        33.43914         5.97455       157.0583
        241         3.3031742        33.45387         5.96137       158.1538
        242         3.3032440        33.46411         5.95124       159.2522
        243         3.3032884        33.46601         5.94926       160.3720
        244         3.3033580        33.46897         5.94648       161.5099
        245         3.3034529        33.47138         5.94455       162.6265
        246         3.3035225        33.47276         5.94339       163.7494
        247         3.3035543        33.47275         5.94318       164.8752
        248         3.3036176        33.47268         5.94339       166.0431
        249         3.3036810        33.47432         5.94187       167.2050
        250         3.3037758        33.47699         5.93964       168.3973
        251         3.3038455        33.48068         5.93609       169.5988
        252         3.3039530        33.48539         5.93194       170.7969
        253         3.3040415        33.49065         5.92703       171.9922
        254         3.3041490        33.49677         5.92146       173.1935
        255         3.3042250        33.50085         5.91756       174.4492
        256         3.3042758        33.50472         5.91356       175.7624
        257         3.3043519        33.50817         5.91027       177.0876
        258         3.3044845        33.51352         5.90571       178.4068
        259         3.3047936        33.52901         5.89291       179.7320
        260         3.3049264        33.53932         5.88335       181.0572
        261         3.3050087        33.54358         5.87935       182.3067
        262         3.3050721        33.54437         5.87865       183.5502
        263         3.3051102        33.54429         5.87854       184.7817
        264         3.3051736        33.54524         5.87768       186.0042
        265         3.3052181        33.54616         5.87667       187.1752
        266         3.3052751        33.54713         5.87576       188.3219
        267         3.3053195        33.54717         5.87566       189.4385
        268         3.3053766        33.54696         5.87596       190.5428
        269         3.3054210        33.54708         5.87586       191.5083
        270         3.3056981        33.54898         5.87698       191.7268
        271         3.3059877        33.54812         5.88123       191.5463
        272         3.3059560        33.54687         5.88234       191.1300
        273         3.3057419        33.54618         5.88072       190.9071
        274         3.3057291        33.54630         5.88067       190.4848
        275         3.3056597        33.54666         5.87976       189.9928
        276         3.3056595        33.54669         5.88001       189.4253
        277         3.3055460        33.54615         5.87961       188.7549
        278         3.3055143        33.54650         5.87925       188.0422
        279         3.3054448        33.54706         5.87829       187.2601
        280         3.3053878        33.54579         5.87935       186.4144
        281         3.3052238        33.54471         5.87900       185.5776
        282         3.3052047        33.54499         5.87895       184.7016
        283         3.3051729        33.54423         5.87981       183.7894
        284         3.3050718        33.54302         5.88037       182.8377
        285         3.3049833        33.54307         5.87981       181.8437
        286         3.3048949        33.54255         5.87986       180.8075
        287         3.3048252        33.54078         5.88138       179.7651
        288         3.3047619        33.53795         5.88406       178.6864
        289         3.3045411        33.53011         5.89003       177.5532
        290         3.3043014        33.51792         5.90020       176.3930
        291         3.3042002        33.50972         5.90794       175.1993
        292         3.3041305        33.50607         5.91143       173.9995
        293         3.3040608        33.50378         5.91356       172.8059
        294         3.3039912        33.50099         5.91619       171.6123
        295         3.3038459        33.49434         5.92186       170.4247
        296         3.3037636        33.48956         5.92637       169.2308
        297         3.3036751        33.48510         5.93047       168.0402
        298         3.3035802        33.48017         5.93498       166.8495
        299         3.3035168        33.47635         5.93873       165.6435
        300         3.3034535        33.47534         5.93964       164.4468
        301         3.3033587        33.47317         5.94136       163.2500
        302         3.3032512        33.47055         5.94339       162.0623
        303         3.3031690        33.46667         5.94698       160.8595
        304         3.3030993        33.46408         5.94942       159.6686
        305         3.3030171        33.46155         5.95164       158.4807
        306         3.3028593        33.45446         5.95762       157.3020
        307         3.3028147        33.44900         5.96325       156.0990
        308         3.3026003        33.44059         5.96994       154.8960
        309         3.3024739        33.42883         5.98094       153.8563
        310         3.3024737        33.42414         5.98596       153.3338
        311         3.3024419        33.41963         5.99058       152.5361
        312         3.3023472        33.41412         5.99544       151.8320
        313         3.3023658        33.41246         5.99778       150.9707
        314         3.3022836        33.41006         5.99976       150.0158
        315         3.3021574        33.40654         6.00239       149.0184
        316         3.3020878        33.40272         6.00600       147.9968
        317         3.3018545        33.39777         6.00889       146.9629
        318         3.3012688        33.38422         6.01650       145.9233
        319         3.3009725        33.37451         6.02350       144.8893
        320         3.3007456        33.36804         6.02802       143.8557
        321         3.3005375        33.36058         6.03375       142.8188
        322         3.3004993        33.34893         6.04569       141.7820
        323         3.3004988        33.33272         6.06270       140.7361
        324         3.3004984        33.32625         6.06981       139.6842
        325         3.3004539        33.31950         6.07672       138.6112
        326         3.3003906        33.31384         6.08232       137.5349
        327         3.3002769        33.30582         6.08974       136.4557
        328         3.3003015        33.29322         6.10341       135.3552
        329         3.3003703        33.28272         6.11547       134.2639
        330         3.3004013        33.27587         6.12335       133.1845
        331         3.3004198        33.27337         6.12666       132.1083
        332         3.3003565        33.27161         6.12829       131.0228
        333         3.3003436        33.27349         6.12676       129.9498
        334         3.3002677        33.27123         6.12874       128.8735
        335         3.3002548        33.27002         6.13037       127.7940
        336         3.3001726        33.26869         6.13134       126.7208
        337         3.3001156        33.26620         6.13378       125.6385
        338         3.3000901        33.26461         6.13566       124.5500
        339         3.3000394        33.26437         6.13587       123.4796
        340         3.2999824        33.26262         6.13755       122.4032
        341         3.2998184        33.25390         6.14513       121.3239
        342         3.2996732        33.24394         6.15419       120.2475
        343         3.2994839        33.23154         6.16524       119.1832
        344         3.2993325        33.22117         6.17466       118.1159
        345         3.2990237        33.20789         6.18526       117.0544
        346         3.2988471        33.19803         6.19387       115.9962
        347         3.2986516        33.19140         6.19897       114.9229
        348         3.2980598        33.18004         6.20437       113.8706
        349         3.2976693        33.17128         6.20942       112.8212
        350         3.2973733        33.16501         6.21298       111.7691
        351         3.2970143        33.15213         6.22262       110.7197
        352         3.2969446        33.14367         6.23104       109.6643
        353         3.2968688        33.13947         6.23501       108.6121
        354         3.2968181        33.13604         6.23848       107.5567
        355         3.2968051        33.13443         6.24052       106.5042
        356         3.2965154        33.12625         6.24614       105.4580
        357         3.2955336        33.10267         6.25966       104.4026
        358         3.2950174        33.07947         6.27814       103.3471
        359         3.2947967        33.06087         6.29530       102.2827
        360         3.2946201        33.04300         6.31221       101.2392
        361         3.2944938        33.02520         6.32964       100.1991
        362         3.2945248        33.01363         6.34248        99.1406
        363         3.2947884        33.00126         6.35879        98.1001
        364         3.2949766        32.99327         6.36974        97.0476
        365         3.2950769        32.98881         6.37604        95.9862
        366         3.2951582        32.98195         6.38459        94.9397
        367         3.2950886        32.97169         6.39493        93.8962
        368         3.2949938        32.96021         6.40624        92.8526
        369         3.2951946        32.95300         6.41654        91.8094
        370         3.2955904        32.94780         6.42699        90.7690
        371         3.2959107        32.93276         6.44678        89.7315
        372         3.2958472        32.90798         6.47227        88.6942
        373         3.2956454        32.88949         6.48966        87.6536
        374         3.2955506        32.88087         6.49808        86.5708
        375         3.2954936        32.87803         6.50090        85.5302
        376         3.2954492        32.87612         6.50290        84.4776
        377         3.2953734        32.87229         6.50655        83.4190
        378         3.2953164        32.86842         6.51045        82.3664
        379         3.2951399        32.85887         6.51887        81.3320
        380         3.2949885        32.84679         6.53022        80.2853
        381         3.2948748        32.83739         6.53921        79.2508
        382         3.2947801        32.82796         6.54846        78.2162
        383         3.2947357        32.82205         6.55463        77.1848
        384         3.2945089        32.81492         6.55998        76.1382
        385         3.2940932        32.78830         6.58348        75.0793
        386         3.2938851        32.76343         6.60756        74.0538
        387         3.2937526        32.74961         6.62099        73.0314
        388         3.2935383        32.73360         6.63577        72.0179
        389         3.2934435        32.72167         6.64767        71.0076
        390         3.2933362        32.71349         6.65550        69.9852
        391         3.2932226        32.70618         6.66235        68.9807
        392         3.2929204        32.69104         6.67524        67.9734
        393         3.2926306        32.67127         6.69313        66.9568
        394         3.2919321        32.64249         6.71578        65.9463
        395         3.2909507        32.59540         6.75445        64.9511
        396         3.2902143        32.53840         6.80649        63.9467
        397         3.2899244        32.48955         6.85523        62.9452
        398         3.2895027        32.46633         6.87543        61.9377
        399         3.2890874        32.45287         6.88538        60.9332
        400         3.2890179        32.44575         6.89263        59.9107
        401         3.2887158        32.43670         6.89926        58.8305
        402         3.2872951        32.40665         6.91518        57.7958
        403         3.2863771        32.36769         6.94641        56.8125
        404         3.2860748        32.32753         6.98612        55.8231
        405         3.2862125        32.31160         7.00519        54.8488
        406         3.2857217        32.27342         7.04069        53.8928
        407         3.2802631        32.16279         7.09602        52.9305
        408         3.2774564        32.10683         7.12384        51.9804
        409         3.2761191        32.06934         7.14901        51.0396
        410         3.2748570        32.00939         7.19937        50.0894
        411         3.2724159        31.95208         7.23321        49.1483
        412         3.2709665        31.91787         7.25375        48.2075
        413         3.2700879        31.88377         7.28090        47.2693
        414         3.2701626        31.86014         7.30790        46.3374
        415         3.2725512        31.82261         7.37722        45.3904
        416         3.2745574        31.75634         7.47356        44.3979
        417         3.2728503        31.70911         7.50568        43.3508
        418         3.2720093        31.68667         7.52089        42.3461
        419         3.2719775        31.67603         7.53268        41.3658
        420         3.2709798        31.65574         7.54368        40.3913
        421         3.2699257        31.62935         7.56075        39.4078
        422         3.2681258        31.60855         7.56291        38.4273
        423         3.2663013        31.59227         7.55980        37.4379
        424         3.2640447        31.56314         7.56575        36.4300
        425         3.2654165        31.54577         7.60159        35.4193
        426         3.2696594        31.51307         7.68826        34.3994
        427         3.2761127        31.46989         7.81274        33.3857
        428         3.2809949        31.42041         7.92585        32.3656
        429         3.2824068        31.37897         7.98921        31.3427
        430         3.2843406        31.36591         8.02713        30.3350
        431         3.2867395        31.34085         8.08398        29.3483
        432         3.2920298        31.26930         8.22720        28.3950
        433         3.2971722        31.18032         8.38878        27.4415
        434         3.3012291        31.10168         8.52636        26.5003
        435         3.3090038        31.06223         8.66382        25.5894
        436         3.3152974        30.98326         8.82893        24.9781
        437         3.3165007        30.93626         8.89734        24.5122
        438         3.3172947        30.91379         8.93282        24.0219
        439         3.3181202        30.89645         8.96293        23.3107
        440         3.3192612        30.88308         8.99224        22.5842
        441         3.3226479        30.86738         9.05092        21.8640
        442         3.3243950        30.82912         9.11616        21.2527
        443         3.3272914        30.81691         9.16499        20.6837
        444         3.3333266        30.71662         9.35351        20.0905
        445         3.3377975        30.53961         9.61433        19.4943
        446         3.3403803        30.37158         9.84415        18.8618
        447         3.3385794        29.94954        10.32960        18.2111
        448         3.3343850        29.59278        10.71621        17.5392
        449         3.3315329        29.34910        10.98498        16.8641
        450         3.3301856        29.20380        11.15144        16.2195
        451         3.3283469        29.10999        11.24787        15.5416
        452         3.3187348        28.92296        11.36801        14.8242
        453         3.2941955        28.45768        11.66493        14.0947
        454         3.2824473        28.16453        11.90360        13.3379
        455         3.2720273        27.97969        12.01843        12.5963
        456         3.2612570        27.81103        12.10848        11.8639
        457         3.2545934        27.70456        12.16775        11.1191
        458         3.2479729        27.61529        12.20463        10.3776
        459         3.2353662        27.47749        12.23127         9.6389
        460         3.1925506        27.02779        12.29806         8.9729
        461         3.1650753        26.71284        12.37984         8.3372
        462         3.1576215        26.61250        12.42369         7.7046
        463         3.1514051        26.54273        12.44086         7.0719
        464         3.1452365        26.47410        12.45713         6.4452
        465         3.1254462        26.27507        12.47904         5.8156
        466         3.0928811        25.94258        12.52338         5.1678
        467         3.0789262        25.78610        12.56356         4.5230
        468         3.0750903        25.73508        12.58668         3.8992
        469         3.0717092        25.68381        12.61642         3.2907
        470         3.0712803        25.67201        12.62826         2.6610
        471         3.0698659        25.65867        12.62898         2.0524
        472         3.0692597        25.65574        12.62537         1.4196
        473         3.0679986        25.64203        12.62874         0.7687
        474         3.0655016        25.61184        12.63956         0.2116
        475         3.0647982        25.61918        12.61924         0.0874
        476         1.8509458        14.75831        12.57989         0.0875
        477         0.3788518         2.68531        12.52991         0.0844
        478         0.4076979         2.90546        12.50024         0.0813
        479         0.3065658         2.14763        12.48425         0.0873
