          1         0.0047157         0.03297         8.83160        -0.0738
          2         0.0048207         0.03366         8.81855        -0.0767
          3         0.0051328         0.03573         8.81594        -0.0738
          4         0.0048887         0.03414         8.76634        -0.0707
          5         0.0048115         0.03365         8.72115        -0.0739
          6         0.0048331         0.03378         8.73552        -0.0739
          7         0.0050555         0.03526         8.73476        -0.0708
          8         0.0052502         0.03655         8.72125        -0.0708
          9         0.0052162         0.03632         8.73449        -0.0738
         10         0.0052347         0.03644         8.74138        -0.0738
         11         0.0052811         0.03675         8.73861        -0.0679
         12         0.0050617         0.03531         8.71052        -0.0708
         13         0.0049598         0.03464         8.69740        -0.0708
         14         0.0076368         0.05261         8.67893        -0.0678
         15         0.0097599         0.06708         8.67394        -0.0707
         16         1.5293853        13.49420         8.27489         0.0080
         17         1.8333442        16.69984         7.71115         0.1079
         18         3.1399616        30.32208         7.48675         0.8982
         19         3.1464040        30.38965         7.48817         0.9346
         20         3.1496487        30.42414         7.48843         0.8255
         21         3.1510275        30.45165         7.47377         1.0163
         22         3.1540687        30.38790         7.58367         0.9376
         23         3.1534074        30.41644         7.54305         0.7923
         24         3.1537421        30.47924         7.47545         0.9225
         25         3.1569026        30.47025         7.52410         1.0496
         26         3.1569265        30.40798         7.59558         0.8529
         27         3.1544467        30.45525         7.51142         0.8075
         28         3.1572371        30.51199         7.48065         1.0347
         29         3.1579413        30.41729         7.59727         0.9226
         30         3.1570818        30.45540         7.54326         0.9530
         31         3.1595626        30.43636         7.59521         0.9319
         32         3.1563016        30.40362         7.59300         0.7532
         33         3.1596624        30.49958         7.52431         0.9531
         34         3.1611039        30.45457         7.59310         1.0863
         35         3.1620755        30.44150         7.61989         0.9985
         36         3.1616176        30.45658         7.59721         0.7806
         37         3.1648562        30.52079         7.56333         0.8927
         38         3.1657913        30.51373         7.58266         1.0109
         39         3.1655183        30.47635         7.62200         0.9624
         40         3.1673522        30.52847         7.58488         0.9201
         41         3.1677425        30.53622         7.58077         0.9807
         42         3.1672585        30.46384         7.65747         0.9020
         43         3.1546125        30.34835         7.63567         0.7870
         44         3.1562472        30.50436         7.47729         1.0293
         45         3.1592607        30.54308         7.46988         1.0930
         46         3.1597737        30.49747         7.52810         0.8903
         47         3.1521521        30.41145         7.53347         0.7480
         48         3.1506753        30.46602         7.45311         1.0145
         49         3.1586048        30.54555         7.45910         1.0872
         50         3.1563826        30.44549         7.54610         0.8421
         51         3.1512498        30.43032         7.50084         0.9148
         52         3.1560928        30.51950         7.45821         1.0088
         53         3.1574725        30.54258         7.44875         1.0088
         54         3.1586046        30.52617         7.48123         0.8727
         55         3.1509961        30.41871         7.51105         0.8364
         56         3.1521345        30.48465         7.44965         1.0727
         57         3.1566122        30.50195         7.48449         1.0002
         58         3.1534878        30.42282         7.53673         0.8156
         59         3.1489133        30.42700         7.47613         0.9521
         60         3.1544659        30.50570         7.45411         1.0005
         61         3.1509407        30.43438         7.49248         0.8492
         62         3.1479308        30.44136         7.44776         1.0159
         63         3.1536002        30.50670         7.44240         1.0767
         64         3.1500566        30.42298         7.49474         0.7891
         65         3.1489197        30.45259         7.44707         0.8982
         66         3.1492290        30.46997         7.43100         1.0044
         67         3.1522088        30.49742         7.43604         1.0256
         68         3.1517384        30.45350         7.48039         0.8774
         69         3.1511449        30.45354         7.47308         0.9411
         70         3.1522147        30.47494         7.46173         0.9563
         71         3.1526104        30.47210         7.46977         0.9746
         72         3.1536058        30.45840         7.49753         0.9263
         73         3.1537107        30.44343         7.51589         0.9023
         74         3.1530057        30.43711         7.51447         0.9811
         75         3.1533769        30.45215         7.50184         0.9660
         76         3.1522574        30.42781         7.51605         0.8179
         77         3.1505082        30.45101         7.46819         0.9603
         78         3.1528825        30.47427         7.47061         0.9756
         79         3.1531296        30.45392         7.49679         0.9970
         80         3.1528264        30.43483         7.51494         0.8518
         81         3.1488265        30.41330         7.49075         0.8822
         82         3.1510463        30.47448         7.44802         0.9762
         83         3.1497106        30.43431         7.47755         0.8976
         84         3.1502487        30.46327         7.45106         0.9855
         85         3.1515593        30.46534         7.46467         0.9615
         86         3.1509839        30.43390         7.49359         0.7921
         87         3.1478874        30.43077         7.45931         0.9739
         88         3.1499705        30.45976         7.45170         0.9408
         89         3.1467009        30.41682         7.46078         0.9258
         90         3.1480794        30.45876         7.42974         1.0349
         91         3.1485796        30.44324         7.45369         0.6717
         92         3.1448722        30.41840         7.43673         0.8324
         93         3.1459784        30.44852         7.41578         1.0505
         94         3.1464109        30.44726         7.42255         0.9417
         95         3.1473439        30.45336         7.42701         0.8571
         96         3.1457928        30.43348         7.43079         0.7634
         97         3.1458301        30.44587         7.41704         0.9633
         98         3.1466396        30.45588         7.41551         0.9574
         99         3.1455459        30.44483         7.41478         0.9031
        100         3.1452679        30.44511         7.41111         0.8366
        101         3.1450640        30.44549         7.40817         0.8913
        102         3.1467014        30.45969         7.41195         0.9127
        103         3.1449960        30.43600         7.41814         0.8976
        104         3.1454162        30.44808         7.40948         0.9553
        105         3.1457931        30.45450         7.40680         0.8706
        106         3.1449034        30.44598         7.40570         0.7952
        107         3.1445513        30.43996         7.40822         0.8680
        108         3.1448355        30.44194         7.40937         0.9741
        109         3.1456387        30.45160         7.40817         0.9955
        110         3.1460030        30.44771         7.41714         0.7716
        111         3.1448477        30.43841         7.41368         0.7172
        112         3.1450455        30.44606         7.40728         0.9293
        113         3.1454039        30.45143         7.40544         1.1051
        114         3.1459042        30.44934         7.41405         0.8450
        115         3.1444646        30.43415         7.41394         0.5635
        116         3.1440818        30.43805         7.40465         0.9118
        117         3.1445451        30.44257         7.40512         0.9786
        118         3.1443165        30.43917         7.40628         0.8365
        119         3.1445327        30.44278         7.40481         0.8154
        120         3.1444524        30.44252         7.40413         0.8216
        121         3.1448540        30.44590         7.40512         0.9127
        122         3.1450393        30.44556         7.40775         0.9703
        123         3.1450642        30.44517         7.40832         1.2884
        124         3.1449099        30.44572         7.40549         1.9456
        125         3.1449782        30.44744         7.40392         2.8327
        126         3.1452811        30.45029         7.40397         3.5959
        127         3.1453555        30.45055         7.40423         4.2863
        128         3.1454916        30.45138         7.40455         5.0736
        129         3.1456772        30.45272         7.40486         5.9154
        130         3.1457702        30.45323         7.40502         6.6938
        131         3.1459805        30.45472         7.40549         7.4719
        132         3.1466975        30.46054         7.40722         8.2260
        133         3.1472538        30.46466         7.40895         8.9165
        134         3.1477175        30.46767         7.41079         9.6917
        135         3.1481010        30.47044         7.41189        10.5244
        136         3.1485153        30.47341         7.41315        11.3115
        137         3.1520021        30.50493         7.41940        12.0354
        138         3.1575133        30.54578         7.43967        12.7379
        139         3.1704427        30.65583         7.47140        13.4737
        140         3.2058529        30.93110         7.58751        14.2670
        141         3.2193490        30.97081         7.70433        15.0634
        142         3.2223228        30.97751         7.73204        15.7902
        143         3.2256035        30.99954         7.74617        16.5381
        144         3.2300961        31.02276         7.77338        17.3618
        145         3.2310574        31.01336         7.79499        18.2579
        146         3.2310015        31.01544         7.79154        19.1329
        147         3.2357345        31.05201         7.80659        19.9051
        148         3.2417198        31.09215         7.83257        20.6410
        149         3.2497673        31.14319         7.87077        21.4796
        150         3.2559191        31.17382         7.90916        22.3639
        151         3.2649014        31.24393         7.93691        23.1964
        152         3.2706564        31.26813         7.97766        24.0080
        153         3.2783674        31.31779         8.01301        24.8559
        154         3.2833276        31.33309         8.05411        25.7973
        155         3.2825680        31.32988         8.04824        26.7269
        156         3.2833785        31.34458         8.04099        27.5232
        157         3.2843963        31.35309         8.04312        28.3013
        158         3.2858037        31.36246         8.04883        29.2156
        159         3.2849873        31.35799         8.04371        30.1603
        160         3.2848433        31.36945         8.02878        30.9900
        161         3.2852707        31.37540         8.02681        31.7590
        162         3.2863830        31.38265         8.03145        32.5703
        163         3.2865465        31.37910         8.03689        33.4847
        164         3.2873386        31.39218         8.03118        34.3990
        165         3.2938761        31.43324         8.06210        35.2286
        166         3.2958194        31.42809         8.09033        36.0793
        167         3.2963607        31.43771         8.08553        36.9998
        168         3.2948013        31.43464         8.07011        37.9170
        169         3.2933492        31.44311         8.04312        38.7738
        170         3.2972051        31.49716         8.02793        39.6791
        171         3.3029127        31.51393         8.07597        40.6236
        172         3.3008485        31.49555         8.07171        41.4833
        173         3.3057907        31.54846         8.07053        42.4006
        174         3.3047078        31.52024         8.08867        43.3906
        175         3.3006923        31.51269         8.04936        44.3654
        176         3.3002020        31.52890         8.02511        45.3099
        177         3.3006680        31.53654         8.02164        46.2211
        178         3.3007691        31.54171         8.01658        47.2352
        179         3.2998067        31.54436         8.00177        48.3370
        180         3.2981713        31.54297         7.98357        49.3633
        181         3.2974357        31.55296         7.96340        50.2352
        182         3.2982225        31.56656         7.95707        51.2492
        183         3.2998462        31.57798         7.96292        52.4055
        184         3.2997899        31.57597         7.96393        53.5135
        185         3.2985195        31.59188         7.93090        54.4579
        186         3.2939223        31.59544         7.87241        55.4779
        187         3.2864816        31.62918         7.74712        56.6041
        188         3.2868028        31.66710         7.70856        57.7422
        189         3.2825633        31.65424         7.67236        58.7684
        190         3.2793745        31.67327         7.61346        59.7642
        191         3.2833811        31.72049         7.60818        60.8115
        192         3.2844804        31.71274         7.62902        61.9376
        193         3.2838213        31.70762         7.62633        63.0755
        194         3.2832376        31.71117         7.61504        64.1530
        195         3.2848837        31.73393         7.60887        65.2184
        196         3.2855248        31.73833         7.61103        66.2839
        197         3.2853808        31.75023         7.59574        67.4159
        198         3.2855824        31.76425         7.58214        68.6204
        199         3.2858655        31.77170         7.57671        69.8010
        200         3.2862681        31.78385         7.56759        70.8874
        201         3.2877516        31.82048         7.54437        72.0405
        202         3.2901405        31.87070         7.51694        73.2482
        203         3.2895567        31.89077         7.48764        74.4497
        204         3.2871446        31.92814         7.41819        75.6241
        205         3.2860834        31.94680         7.38493        76.8044
        206         3.2855123        31.95400         7.36982        78.0149
        207         3.2839863        31.94994         7.35578        79.2255
        208         3.2838424        31.96775         7.33419        80.4240
        209         3.2852248        31.98681         7.32911        81.5984
        210         3.2909501        32.04063         7.33717        82.7058
        211         3.2954273        32.07376         7.35305        83.7834
        212         3.2944783        32.08738         7.32675        84.8366
        213         3.2939694        32.09731         7.30957        85.8866
        214         3.2937057        32.10375         7.29905        86.8885
        215         3.2939576        32.11336         7.29115        87.8387
        216         3.2948321        32.12343         7.29000        88.8040
        217         3.2958513        32.13108         7.29314        89.7696
        218         3.2962353        32.13686         7.29094        90.6561
        219         3.2960281        32.14443         7.27990        91.6157
        220         3.2956009        32.15420         7.26390        92.6232
        221         3.2935826        32.14983         7.24466        93.5191
        222         3.2908924        32.16027         7.20166        94.3966
        223         3.2898685        32.18552         7.16211        95.4165
        224         3.2895234        32.20219         7.13968        96.4697
        225         3.2884995        32.21698         7.11143        97.4077
        226         3.2884057        32.23279         7.09294        98.3428
        227         3.2880480        32.23972         7.08086        99.3505
        228         3.2879353        32.24493         7.07347       100.3461
        229         3.2878791        32.25057         7.06629       101.3326
        230         3.2878544        32.25817         7.05739       102.2890
        231         3.2888728        32.27359         7.05224       103.3147
        232         3.2897468        32.28003         7.05500       104.3376
        233         3.2895711        32.27904         7.05354       105.2846
        234         3.2881952        32.27812         7.03804       106.2681
        235         3.2877181        32.28835         7.02104       107.3242
        236         3.2862483        32.29031         7.00134       108.3530
        237         3.2797677        32.27613         6.94065       109.2487
        238         3.2711095        32.26887         6.84710       110.2141
        239         3.2664772        32.29814         6.76147       111.2761
        240         3.2654123        32.32254         6.72264       112.2837
        241         3.2624926        32.30910         6.70247       113.1400
        242         3.2606139        32.32365         6.66467       114.0690
        243         3.2667676        32.38149         6.67452       115.0888
        244         3.2736403        32.38237         6.75300       116.0752
        245         3.2737973        32.37283         6.76447       117.0010
        246         3.2779391        32.40387         6.77919       117.9754
        247         3.2778578        32.39670         6.78534       118.9829
        248         3.2772369        32.40326         6.77072       119.8938
        249         3.2753861        32.40358         6.74840       120.8620
        250         3.2726955        32.42656         6.69231       121.9028
        251         3.2697486        32.44139         6.64190       122.8893
        252         3.2679247        32.46069         6.59989       123.7971
        253         3.2661513        32.47229         6.56656       124.8076
        254         3.2643095        32.49789         6.51769       125.8484
        255         3.2635455        32.51188         6.49361       126.8407
        256         3.2628693        32.52000         6.47673       127.8181
        257         3.2619989        32.52142         6.46462       128.8287
        258         3.2565322        32.51729         6.40496       129.8392
        259         3.2520018        32.56769         6.29903       130.8438
        260         3.2508450        32.59764         6.25379       131.8363
        261         3.2504450        32.60448         6.24154       132.7438
        262         3.2502264        32.60647         6.23644       133.7030
        263         3.2484064        32.60251         6.21895       134.7075
        264         3.2472374        32.61006         6.19703       135.6303
        265         3.2461121        32.61539         6.17802       136.3868
        266         3.2450308        32.61642         6.16392       137.3247
        267         3.2448186        32.62134         6.15582       138.3231
        268         3.2446501        32.62175         6.15297       139.2368
        269         3.2448067        32.62533         6.15068       140.0023
        270         3.2449507        32.62533         6.15190       140.8859
        271         3.2444635        32.62700         6.14401       141.8661
        272         3.2441638        32.63371         6.13307       142.8039
        273         3.2439515        32.63196         6.13200       143.6270
        274         3.2423078        32.62491         6.11984       144.4470
        275         3.2411208        32.62936         6.10097       145.3425
        276         3.2407274        32.63209         6.09309       146.2774
        277         3.2399716        32.63024         6.08577       147.1971
        278         3.2397345        32.63163         6.08115       148.0231
        279         3.2383478        32.62660         6.06986       148.8276
        280         3.2373737        32.63547         6.04889       149.6840
        281         3.2371243        32.64620         6.03436       150.6159
        282         3.2370310        32.65750         6.02107       151.5567
        283         3.2370500        32.66230         6.01589       152.3676
        284         3.2376188        32.67205         6.01198       153.1361
        285         3.2383563        32.68073         6.01107       154.0408
        286         3.2382254        32.68165         6.00813       154.9755
        287         3.2378322        32.68311         6.00158       155.8802
        288         3.2375763        32.68692         5.99428       156.6517
        289         3.2373456        32.69080         5.98713       157.5289
        290         3.2369587        32.70015         5.97247       158.4519
        291         3.2370528        32.70784         5.96512       159.3806
        292         3.2370531        32.71110         5.96132       160.2125
        293         3.2370096        32.71367         5.95773       161.0718
        294         3.2371162        32.71848         5.95352       161.9764
        295         3.2373351        32.72191         5.95205       162.8870
        296         3.2374916        32.72338         5.95190       163.7643
        297         3.2378542        32.72942         5.94942       164.6297
        298         3.2379419        32.73074         5.94860       165.5251
        299         3.2380047        32.73145         5.94815       166.4235
        300         3.2380612        32.73684         5.94278       167.2980
        301         3.2381115        32.74109         5.93852       168.1662
        302         3.2381431        32.74170         5.93781       169.0495
        303         3.2382308        32.74039         5.93974       169.9360
        304         3.2382935        32.73900         5.94146       170.8134
        305         3.2383313        32.73855         5.94192       171.6785
        306         3.2383565        32.73862         5.94172       172.5317
        307         3.2382756        32.73921         5.93974       173.3666
        308         3.2382509        32.74252         5.93564       174.1381
        309         3.2381949        32.74319         5.93391       174.8914
        310         3.2380952        32.74481         5.93067       175.6962
        311         3.2377895        32.74985         5.92151       176.4916
        312         3.2382833        32.75872         5.91771       177.1786
        313         3.2383959        32.76097         5.91634       177.8713
        314         3.2383337        32.76267         5.91346       178.6640
        315         3.2383403        32.76356         5.91219       179.4959
        316         3.2383593        32.76379         5.91179       180.2703
        317         3.2383095        32.76356         5.91108       181.0026
        318         3.2383160        32.76446         5.90981       181.8043
        319         3.2383725        32.76489         5.90961       182.6271
        320         3.2383040        32.76386         5.90946       183.4561
        321         3.2380357        32.76373         5.90607       184.2667
        322         3.2382359        32.76730         5.90430       185.0713
        323         3.2381736        32.76478         5.90577       185.8852
        324         3.2379053        32.76465         5.90237       186.7019
        325         3.2378743        32.76504         5.90121       187.5097
        326         3.2378433        32.76448         5.90101       188.3266
        327         3.2376250        32.76384         5.89873       189.1312
        328         3.2378501        32.76612         5.89858       189.9419
        329         3.2376567        32.76384         5.89828       190.7617
        330         3.2377195        32.76556         5.89681       191.5843
        331         3.2374386        32.76700         5.89165       192.4104
        332         3.2375326        32.77074         5.88846       193.2239
        333         3.2379265        32.77373         5.88952       194.0347
        334         3.2380766        32.77418         5.89038       194.8576
        335         3.2381456        32.77446         5.89048       195.6743
        336         3.2382146        32.77635         5.88891       196.4879
        337         3.2382711        32.77772         5.88775       197.2928
        338         3.2385712        32.78143         5.88699       198.1006
        339         3.2387777        32.78530         5.88497       198.9140
        340         3.2388342        32.78623         5.88426       199.7218
        341         3.2388782        32.78643         5.88416       200.5264
        342         3.2386598        32.78999         5.87753       201.3371
        343         3.2385415        32.79601         5.86954       202.1326
        344         3.2360744        32.78541         5.85149       202.9312
        345         3.2346573        32.80626         5.81314       203.7268
        346         3.2341456        32.81379         5.79906       204.5192
        347         3.2339212        32.82111         5.78851       205.3118
        348         3.2345585        32.83834         5.77776       206.0890
        349         3.2338595        32.83955         5.76802       206.8724
        350         3.2336100        32.84660         5.75748       207.6590
        351         3.2333294        32.85099         5.74931       208.4455
        352         3.2336107        32.85951         5.74341       209.2258
        353         3.2341167        32.86302         5.74527       209.9971
        354         3.2339859        32.86876         5.73746       210.7745
        355         3.2337677        32.87628         5.72682       211.5427
        356         3.2344174        32.89186         5.71795       212.3110
        357         3.2350235        32.89934         5.71690       213.0732
        358         3.2357545        32.91639         5.70747       213.8477
        359         3.2361234        32.93201         5.69534       214.6160
        360         3.2361487        32.93678         5.69035       215.3812
        361         3.2368423        32.94772         5.68677       216.1433
        362         3.2375484        32.95634         5.68572       216.9084
        363         3.2375487        32.95641         5.68526       217.6740
        364         3.2377425        32.95807         5.68541       218.4301
        365         3.2378302        32.95844         5.68567       219.1891
        366         3.2378617        32.95837         5.68572       219.9484
        367         3.2378557        32.95846         5.68516       220.7198
        368         3.2379684        32.95931         5.68521       221.4758
        369         3.2375438        32.95484         5.68451       222.2230
        370         3.2375816        32.95617         5.68320       222.9851
        371         3.2376130        32.95639         5.68295       223.7473
        372         3.2378757        32.95820         5.68375       224.5007
        373         3.2382195        32.96072         5.68476       225.2476
        374         3.2385508        32.96355         5.68531       226.0036
        375         3.2385886        32.96355         5.68536       226.7567
        376         3.2386138        32.96352         5.68531       227.4978
        377         3.2386453        32.96355         5.68526       228.2509
        378         3.2386830        32.96332         5.68557       228.9950
        379         3.2387269        32.96394         5.68506       229.7390
        380         3.2387709        32.96397         5.68516       230.4830
        381         3.2388024        32.96396         5.68516       231.2179
        382         3.2388463        32.96404         5.68521       231.9559
        383         3.2388841        32.96435         5.68496       232.6968
        384         3.2389155        32.96488         5.68441       233.4320
        385         3.2389158        32.96501         5.68390       234.1727
        386         3.2389035        32.96583         5.68255       234.9138
        387         3.2389350        32.96646         5.68189       235.6517
        388         3.2389790        32.96832         5.68013       236.3867
        389         3.2390168        32.97428         5.67409       237.1216
        390         3.2390983        32.98074         5.66805       237.8566
        391         3.2391985        32.98441         5.66508       238.5852
        392         3.2392925        32.98806         5.66206       239.3170
        393         3.2392927        32.98775         5.66201       240.0430
        394         3.2393429        32.98776         5.66221       240.7688
        395         3.2393932        32.98871         5.66145       241.4916
        396         3.2394434        32.98971         5.66065       242.2052
        397         3.2394936        32.98993         5.66065       242.9192
        398         3.2395751        32.99133         5.65979       243.6360
        399         3.2395628        32.99113         5.65949       244.3588
        400         3.2396942        32.99335         5.65839       245.0633
        401         3.2398132        32.99626         5.65642       245.7621
        402         3.2398572        32.99711         5.65572       246.4545
        403         3.2399511        33.00014         5.65335       247.1439
        404         3.2399639        33.00020         5.65310       247.8123
        405         3.2400141        33.00104         5.65250       248.4564
        406         3.2400580        33.00315         5.65054       249.0675
        407         3.2400769        33.00378         5.64983       249.6148
        408         3.2401271        33.00468         5.64923       250.1351
        409         3.2401272        33.00467         5.64903       250.5555
        410         3.2401898        33.00524         5.64908       250.7372
        411         3.2403834        33.00572         5.65094       250.5107
        412         3.2403021        33.00421         5.65169       250.2026
        413         3.2403082        33.00463         5.65149       249.8915
        414         3.2402519        33.00389         5.65179       249.5169
        415         3.2401643        33.00360         5.65124       249.1878
        416         3.2401143        33.00360         5.65069       249.1486
        417         3.2400080        33.00165         5.65144       249.1791
        418         3.2400580        33.00099         5.65270       249.1492
        419         3.2401080        33.00164         5.65265       249.0949
        420         3.2401392        33.00174         5.65295       249.0073
        421         3.2401392        33.00186         5.65290       248.8596
        422         3.2401703        33.00216         5.65305       248.6694
        423         3.2402203        33.00286         5.65300       248.4851
        424         3.2401890        33.00338         5.65220       248.3131
        425         3.2402202        33.00469         5.65134       248.0715
        426         3.2402201        33.00462         5.65154       247.7994
        427         3.2401825        33.00420         5.65164       247.6095
        428         3.2401137        33.00330         5.65184       247.4403
        429         3.2400074        33.00160         5.65250       247.1563
        430         3.2399448        32.99872         5.65491       246.7909
        431         3.2399822        32.99755         5.65667       246.5250
        432         3.2401446        32.99809         5.65808       246.3467
        433         3.2399445        32.99566         5.65844       245.9933
        434         3.2398505        32.99520         5.65818       245.2892
        435         3.2397503        32.99461         5.65803       244.4914
        436         3.2396501        32.99337         5.65854       243.7086
        437         3.2395374        32.99235         5.65869       242.8924
        438         3.2394371        32.99052         5.65984       242.0159
        439         3.2393618        32.98956         5.66040       241.1455
        440         3.2393366        32.98988         5.66020       240.3324
        441         3.2392988        32.98951         5.66055       239.5224
        442         3.2392048        32.98764         5.66181       238.6699
        443         3.2391483        32.98651         5.66276       237.7632
        444         3.2390355        32.98395         5.66452       236.8776
        445         3.2389040        32.97528         5.67228       236.1008
        446         3.2389350        32.97100         5.67741       235.3240
        447         3.2389346        32.96829         5.68063       234.4263
        448         3.2388843        32.96607         5.68280       233.5043
        449         3.2388716        32.96513         5.68401       232.7155
        450         3.2388214        32.96434         5.68461       231.9660
        451         3.2387898        32.96368         5.68536       231.1072
        452         3.2387271        32.96336         5.68541       230.2185
        453         3.2387018        32.96329         5.68562       229.3813
        454         3.2386266        32.96299         5.68547       228.5681
        455         3.2385764        32.96330         5.68496       227.7913
        456         3.2385387        32.96336         5.68486       227.0115
        457         3.2384946        32.96316         5.68501       226.1135
        458         3.2384131        32.96269         5.68501       225.1917
        459         3.2383504        32.96247         5.68491       224.4116
        460         3.2383440        32.96249         5.68516       223.7287
        461         3.2381000        32.95958         5.68572       222.9427
        462         3.2376375        32.95547         5.68506       221.9994
        463         3.2375123        32.95547         5.68406       221.1227
        464         3.2373059        32.95383         5.68370       220.4184
        465         3.2371870        32.95339         5.68315       219.6869
        466         3.2369431        32.95151         5.68270       218.8254
        467         3.2368117        32.95118         5.68194       217.9817
        468         3.2366615        32.94942         5.68239       217.2109
        469         3.2362365        32.94438         5.68305       216.4158
        470         3.2360489        32.94143         5.68431       215.6177
        471         3.2359861        32.93864         5.68682       214.8530
        472         3.2359171        32.93597         5.68919       214.0217
        473         3.2353734        32.92401         5.69559       213.1812
        474         3.2347423        32.90356         5.70964       212.4374
        475         3.2339427        32.88982         5.71488       211.6575
        476         3.2334803        32.88074         5.71926       210.8530
        477         3.2336424        32.87803         5.72430       210.1035
        478         3.2338543        32.87029         5.73509       209.3446
        479         3.2334794        32.86035         5.74139       208.5071
        480         3.2333479        32.85637         5.74437       207.7030
        481         3.2333477        32.85250         5.74870       206.9865
        482         3.2334286        32.85017         5.75243       206.2034
        483         3.2338591        32.84782         5.76025       205.3992
        484         3.2336776        32.83795         5.76873       204.5647
        485         3.2336398        32.82943         5.77745       203.7816
        486         3.2339080        32.82288         5.78765       203.1106
        487         3.2342636        32.81493         5.80042       202.1973
        488         3.2356683        32.81722         5.81481       201.2630
        489         3.2373792        32.80460         5.84795       200.6734
        490         3.2381410        32.79791         5.86403       199.9963
        491         3.2384092        32.78860         5.87728       198.9500
        492         3.2383776        32.78392         5.88224       197.9732
        493         3.2383524        32.78274         5.88345       197.3990
        494         3.2383335        32.78288         5.88340       196.7851
        495         3.2378833        32.77817         5.88355       195.7782
        496         3.2375832        32.77504         5.88380       194.7927
        497         3.2376017        32.77429         5.88512       194.1516
        498         3.2375015        32.77268         5.88593       193.5589
        499         3.2373076        32.77120         5.88563       192.7274
        500         3.2370824        32.76961         5.88517       191.7235
        501         3.2366574        32.76689         5.88345       190.9313
        502         3.2364512        32.76636         5.88188       190.3931
        503         3.2364946        32.76657         5.88254       189.6554
        504         3.2369378        32.76730         5.88745       188.6271
        505         3.2374497        32.76557         5.89559       187.7954
        506         3.2376119        32.76262         5.90081       187.2392
        507         3.2376304        32.76208         5.90192       186.5649
        508         3.2376926        32.76249         5.90268       185.6366
        509         3.2376610        32.76218         5.90308       184.7659
        510         3.2378232        32.76294         5.90450       184.1186
        511         3.2380729        32.76412         5.90652       183.4260
        512         3.2382350        32.76272         5.91027       182.6096
        513         3.2381473        32.76133         5.91113       181.7296
        514         3.2381408        32.76152         5.91123       180.9947
        515         3.2380969        32.76115         5.91143       180.3566
        516         3.2379842        32.76088         5.91078       179.6159
        517         3.2379090        32.76075         5.91047       178.7539
        518         3.2379087        32.76123         5.91042       177.8859
        519         3.2379585        32.76082         5.91174       177.2569
        520         3.2380332        32.76126         5.91250       176.5736
        521         3.2381079        32.76017         5.91498       175.5967
        522         3.2379577        32.75706         5.91685       174.8226
        523         3.2378200        32.75529         5.91741       174.1815
        524         3.2377447        32.75028         5.92217       173.2923
        525         3.2378194        32.74594         5.92794       172.4696
        526         3.2378878        32.74206         5.93305       171.8649
        527         3.2379501        32.74137         5.93488       171.0875
        528         3.2379747        32.73939         5.93766       170.1984
        529         3.2379683        32.73966         5.93766       169.5000
        530         3.2379431        32.73893         5.93847       168.8316
        531         3.2379178        32.73566         5.94197       168.0209
        532         3.2378675        32.73254         5.94506       167.1467
        533         3.2377736        32.73060         5.94633       166.4605
        534         3.2377109        32.72964         5.94688       165.8888
        535         3.2376732        32.72963         5.94683       165.1537
        536         3.2376042        32.72949         5.94663       164.2465
        537         3.2375477        32.72884         5.94703       163.4873
        538         3.2374851        32.72827         5.94719       162.9157
        539         3.2374661        32.72833         5.94724       162.2625
        540         3.2371660        32.72475         5.94790       161.4005
        541         3.2369408        32.71529         5.95555       160.4930
        542         3.2377649        32.70657         5.97450       159.7762
        543         3.2379958        32.69713         5.98728       159.1623
        544         3.2377768        32.69048         5.99205       158.3578
        545         3.2376515        32.68813         5.99352       157.3837
        546         3.2378199        32.68861         5.99539       156.5549
        547         3.2381258        32.68656         6.00143       155.8594
        548         3.2382692        32.68443         6.00574       154.9822
        549         3.2383688        32.68068         6.01122       154.1443
        550         3.2373627        32.66758         6.01350       153.4215
        551         3.2367378        32.65944         6.01513       152.5776
        552         3.2365751        32.65405         6.01929       151.6670
        553         3.2366685        32.64757         6.02746       150.9682
        554         3.2366807        32.64166         6.03406       150.3481
        555         3.2369989        32.64101         6.03888       149.4679
        556         3.2380604        32.63741         6.05544       148.5122
        557         3.2388660        32.63248         6.07027       147.8406
        558         3.2394031        32.62981         6.07957       147.2690
        559         3.2409212        32.63724         6.08994       146.3554
        560         3.2425582        32.63660         6.11013       145.3572
        561         3.2433205        32.62968         6.12645       144.8125
        562         3.2442643        32.63169         6.13556       144.3317
        563         3.2447203        32.62676         6.14645       143.4061
        564         3.2447387        32.62563         6.14839       142.3320
        565         3.2446446        32.62394         6.14941       141.6575
        566         3.2445633        32.62107         6.15159       141.3673
        567         3.2443879        32.61799         6.15317       140.5594
        568         3.2442750        32.61696         6.15358       139.2860
        569         3.2442997        32.61681         6.15445       138.4600
        570         3.2442809        32.61641         6.15480       138.1394
        571         3.2443369        32.61682         6.15541       137.3771
        572         3.2445866        32.61755         6.15816       136.1791
        573         3.2448989        32.61814         6.16163       135.2806
        574         3.2455302        32.61875         6.16855       134.8298
        575         3.2464366        32.61880         6.17940       134.0918
        576         3.2470740        32.61617         6.19005       133.0874
        577         3.2478055        32.61640         6.19866       132.3824
        578         3.2487496        32.61092         6.21569       131.6896
        579         3.2492121        32.60600         6.22660       130.8698
        580         3.2498561        32.60396         6.23660       130.0984
        581         3.2513010        32.60282         6.25496       129.2873
        582         3.2548927        32.60410         6.29571       128.5010
        583         3.2579596        32.57203         6.36519       127.7960
        584         3.2603700        32.54676         6.41997       127.1487
        585         3.2610836        32.52697         6.44944       126.3075
        586         3.2617409        32.52247         6.46226       125.3848
        587         3.2625926        32.51634         6.47894       124.7101
        588         3.2632878        32.51000         6.49397       124.1171
        589         3.2643338        32.50363         6.51322       123.3033
        590         3.2673417        32.49755         6.55499       122.3986
        591         3.2701435        32.46661         6.62048       121.6876
        592         3.2716105        32.45436         6.65076       121.0493
        593         3.2742884        32.44234         6.69494       120.2777
        594         3.2755615        32.41844         6.73539       119.4881
        595         3.2760568        32.40867         6.75186       118.7499
        596         3.2768723        32.40356         6.76710       118.0539
        597         3.2764577        32.38487         6.78245       117.3430
        598         3.2729313        32.35741         6.77098       116.5713
        599         3.2721033        32.36137         6.75749       115.8753
        600         3.2667544        32.31256         6.74737       115.2400
        601         3.2618855        32.31236         6.69122       114.5591
        602         3.2611149        32.32210         6.67225       113.8785
        603         3.2616910        32.32637         6.67478       113.2006
        604         3.2632007        32.33280         6.68586       112.5804
        605         3.2659451        32.33409         6.71671       112.0540
        606         3.2668284        32.31874         6.74360       111.4276
        607         3.2715056        32.34116         6.77459       110.6983
        608         3.2782748        32.34214         6.85254       110.1779
        609         3.2826879        32.33092         6.91601       109.6756
        610         3.2847852        32.31567         6.95694       109.0493
        611         3.2857208        32.30054         6.98425       108.4502
        612         3.2861288        32.29315         6.99713       107.9325
        613         3.2865370        32.29008         7.00539       107.4485
        614         3.2876425        32.28793         7.02083       106.8796
        615         3.2883272        32.28178         7.03565       106.2987
        616         3.2885469        32.27677         7.04376       105.8840
        617         3.2885593        32.27450         7.04657       105.4091
        618         3.2883517        32.27134         7.04782       104.8431
        619         3.2881253        32.26815         7.04881       104.4105
        620         3.2874654        32.26396         7.04584       103.9656
        621         3.2871699        32.26303         7.04371       103.3483
        622         3.2868430        32.25919         7.04428       102.8066
        623         3.2867737        32.25588         7.04714       102.5553
        624         3.2867233        32.25319         7.04964       102.1348
        625         3.2867859        32.25126         7.05281       101.3691
        626         3.2868233        32.24570         7.05947       100.8304
        627         3.2869112        32.24363         7.06285       100.5307
        628         3.2870115        32.24128         7.06676       100.0860
        629         3.2869547        32.23954         7.06832        99.3809
        630         3.2868791        32.23487         7.07274        98.7604
        631         3.2867532        32.22969         7.07706        98.2914
        632         3.2870923        32.23001         7.08097        97.6952
        633         3.2874439        32.22288         7.09300        97.0869
        634         3.2878332        32.21670         7.10440        96.5815
        635         3.2880215        32.21329         7.11055        95.9732
        636         3.2887313        32.21196         7.12060        95.2438
        637         3.2888253        32.20286         7.13171        94.7263
        638         3.2890136        32.19991         7.13728        94.2845
        639         3.2892458        32.19326         7.14755        93.4310
        640         3.2920488        32.19419         7.17953        92.7168
        641         3.2935889        32.17758         7.21545        92.4051
        642         3.2944437        32.16896         7.23499        91.7604
        643         3.2948709        32.16333         7.24649        90.8133
        644         3.2941286        32.15262         7.24968        90.1988
        645         3.2945624        32.15273         7.25475        89.9293
        646         3.2952287        32.14593         7.27012        89.3362
        647         3.2943541        32.12691         7.28090        88.3857
        648         3.2928824        32.11599         7.27587        87.6715
        649         3.2925806        32.11643         7.27206        87.3355
        650         3.2926181        32.11567         7.27352        86.9148
        651         3.2925299        32.11321         7.27551        86.1824
        652         3.2921398        32.10862         7.27629        85.4167
        653         3.2922339        32.10831         7.27807        84.7357
        654         3.2924286        32.10510         7.28404        84.2665
        655         3.2925039        32.10302         7.28733        83.9093
        656         3.2927362        32.10052         7.29309        83.2253
        657         3.2936979        32.10000         7.30528        82.3748
        658         3.2942195        32.08710         7.32555        81.8269
        659         3.2941879        32.08213         7.33073        81.4575
        660         3.2933826        32.05742         7.34833        80.8674
        661         3.2905782        32.02012         7.35630        80.1681
        662         3.2868890        31.99468         7.34105        79.5749
        663         3.2855004        31.98791         7.33241        79.0754
        664         3.2842753        31.97736         7.32979        78.5397
        665         3.2833706        31.96805         7.32963        77.8707
        666         3.2831506        31.96159         7.33434        77.2865
        667         3.2835272        31.96038         7.34026        76.8809
        668         3.2842744        31.95772         7.35216        76.3360
        669         3.2848708        31.95211         7.36558        75.6307
        670         3.2867739        31.95037         7.39001        75.0374
        671         3.2879295        31.91525         7.44187        74.6470
        672         3.2883062        31.89960         7.46352        74.2170
        673         3.2888210        31.87877         7.49253        73.5845
        674         3.2874130        31.85342         7.50400        72.9456
        675         3.2862942        31.82584         7.52121        72.5068
        676         3.2857410        31.80341         7.53942        72.1102
        677         3.2855208        31.78975         7.55205        71.5412
        678         3.2853697        31.77936         7.56196        70.9144
        679         3.2854072        31.77456         7.56791        70.3877
        680         3.2853128        31.76980         7.57223        69.9699
        681         3.2853943        31.76797         7.57544        69.4463
        682         3.2854255        31.76533         7.57898        68.9134
        683         3.2855258        31.75967         7.58656        68.4654
        684         3.2857077        31.75097         7.59848        67.9841
        685         3.2856697        31.74385         7.60612        67.4089
        686         3.2855564        31.73887         7.61050        66.9125
        687         3.2853175        31.73376         7.61351        66.4825
        688         3.2849655        31.72767         7.61636        65.8983
        689         3.2839854        31.71818         7.61557        65.2807
        690         3.2836147        31.71517         7.61472        64.8599
        691         3.2835580        31.71455         7.61499        64.3755
        692         3.2836520        31.71345         7.61762        63.7095
        693         3.2838276        31.71187         7.62168        63.1796
        694         3.2837709        31.70940         7.62395        62.7317
        695         3.2835760        31.70637         7.62527        62.1654
        696         3.2820435        31.69305         7.62221        61.5268
        697         3.2799714        31.68640         7.60544        60.9756
        698         3.2783894        31.68205         7.59189        60.4338
        699         3.2779687        31.68314         7.58604        59.8646
        700         3.2783514        31.68373         7.59015        59.3408
        701         3.2786210        31.68049         7.59716        58.7718
        702         3.2789346        31.67976         7.60201        58.0512
        703         3.2804347        31.67998         7.61968        57.5001
        704         3.2819037        31.68077         7.63630        57.0702
        705         3.2841705        31.67877         7.66549        56.3527
        706         3.2853949        31.67221         7.68752        55.5020
        707         3.2859915        31.66652         7.70105        54.9692
        708         3.2859285        31.66292         7.70444        54.6633
        709         3.2858215        31.66265         7.70375        54.1092
        710         3.2859783        31.66407         7.70444        53.3070
        711         3.2866001        31.66713         7.70867        52.7136
        712         3.2895785        31.68252         7.72691        52.3442
        713         3.2965507        31.67258         7.82000        51.7629
        714         3.2964425        31.58877         7.91172        50.9092
        715         3.2955741        31.56685         7.92606        50.3310
        716         3.2955174        31.56670         7.92575        49.9705
        717         3.2951461        31.56376         7.92495        49.3377
        718         3.2944478        31.55878         7.92266        48.5142
        719         3.2924292        31.55062         7.90826        47.9178
        720         3.2910964        31.55055         7.89291        47.4061
        721         3.2897008        31.54621         7.88165        46.6795
        722         3.2872372        31.53748         7.86270        45.9075
        723         3.2860371        31.53993         7.84615        45.3232
        724         3.2832857        31.52364         7.83204        44.8054
        725         3.2821050        31.52644         7.81534        44.1847
        726         3.2889960        31.55698         7.86307        43.4126
        727         3.2969236        31.54138         7.97399        42.7193
        728         3.2983635        31.50539         8.03113        42.2621
        729         3.2992378        31.50321         8.04414        41.6594
        730         3.2977022        31.47973         8.05267        40.6967
        731         3.2957897        31.46464         8.04728        40.0125
        732         3.2950474        31.46102         8.04275        39.6551
        733         3.2946636        31.45839         8.04147        39.0132
        734         3.2947513        31.45392         8.04797        38.0291
        735         3.2948390        31.44391         8.06050        37.3329
        736         3.2947696        31.44013         8.06408        36.9876
        737         3.2954738        31.44033         8.07245        36.3972
        738         3.2946117        31.41877         8.08681        35.4434
        739         3.2912601        31.39084         8.07880        34.7410
        740         3.2892927        31.38161         8.06605        34.3957
        741         3.2859937        31.36495         8.04595        33.9052
        742         3.2850261        31.36859         8.03086        33.0756
        743         3.2847181        31.36549         8.03102        32.3974
        744         3.2837381        31.35886         8.02703        32.0550
        745         3.2829027        31.35849         8.01781        31.5615
        746         3.2827078        31.35934         8.01493        30.8045
        747         3.2834926        31.36326         8.02015        30.1777
        748         3.2842461        31.36039         8.03246        29.7628
        749         3.2835613        31.35142         8.03459        29.3691
        750         3.2834668        31.34557         8.04035        28.6787
        751         3.2807601        31.32559         8.03102        27.9884
        752         3.2783808        31.32090         8.00833        27.5826
        753         3.2777029        31.32404         7.99704        27.1100
        754         3.2785814        31.32426         8.00747        26.5226
        755         3.2785686        31.31892         8.01355        26.0200
        756         3.2784680        31.31718         8.01461        25.3962
        757         3.2790138        31.31761         8.02090        24.7723
        758         3.2772875        31.29329         8.02783        24.4665
        759         3.2738927        31.26496         8.01951        24.0999
        760         3.2715716        31.25257         8.00625        23.3702
        761         3.2676900        31.22620         7.99011        22.6708
        762         3.2613669        31.18294         7.96377        22.2105
        763         3.2580349        31.16985         7.93904        21.8348
        764         3.2563568        31.16018         7.93021        21.2838
        765         3.2523569        31.12782         7.91931        20.5358
        766         3.2472208        31.09643         7.89376        19.8090
        767         3.2431379        31.07640         7.86785        19.3064
        768         3.2397568        31.05764         7.84885        18.7794
        769         3.2362832        31.03650         7.83156        17.9739
        770         3.2333980        31.02162         7.81422        17.1713
        771         3.2330170        31.02060         7.81110        16.6231
        772         3.2313063        31.01034         7.80246        16.0872
        773         3.2303761        31.00947         7.79271        15.3120
        774         3.2296519        31.00385         7.79075        14.5428
        775         3.2281354        30.99546         7.78233        13.9978
        776         3.2268998        30.98915         7.77502        13.2466
        777         3.2228951        30.95760         7.76305        12.3412
        778         3.1957500        30.71650         7.70951        11.6963
        779         3.1617636        30.49696         7.54768        11.1269
        780         3.1525763        30.47636         7.45973        10.3880
        781         3.1492872        30.46704         7.43074         9.4886
        782         3.1478407        30.46239         7.41882         8.6710
        783         3.1468580        30.45783         7.41231         8.1107
        784         3.1461349        30.45285         7.40943         7.6080
        785         3.1449978        30.44263         7.40764         6.7419
        786         3.1439844        30.43385         7.40581         5.7092
        787         3.1436321        30.43154         7.40444         5.1186
        788         3.1435456        30.43154         7.40355         4.7855
        789         3.1436627        30.43270         7.40407         3.9770
        790         3.1435388        30.43139         7.40460         2.8990
        791         3.1434089        30.43030         7.40455         2.3265
        792         3.1434088        30.43086         7.40413         1.8935
        793         3.1432974        30.42981         7.40439         1.0667
        794         3.1429142        30.42654         7.40376         0.4276
        795         3.1427721        30.42531         7.40350         0.3064
        796         3.1428091        30.42454         7.40497         0.0277
        797         3.1432723        30.42621         7.40874        -0.0361
        798         2.3876406        22.47759         7.41300        -0.0330
        799         0.4893219         4.05848         7.41998        -0.0362
        800         0.4122610         3.38088         7.42129        -0.0333
        801         0.3839201         3.13399         7.42297        -0.0304
        802         0.3542594         2.87700         7.42622        -0.0337
        803         0.3027523         2.43492         7.42958        -0.0368
        804         0.3091815         2.48944         7.43431        -0.0369
        805         0.2680230         2.13926         7.44292        -0.0339
        806         0.2186304         1.72523         7.43536        -0.0338
        807         0.2207246         1.74451         7.39888        -0.0310
        808         0.1910038         1.49883         7.37203        -0.0373
