          1         0.0344179         0.22105        12.13641        -0.0676
          2         0.0332969         0.21368        12.13315        -0.0645
          3         0.0322328         0.20667        12.13677        -0.0585
          4         0.0343364         0.22046        12.14472        -0.0615
          5         0.0385875         0.24858        12.13867        -0.0676
          6         0.0386785         0.24930        12.11992        -0.0646
          7         0.0374424         0.24113        12.11684        -0.0646
          8         0.0467018         0.30274        12.11951        -0.0586
          9         0.0477225         0.30948        12.13178        -0.0615
         10         0.0606897         0.39675        12.14252        -0.0585
         11         0.0624433         0.40854        12.15213        -0.0585
         12         0.0648113         0.44049        10.75266        -0.0373
         13         0.7656238         6.45805         7.93042         0.0172
         14         2.6296564        25.36038         6.90455         0.2261
         15         2.7629294        27.15646         6.42320         0.5682
         16         2.7668097        27.22299         6.39232         0.8074
         17         2.8023851        27.39866         6.65344         0.8165
         18         2.8365204        27.87823         6.51615         0.8166
         19         2.8509120        28.12130         6.41019         0.8196
         20         2.8649842        28.33358         6.33884         0.8256
         21         2.8732033        28.45023         6.30649         0.8257
         22         2.8750610        28.49585         6.27620         0.8257
         23         2.8788849        28.54441         6.26813         0.8287
         24         2.8789985        28.54869         6.26451         0.8318
         25         2.8816464        28.58009         6.26160         0.8288
         26         2.8817839        28.58176         6.26139         0.8349
         27         2.8818019        28.58299         6.26017         0.8349
         28         2.8852282        28.61321         6.26880         0.8289
         29         2.8872619        28.62562         6.28049         0.8350
         30         2.8955820        28.70188         6.29796         0.8381
         31         2.9128129        28.83533         6.36289         0.8382
         32         2.9227705        28.90514         6.40881         0.8413
         33         2.9312487        28.96507         6.44719         0.8383
         34         2.9364844        28.99218         6.48248         0.8384
         35         2.9445857        29.05325         6.51446         0.8414
         36         2.9510364        29.08903         6.55494         0.8416
         37         2.9558869        29.10939         6.59299         0.8447
         38         2.9608310        29.13456         6.62655         0.8448
         39         2.9660199        29.15945         6.66349         0.8449
         40         2.9686305        29.15934         6.69690         0.8419
         41         2.9714174        29.16036         6.73121         0.8422
         42         2.9741327        29.16127         6.76472         0.8393
         43         2.9757840        29.15349         6.79491         0.8454
         44         2.9790698        29.16350         6.82495         0.8456
         45         2.9788576        29.13666         6.85389         0.8459
         46         2.9818056        29.14727         6.87890         0.8460
         47         2.9836281        29.14326         6.90683         0.8492
         48         2.9821806        29.10895         6.92892         0.8463
         49         2.9850512        29.12851         6.94236         0.8495
         50         2.9853603        29.14454         6.92737         0.8466
         51         2.9834771        29.17454         6.86802         0.8468
         52         2.9851127        29.21310         6.84343         0.8471
         53         2.9846222        29.21674         6.83292         0.8412
         54         2.9858579        29.23076         6.83215         0.8415
         55         2.9855065        29.21784         6.84286         0.8447
         56         2.9862941        29.22882         6.83996         0.8419
         57         2.9861909        29.21529         6.85456         0.8512
         58         2.9870269        29.21345         6.86735         0.8453
         59         2.9878082        29.19560         6.89828         0.8457
         60         2.9851302        29.15071         6.91715         0.8490
         61         2.9814058        29.11947         6.90662         0.8491
         62         2.9830287        29.14430         6.89797         0.8494
         63         2.9851662        29.12162         6.95196         0.8496
         64         2.9837667        29.07913         6.98441         0.8469
         65         2.9831367        29.05977         6.99931         0.8502
         66         2.9826582        29.04472         7.01106         0.8504
         67         2.9818648        29.02537         7.02390         0.8477
         68         2.9822219        29.02023         7.03456         0.8479
         69         2.9811137        28.99480         7.05063         0.8512
         70         2.9781536        28.95712         7.05765         0.8515
         71         2.9756484        28.93442         7.05266         0.8519
         72         2.9748740        28.92550         7.05339         0.8521
         73         2.9736459        28.90399         7.06332         0.8523
         74         2.9726781        28.88972         7.06795         0.8527
         75         2.9717527        28.87082         7.07868         0.8499
         76         2.9719099        28.86645         7.08591         0.8502
         77         2.9701501        28.83726         7.09826         0.8535
         78         2.9675507        28.80666         7.10154         0.8538
         79         2.9662332        28.79089         7.10352         0.8541
         80         2.9651213        28.77772         7.10503         0.8544
         81         2.9640639        28.75962         7.11315         0.8547
         82         2.9650003        28.76375         7.12024         0.8520
         83         2.9660757        28.76062         7.13780         0.8584
         84         2.9627526        28.71591         7.14881         0.8556
         85         2.9612064        28.70058         7.14735         0.8560
         86         2.9620761        28.70711         7.15068         0.8563
         87         2.9589058        28.67272         7.15126         0.8596
         88         2.9597209        28.68014         7.15282         0.8538
         89         2.9532445        28.60800         7.15632         0.8542
         90         2.9562678        28.64698         7.14828         0.8605
         91         2.9519777        28.59571         7.15480         0.8578
         92         2.9546263        28.62242         7.15673         0.8581
         93         2.9557365        28.62387         7.16930         0.8584
         94         2.9511873        28.57042         7.17515         0.8588
         95         2.9495107        28.55424         7.17306         0.8591
         96         2.9519533        28.57818         7.17567         0.8595
         97         2.9441515        28.49372         7.17703         0.8597
         98         2.9455859        28.51537         7.16936         0.8601
         99         2.9452363        28.50797         7.17379         0.8634
        100         2.9389465        28.43922         7.17572         0.8607
        101         2.9395850        28.45475         7.16513         0.8642
        102         2.9384407        28.43957         7.16873         0.8614
        103         2.9342927        28.39618         7.16763         0.8618
        104         2.9303455        28.35913         7.16143         0.8620
        105         2.9293651        28.35650         7.15188         0.8653
        106         2.9302253        28.36779         7.14933         0.8597
        107         2.9286614        28.34886         7.15204         0.8600
        108         2.9302012        28.36564         7.15162         0.8664
        109         2.9295576        28.35620         7.15475         0.8638
        110         2.9282945        28.34250         7.15501         0.8641
        111         2.9283366        28.34432         7.15334         0.8646
        112         2.9233405        28.29328         7.15053         0.8648
        113         2.9230881        28.29580         7.14417         0.8652
        114         2.9227636        28.29579         7.13994         0.8656
        115         2.9214656        28.28423         7.13713         0.8660
        116         2.9235209        28.30785         7.13509         0.8663
        117         2.9237072        28.30873         7.13645         0.8667
        118         2.9213394        28.28314         7.13681         0.8700
        119         2.9174407        28.24402         7.13374         0.8673
        120         2.9191706        28.26612         7.12931         0.8708
        121         2.9192067        28.26856         7.12681         0.8681
        122         2.9212253        28.29085         7.12592         0.8684
        123         2.9184859        28.26218         7.12519         0.8658
        124         2.9191587        28.27184         7.12217         0.8722
        125         2.8868296        27.95870         7.08263         0.9330
        126         2.8854644        28.32440         6.61775         1.6237
        127         2.9092005        28.75910         6.40548         2.7350
        128         2.9083971        28.76811         6.38377         3.9615
        129         2.9112056        28.80951         6.37036         5.2818
        130         2.9195517        28.88493         6.38822         6.6019
        131         2.9328276        29.02069         6.39836         7.8890
        132         2.9588303        29.25215         6.45903         9.1940
        133         2.9757289        29.38466         6.51872        10.5172
        134         3.0153601        29.73263         6.61507        11.8949
        135         3.0198182        29.73320         6.66957        13.3181
        136         3.0250889        29.77813         6.68313        14.6958
        137         3.0364692        29.87364         6.71485        16.0794
        138         3.0423123        29.94412         6.70618        17.4451
        139         3.0540774        30.03992         6.74221        18.8046
        140         3.0585022        30.05574         6.77831        20.2156
        141         3.0605080        30.08079         6.77387        21.6266
        142         3.0617010        30.10144         6.76436        23.0678
        143         3.0617748        30.10657         6.75868        24.5363
        144         3.0613473        30.11099         6.74758        26.0381
        145         3.0611767        30.11969         6.73477        27.5701
        146         3.0638193        30.15160         6.73038        29.0929
        147         3.0659796        30.18542         6.71789        30.5825
        148         3.0688136        30.22069         6.71211        32.0752
        149         3.0762236        30.28840         6.72605        33.5254
        150         3.0799128        30.31245         6.74355        34.9303
        151         3.0812678        30.31722         6.75414        36.2958
        152         3.0825311        30.32417         6.76111        37.6824
        153         3.0829300        30.32609         6.76312        39.0903
        154         3.0829612        30.32985         6.75853        40.5132
        155         3.0852797        30.35795         6.75455        41.9301
        156         3.0885805        30.38847         6.75992        43.3410
        157         3.1070831        30.59380         6.75475        44.7578
        158         3.1161287        30.69991         6.74556        46.1687
        159         3.1164249        30.72491         6.72053        47.6068
        160         3.1150219        30.72797         6.69932        49.0025
        161         3.1182734        30.78116         6.67890        50.3587
        162         3.1261601        30.87205         6.67292        51.7210
        163         3.1348008        30.96092         6.67838        53.0683
        164         3.1322962        30.92256         6.68988        54.3913
        165         3.1303289        30.89126         6.70009        55.7141
        166         3.1306069        30.89401         6.69973        57.0432
        167         3.1353886        30.96472         6.67859        58.3480
        168         3.1417422        31.10598         6.59876        59.6589
        169         3.1411630        31.18121         6.50850        60.9850
        170         3.1406020        31.22210         6.45632        62.3048
        171         3.1406766        31.23159         6.44616        63.6096
        172         3.1408623        31.23527         6.44370        64.9235
        173         3.1409553        31.23709         6.44216        66.2343
        174         3.1410545        31.23885         6.44078        67.5329
        175         3.1413266        31.24306         6.43878        68.8407
        176         3.1415000        31.24615         6.43683        70.1333
        177         3.1419018        31.25237         6.43422        71.4108
        178         3.1424148        31.26097         6.43038        72.6247
        179         3.1428290        31.26856         6.42648        73.7691
        180         3.1430641        31.27250         6.42443        74.8922
        181         3.1432745        31.27542         6.42320        76.0153
        182         3.1434478        31.27830         6.42156        77.1565
        183         3.1437385        31.28213         6.42028        78.3221
        184         3.1447026        31.29483         6.41741        79.4784
        185         3.1453763        31.30073         6.41849        80.6286
        186         3.1457844        31.30280         6.42054        81.7851
        187         3.1466807        31.30810         6.42494        82.9323
        188         3.1482507        31.31746         6.43299        84.0858
        189         3.1494749        31.32866         6.43489        85.2360
        190         3.1502357        31.34460         6.42607        86.3682
        191         3.1508728        31.35645         6.42023        87.5123
        192         3.1526108        31.38619         6.40809        88.7201
        193         3.1531618        31.41333         6.38459        89.9308
        194         3.1530386        31.41918         6.37614        91.1294
        195         3.1533853        31.42538         6.37297        92.3040
        196         3.1543690        31.43501         6.37373        93.3906
        197         3.1541220        31.43686         6.36826        94.4136
        198         3.1538564        31.44089         6.36017        95.4460
        199         3.1535847        31.44868         6.34795        96.4811
        200         3.1534552        31.45342         6.34074        97.5254
        201         3.1538824        31.46410         6.33373        98.5820
        202         3.1542353        31.47368         6.32703        99.6443
        203         3.1543717        31.47786         6.32361       100.6976
        204         3.1544958        31.48298         6.31901       101.7570
        205         3.1545889        31.48540         6.31696       102.8073
        206         3.1545583        31.48533         6.31615       103.8486
        207         3.1546576        31.48792         6.31400       104.8959
        208         3.1546457        31.49539         6.30521       106.0005
        209         3.1550977        31.50793         6.29647       107.1264
        210         3.1583709        31.54265         6.29750       108.2312
        211         3.1604197        31.56223         6.30025       109.3208
        212         3.1608038        31.56653         6.29964       110.4164
        213         3.1609403        31.56838         6.29872       111.5029
        214         3.1609964        31.56848         6.29872       112.5955
        215         3.1611020        31.56951         6.29831       113.6882
        216         3.1611951        31.56994         6.29842       114.7748
        217         3.1607250        31.56566         6.29688       115.8431
        218         3.1607440        31.56952         6.29239       116.9176
        219         3.1609300        31.57235         6.29101       117.9980
        220         3.1611842        31.57517         6.29045       119.0784
        221         3.1619274        31.58601         6.28708       120.1499
        222         3.1632342        31.61057         6.27564       121.2241
        223         3.1634452        31.63117         6.25542       122.2987
        224         3.1630247        31.63724         6.24333       123.3761
        225         3.1631799        31.64660         6.23456       124.4533
        226         3.1658121        31.67776         6.23185       125.5307
        227         3.1672991        31.69154         6.23420       126.6081
        228         3.1676092        31.69870         6.22966       127.6824
        229         3.1670893        31.70672         6.21431       128.7599
        230         3.1670837        31.72720         6.19173       129.8281
        231         3.1671151        31.73907         6.17884       130.8964
        232         3.1676483        31.75234         6.17044       131.9403
        233         3.1684542        31.77587         6.15429       132.9784
        234         3.1687767        31.78672         6.14600       134.0044
        235         3.1690311        31.79268         6.14213       135.0332
        236         3.1693103        31.79815         6.13907       136.0501
        237         3.1696081        31.80436         6.13546       137.0547
        238         3.1698935        31.80872         6.13368       138.0655
        239         3.1702036        31.81459         6.13058       139.0732
        240         3.1706130        31.82175         6.12727       140.0960
        241         3.1711464        31.83301         6.12106       141.1037
        242         3.1714318        31.84252         6.11379       142.1113
        243         3.1715686        31.85010         6.10682       143.0979
        244         3.1715937        31.85106         6.10560       144.0632
        245         3.1716188        31.85126         6.10519       145.0316
        246         3.1716500        31.85125         6.10509       145.9969
        247         3.1716813        31.85119         6.10504       146.9501
        248         3.1717250        31.85118         6.10509       147.8821
        249         3.1718121        31.85252         6.10423       148.7991
        250         3.1720665        31.85839         6.10051       149.7189
        251         3.1722156        31.86272         6.09721       150.6328
        252         3.1723895        31.86774         6.09345       151.5558
        253         3.1724703        31.87011         6.09141       152.4787
        254         3.1724520        31.86991         6.09096       153.3684
        255         3.1724523        31.86894         6.09157       154.2096
        256         3.1725269        31.86942         6.09152       155.0387
        257         3.1725768        31.86958         6.09152       155.8558
        258         3.1726018        31.86951         6.09146       156.6879
        259         3.1726083        31.86894         6.09172       157.5353
        260         3.1727573        31.87071         6.09116       158.4006
        261         3.1728754        31.87303         6.08963       159.2962
        262         3.1731298        31.87843         6.08643       160.2040
        263         3.1735580        31.88949         6.07927       161.1088
        264         3.1740667        31.89868         6.07505       162.0167
        265         3.1741413        31.90003         6.07403       162.9241
        266         3.1743029        31.90431         6.07093       163.8381
        267         3.1742040        31.90482         6.06875       164.7549
        268         3.1740183        31.90738         6.06336       165.6566
        269         3.1741364        31.91195         6.05945       166.5461
        270         3.1742421        31.91607         6.05589       167.3782
        271         3.1740812        31.91828         6.05122       168.1891
        272         3.1738645        31.92022         6.04619       168.9878
        273         3.1738896        31.92331         6.04279       169.7837
        274         3.1737162        31.92373         6.03990       170.5764
        275         3.1737599        31.92818         6.03528       171.3753
        276         3.1739772        31.93060         6.03487       172.1711
        277         3.1740270        31.93096         6.03467       172.9728
        278         3.1739839        31.93383         6.03071       173.7595
        279         3.1741454        31.93726         6.02858       174.5552
        280         3.1742697        31.94086         6.02579       175.4055
        281         3.1736873        31.94744         6.01147       176.2406
        282         3.1735699        31.95798         5.99849       177.0334
        283         3.1735949        31.95965         5.99661       177.8351
        284         3.1739547        31.96251         5.99742       178.6459
        285         3.1745378        31.96647         5.99970       179.4538
        286         3.1746558        31.96761         5.99950       180.2374
        287         3.1745879        31.97011         5.99565       181.0211
        288         3.1745262        31.97616         5.98809       181.8107
        289         3.1743901        31.97713         5.98505       182.6155
        290         3.1743407        31.97835         5.98277       183.3991
        291         3.1743472        31.97838         5.98241       184.1889
        292         3.1742172        31.97842         5.98043       184.9723
        293         3.1742175        31.97962         5.97876       185.7682
        294         3.1742302        31.97995         5.97815       186.5759
        295         3.1742180        31.98053         5.97699       187.3715
        296         3.1742741        31.98259         5.97506       188.1762
        297         3.1743922        31.98767         5.97065       188.9932
        298         3.1744793        31.99318         5.96543       189.8009
        299         3.1745167        31.99417         5.96441       190.6146
        300         3.1745604        31.99445         5.96421       191.4406
        301         3.1746041        31.99444         5.96431       192.2786
        302         3.1746415        31.99445         5.96431       193.1227
        303         3.1746542        31.99472         5.96376       193.9665
        304         3.1747350        31.99603         5.96289       194.7986
        305         3.1748221        31.99733         5.96213       195.6125
        306         3.1749650        31.99873         5.96193       196.4262
        307         3.1751016        32.00101         5.96072       197.2399
        308         3.1752197        32.00448         5.95803       198.0537
        309         3.1753006        32.00580         5.95717       198.8675
        310         3.1753815        32.00785         5.95555       199.6781
        311         3.1753880        32.01035         5.95256       200.4950
        312         3.1753386        32.01166         5.95018       201.3026
        313         3.1753141        32.01291         5.94815       202.1164
        314         3.1753144        32.01410         5.94648       202.9393
        315         3.1754510        32.01619         5.94546       203.7469
        316         3.1755939        32.01764         5.94521       204.5576
        317         3.1757244        32.01881         5.94511       205.3623
        318         3.1758487        32.01986         5.94506       206.1669
        319         3.1757931        32.01914         5.94475       206.9746
        320         3.1759670        32.02151         5.94389       207.7731
        321         3.1760168        32.02254         5.94298       208.5747
        322         3.1760543        32.02372         5.94177       209.3823
        323         3.1760856        32.02393         5.94151       210.1872
        324         3.1761106        32.02416         5.94116       210.9888
        325         3.1761481        32.02453         5.94080       211.7932
        326         3.1761793        32.02463         5.94065       212.5978
        327         3.1762106        32.02474         5.94050       213.3966
        328         3.1762418        32.02500         5.94020       214.1889
        329         3.1762855        32.02563         5.93964       214.9875
        330         3.1763478        32.02671         5.93883       215.7801
        331         3.1764287        32.02848         5.93751       216.5784
        332         3.1764971        32.02967         5.93665       217.3769
        333         3.1765656        32.03044         5.93624       218.1755
        334         3.1766961        32.03185         5.93589       218.9680
        335         3.1768886        32.03386         5.93564       219.7665
        336         3.1769819        32.03423         5.93594       220.5620
        337         3.1770503        32.03443         5.93614       221.3545
        338         3.1771560        32.03465         5.93675       222.1559
        339         3.1772555        32.03505         5.93711       222.9425
        340         3.1773736        32.03580         5.93731       223.7197
        341         3.1774482        32.03622         5.93736       224.4879
        342         3.1775539        32.03703         5.93736       225.2593
        343         3.1777774        32.03896         5.93756       226.0395
        344         3.1781002        32.04224         5.93751       226.8201
        345         3.1781315        32.04270         5.93700       227.5942
        346         3.1780821        32.04197         5.93680       228.3686
        347         3.1782312        32.04302         5.93706       229.1429
        348         3.1782562        32.04341         5.93655       229.9140
        349         3.1782751        32.04430         5.93543       230.6943
        350         3.1783002        32.04665         5.93285       231.4686
        351         3.1783625        32.04822         5.93153       232.2429
        352         3.1784992        32.05024         5.93062       233.0171
        353         3.1786359        32.05149         5.93052       233.7884
        354         3.1786982        32.05182         5.93052       234.5626
        355         3.1788411        32.05285         5.93072       235.3459
        356         3.1796230        32.06155         5.93037       236.1260
        357         3.1797225        32.06367         5.92890       236.9094
        358         3.1797848        32.06524         5.92758       237.6897
        359         3.1798409        32.06616         5.92688       238.4761
        360         3.1799466        32.06735         5.92647       239.2532
        361         3.1800275        32.06793         5.92642       240.0367
        362         3.1801332        32.06912         5.92601       240.8137
        363         3.1802948        32.07122         5.92531       241.5940
        364         3.1804129        32.07236         5.92510       242.3714
        365         3.1805435        32.07407         5.92445       243.1424
        366         3.1808974        32.07986         5.92212       243.9197
        367         3.1811459        32.08490         5.91933       244.6847
        368         3.1812019        32.08578         5.91867       245.4529
        369         3.1812766        32.08640         5.91852       246.2149
        370         3.1813700        32.08746         5.91812       246.9741
        371         3.1814385        32.08815         5.91781       247.7302
        372         3.1815938        32.08976         5.91756       248.4829
        373         3.1818919        32.09417         5.91604       249.2330
        374         3.1819108        32.09518         5.91483       249.9829
        375         3.1819359        32.09553         5.91437       250.7298
        376         3.1820044        32.09646         5.91381       251.4768
        377         3.1820542        32.09791         5.91250       252.2176
        378         3.1821227        32.09894         5.91184       252.9616
        379         3.1823402        32.10409         5.90860       253.7024
        380         3.1825267        32.10764         5.90668       254.4403
        381         3.1825890        32.10904         5.90556       255.1781
        382         3.1826699        32.11007         5.90506       255.9160
        383         3.1827011        32.11035         5.90475       256.6567
        384         3.1826331        32.10938         5.90460       257.3944
        385         3.1823913        32.10642         5.90450       258.1356
        386         3.1828446        32.11137         5.90425       258.8703
        387         3.1829565        32.11284         5.90364       259.6082
        388         3.1830560        32.11428         5.90293       260.3429
        389         3.1830935        32.11444         5.90283       261.0807
        390         3.1831496        32.11481         5.90273       261.8095
        391         3.1831933        32.11519         5.90248       262.5292
        392         3.1832556        32.11575         5.90227       263.2276
        393         3.1832743        32.11605         5.90192       263.7418
        394         3.1833179        32.11663         5.90167       264.0412
        395         3.1833738        32.11734         5.90146       264.2620
        396         3.1834049        32.11802         5.90101       264.4649
        397         3.1834422        32.11873         5.90060       264.6676
        398         3.1835043        32.11981         5.90010       264.8494
        399         3.1836099        32.12163         5.89934       265.0129
        400         3.1836100        32.12195         5.89893       265.1611
        401         3.1836286        32.12202         5.89903       265.2490
        402         3.1837527        32.12274         5.89984       265.0346
        403         3.1837649        32.11958         5.90354       264.6118
        404         3.1835910        32.11702         5.90440       264.1949
        405         3.1834792        32.11625         5.90409       263.7841
        406         3.1834232        32.11623         5.90369       263.3278
        407         3.1833423        32.11574         5.90349       262.8717
        408         3.1833049        32.11545         5.90359       262.3973
        409         3.1832427        32.11533         5.90323       261.8956
        410         3.1832177        32.11525         5.90329       261.3730
        411         3.1831803        32.11489         5.90349       260.8503
        412         3.1831491        32.11466         5.90364       260.3125
        413         3.1831427        32.11452         5.90399       259.7565
        414         3.1830929        32.11405         5.90420       259.1704
        415         3.1829872        32.11314         5.90420       258.5990
        416         3.1828815        32.11209         5.90435       258.0280
        417         3.1828069        32.11129         5.90460       257.4569
        418         3.1828315        32.11123         5.90526       256.8675
        419         3.1827755        32.11031         5.90587       256.2692
        420         3.1827629        32.11051         5.90582       255.6496
        421         3.1827006        32.10976         5.90622       254.9638
        422         3.1825949        32.10903         5.90612       254.2295
        423         3.1825015        32.10827         5.90622       253.4467
        424         3.1823275        32.10586         5.90713       252.6066
        425         3.1820976        32.10194         5.90900       251.7300
        426         3.1819856        32.09843         5.91184       250.8385
        427         3.1819108        32.09659         5.91336       249.9318
        428         3.1818795        32.09567         5.91442       249.0160
        429         3.1818109        32.09477         5.91503       248.0941
        430         3.1815872        32.09147         5.91634       247.1602
        431         3.1814070        32.08867         5.91766       246.2141
        432         3.1812950        32.08720         5.91837       245.2621
        433         3.1811954        32.08602         5.91893       244.3069
        434         3.1810400        32.08422         5.91948       243.3458
        435         3.1807170        32.07968         5.92095       242.3816
        436         3.1803940        32.07404         5.92358       241.4143
        437         3.1801952        32.07056         5.92541       240.4532
        438         3.1799963        32.06794         5.92632       239.4888
        439         3.1799091        32.06690         5.92688       238.5186
        440         3.1798344        32.06672         5.92667       237.5453
        441         3.1797472        32.06621         5.92667       236.5750
        442         3.1796353        32.06500         5.92713       235.5987
        443         3.1796039        32.06411         5.92819       234.6194
        444         3.1791011        32.05753         5.92971       233.6430
        445         3.1787162        32.05279         5.93067       232.6635
        446         3.1786104        32.05179         5.93098       231.6841
        447         3.1783930        32.04959         5.93123       230.7077
        448         3.1782624        32.04749         5.93240       229.7312
        449         3.1781629        32.04556         5.93376       228.7456
        450         3.1781005        32.04419         5.93498       227.7513
        451         3.1780506        32.04335         5.93579       226.7537
        452         3.1780193        32.04286         5.93645       225.7471
        453         3.1778825        32.04133         5.93695       224.7464
        454         3.1775658        32.03765         5.93761       223.7398
        455         3.1773856        32.03588         5.93787       222.7330
        456         3.1771683        32.03423         5.93756       221.7264
        457         3.1770129        32.03341         5.93711       220.7105
        458         3.1769320        32.03347         5.93660       219.6976
        459         3.1768324        32.03318         5.93624       218.6790
        460         3.1767019        32.03230         5.93614       217.6600
        461         3.1765527        32.03075         5.93655       216.6352
        462         3.1764160        32.02904         5.93726       215.5981
        463         3.1763040        32.02719         5.93842       214.5583
        464         3.1762292        32.02581         5.93954       213.5060
        465         3.1761669        32.02490         5.94030       212.4420
        466         3.1761045        32.02419         5.94085       211.3718
        467         3.1760546        32.02396         5.94106       210.2952
        468         3.1760047        32.02369         5.94131       209.2010
        469         3.1759485        32.02330         5.94161       208.1063
        470         3.1758862        32.02244         5.94232       207.0481
        471         3.1757990        32.02078         5.94359       205.9838
        472         3.1757119        32.01959         5.94435       204.9468
        473         3.1755503        32.01795         5.94465       203.9942
        474         3.1754012        32.01651         5.94491       203.0267
        475         3.1752397        32.01498         5.94511       202.0562
        476         3.1751650        32.01428         5.94546       201.0766
        477         3.1751647        32.01302         5.94729       200.0998
        478         3.1752016        32.01185         5.94947       199.1143
        479         3.1751826        32.00982         5.95190       198.1223
        480         3.1751327        32.00715         5.95463       197.1338
        481         3.1750393        32.00492         5.95641       196.1267
        482         3.1749026        32.00139         5.95904       195.1139
        483         3.1747659        31.99839         5.96112       194.0890
        484         3.1746167        31.99636         5.96203       193.0486
        485         3.1744800        31.99501         5.96239       191.9964
        486         3.1744176        31.99430         5.96295       190.9260
        487         3.1743739        31.99376         5.96355       189.8404
        488         3.1743240        31.99368         5.96360       188.7276
        489         3.1742678        31.99335         5.96386       187.6209
        490         3.1741373        31.99098         5.96538       186.5352
        491         3.1740253        31.98345         5.97258       185.4617
        492         3.1740063        31.97977         5.97678       184.4273
        493         3.1740556        31.97939         5.97830       183.3752
        494         3.1741234        31.97921         5.97983       182.3317
        495         3.1741603        31.97840         5.98165       181.2855
        496         3.1742096        31.97813         5.98307       180.2059
        497         3.1742774        31.97654         5.98611       179.1111
        498         3.1743700        31.97304         5.99149       178.0043
        499         3.1742146        31.96705         5.99656       176.9004
        500         3.1737803        31.96154         5.99783       175.7995
        501         3.1734638        31.95973         5.99656       174.6989
        502         3.1734820        31.95931         5.99778       173.6131
        503         3.1737110        31.95380         6.00686       172.5850
        504         3.1737415        31.94330         6.01893       171.4901
        505         3.1736544        31.93566         6.02650       170.5374
        506         3.1735486        31.93007         6.03167       169.5757
        507         3.1735483        31.92728         6.03513       168.6140
        508         3.1736906        31.92531         6.03939       167.6673
        509         3.1736902        31.92294         6.04239       166.7177
        510         3.1739007        31.92197         6.04640       165.7590
        511         3.1740181        31.91901         6.05143       164.8002
        512         3.1739372        31.91375         6.05656       163.8324
        513         3.1738439        31.90935         6.06062       162.8675
        514         3.1738188        31.90733         6.06296       161.9149
        515         3.1739486        31.90561         6.06682       160.9531
        516         3.1739731        31.90285         6.07053       160.0004
        517         3.1737248        31.89648         6.07484       159.0476
        518         3.1733649        31.89083         6.07708       158.0917
        519         3.1729740        31.88570         6.07840       157.1421
        520         3.1726513        31.87817         6.08308       156.1864
        521         3.1725208        31.87374         6.08674       155.2336
        522         3.1723718        31.87091         6.08847       154.2900
        523         3.1722723        31.86825         6.09060       153.3553
        524         3.1722100        31.86714         6.09152       152.4236
        525         3.1721477        31.86651         6.09192       151.4890
        526         3.1720916        31.86595         6.09233       150.5544
        527         3.1719922        31.86476         6.09289       149.6287
        528         3.1718369        31.86114         6.09538       148.7001
        529         3.1717498        31.85914         6.09696       147.7656
        530         3.1715884        31.85550         6.09940       146.8339
        531         3.1714579        31.85216         6.10189       145.8933
        532         3.1713956        31.85030         6.10362       144.9526
        533         3.1713333        31.84953         6.10418       144.0027
        534         3.1713145        31.84949         6.10448       143.0498
        535         3.1712708        31.84955         6.10438       142.1030
        536         3.1712333        31.84954         6.10443       141.1594
        537         3.1711400        31.84829         6.10514       140.2003
        538         3.1709104        31.84219         6.10941       139.2414
        539         3.1703833        31.83041         6.11623       138.2674
        540         3.1699739        31.81903         6.12401       137.2932
        541         3.1697257        31.81310         6.12788       136.3495
        542         3.1694775        31.80878         6.13002       135.4389
        543         3.1691178        31.80252         6.13286       134.5889
        544         3.1689317        31.79910         6.13470       133.8203
        545         3.1688199        31.79704         6.13597       133.0340
        546         3.1686834        31.79461         6.13734       132.2505
        547         3.1684848        31.79088         6.13938       131.4699
        548         3.1680880        31.78403         6.14238       130.6895
        549         3.1673567        31.76725         6.15205       129.8907
        550         3.1670156        31.75575         6.16071       129.0922
        551         3.1667180        31.74670         6.16728       128.2873
        552         3.1665876        31.73930         6.17405       127.4949
        553         3.1665625        31.73251         6.18144       126.7052
        554         3.1664816        31.72349         6.19056       125.8916
        555         3.1669087        31.71892         6.20095       125.0595
        556         3.1672552        31.70777         6.21747       124.2215
        557         3.1670999        31.69894         6.22553       123.3774
        558         3.1667590        31.69338         6.22787       122.5304
        559         3.1646466        31.66786         6.23058       121.6742
        560         3.1632160        31.65385         6.22905       120.8119
        561         3.1629370        31.64817         6.23226       119.9587
        562         3.1628810        31.63961         6.24124       119.0995
        563         3.1626515        31.62781         6.25165       118.2341
        564         3.1620877        31.60867         6.26599       117.3507
        565         3.1612454        31.59062         6.27584       116.4673
        566         3.1609912        31.57923         6.28554       115.5838
        567         3.1613561        31.57673         6.29305       114.6792
        568         3.1616096        31.57509         6.29831       113.7745
        569         3.1613431        31.57205         6.29888       112.8518
        570         3.1613676        31.57296         6.29867       111.9169
        571         3.1613302        31.57256         6.29913       110.9789
        572         3.1613856        31.57305         6.29974       110.0228
        573         3.1614472        31.57362         6.30036       109.0636
        574         3.1617626        31.57396         6.30424       108.1044
        575         3.1617437        31.57066         6.30807       107.1333
        576         3.1608086        31.56126         6.30756       106.1589
        577         3.1589330        31.54581         6.30235       105.1755
        578         3.1565258        31.52468         6.29693       104.1830
        579         3.1549851        31.50940         6.29556       103.1755
        580         3.1543229        31.49863         6.29980       102.1769
        581         3.1541432        31.49111         6.30628       101.1815
        582         3.1540501        31.48441         6.31293       100.1798
        583         3.1539879        31.48085         6.31656        99.1692
        584         3.1539257        31.47927         6.31804        98.1556
        585         3.1537955        31.47676         6.31972        97.1236
        586         3.1536219        31.47161         6.32376        96.0766
        587         3.1531021        31.46154         6.32898        95.0327
        588         3.1532006        31.45515         6.33762        93.9857
        589         3.1533239        31.44875         6.34657        92.9326
        590         3.1535276        31.44550         6.35306        91.8795
        591         3.1537251        31.44040         6.36150        90.8053
        592         3.1529517        31.42742         6.36688        89.7279
        593         3.1527101        31.42385         6.36841        88.6506
        594         3.1526665        31.41911         6.37358        87.5642
        595         3.1516519        31.39655         6.38648        86.4779
        596         3.1503839        31.36614         6.40491        85.3671
        597         3.1495613        31.34762         6.41577        84.2626
        598         3.1486399        31.33026         6.42418        83.1700
        599         3.1474158        31.31133         6.43068        82.0655
        600         3.1462908        31.30073         6.42930        80.9517
        601         3.1455861        31.29717         6.42530        79.8079
        602         3.1449494        31.29456         6.42110        78.6428
        603         3.1439236        31.28591         6.41869        77.7136
        604         3.1434725        31.28079         6.41921        77.0327
        605         3.1431017        31.27615         6.42013        76.3970
        606         3.1429100        31.27336         6.42120        75.7494
        607         3.1427183        31.27090         6.42192        75.0987
        608         3.1425081        31.26748         6.42346        74.4452
        609         3.1423473        31.26488         6.42469        73.8003
        610         3.1421247        31.26147         6.42607        73.1497
        611         3.1416737        31.25432         6.42879        72.4959
        612         3.1412535        31.24620         6.43294        71.8391
        613         3.1410248        31.24150         6.43565        71.1885
        614         3.1408949        31.23902         6.43714        70.5318
        615         3.1408206        31.23785         6.43786        69.8750
        616         3.1406969        31.23621         6.43853        69.1576
        617         3.1404929        31.23310         6.43986        68.4040
        618         3.1403197        31.22995         6.44160        67.6535
        619         3.1401528        31.22749         6.44268        66.8907
        620         3.1399735        31.22540         6.44319        66.1311
        621         3.1397942        31.22303         6.44401        65.3622
        622         3.1397260        31.22231         6.44437        64.5965
        623         3.1381699        31.19093         6.46037        63.8306
        624         3.1358604        31.08882         6.54497        63.0590
        625         3.1368165        31.07910         6.56759        62.2900
        626         3.1374768        31.09212         6.56162        61.5214
        627         3.1389644        31.12371         6.54523        60.7433
        628         3.1390754        31.13507         6.53449        59.9565
        629         3.1389085        31.13381         6.53428        59.1333
        630         3.1384329        31.12627         6.53726        58.2977
        631         3.1389943        31.12706         6.54358        57.4623
        632         3.1375496        31.11674         6.53793        56.6299
        633         3.1365988        31.09824         6.54723        55.7884
        634         3.1334758        31.03193         6.58296        54.9591
        635         3.1321241        30.97783         6.62676        54.1268
        636         3.1318646        30.96481         6.63845        53.2852
        637         3.1300880        30.94324         6.64123        52.4620
        638         3.1260679        30.89650         6.64473        51.6415
        639         3.1231156        30.86334         6.64612        50.8213
        640         3.1198071        30.82272         6.65148        50.0130
        641         3.1158534        30.76869         6.66395        49.2018
        642         3.1122891        30.70494         6.69205        48.3935
        643         3.1122333        30.68969         6.70881        47.5915
        644         3.1114393        30.67635         6.71444        46.8105
        645         3.0949593        30.48623         6.72662        46.0416
        646         3.0853544        30.36502         6.74577        45.2848
        647         3.0836124        30.33983         6.75321        44.5159
        648         3.0832933        30.33488         6.75527        43.7469
        649         3.0832256        30.33184         6.75827        42.9781
        650         3.0829494        30.32745         6.76023        42.2122
        651         3.0826671        30.32432         6.76070        41.4373
        652         3.0823174        30.32141         6.76008        40.6683
        653         3.0817654        30.31745         6.75816        39.8932
        654         3.0811583        30.31325         6.75584        39.1184
        655         3.0783448        30.28860         6.74949        38.3525
        656         3.0768802        30.27917         6.74252        37.5865
        657         3.0759732        30.27093         6.74107        36.8054
        658         3.0752379        30.26310         6.74128        36.0275
        659         3.0742269        30.25099         6.74293        35.2463
        660         3.0733998        30.23902         6.74670        34.4712
        661         3.0702461        30.20507         6.74670        33.6993
        662         3.0669041        30.18193         6.73209        32.9396
        663         3.0653804        30.17538         6.72109        32.1585
        664         3.0644870        30.17078         6.71567        31.3744
        665         3.0631654        30.15857         6.71361        30.5813
        666         3.0611347        30.13265         6.71836        29.7970
        667         3.0610365        30.12649         6.72455        29.0160
        668         3.0611035        30.11941         6.73384        28.2348
        669         3.0610604        30.11367         6.74024        27.4507
        670         3.0610357        30.11222         6.74200        26.6544
        671         3.0612005        30.11351         6.74298        25.8642
        672         3.0614815        30.11225         6.74830        25.0802
        673         3.0614384        30.10597         6.75532        24.2960
        674         3.0606310        30.09428         6.75904        23.5089
        675         3.0601171        30.08811         6.76013        22.7094
        676         3.0596032        30.07521         6.76886        21.9374
        677         3.0580867        30.05004         6.77919        21.1502
        678         3.0533260        29.99752         6.78054        20.3661
        679         3.0451133        29.93639         6.74882        19.5697
        680         3.0398421        29.91332         6.71000        18.7947
        681         3.0363783        29.86729         6.72001        17.9984
        682         3.0271472        29.76595         6.72161        17.2201
        683         3.0216807        29.72763         6.69772        16.4331
        684         3.0188211        29.71232         6.67993        15.6458
        685         3.0180241        29.70745         6.67596        14.8708
        686         3.0161750        29.68867         6.67483        14.0895
        687         3.0052849        29.58484         6.65839        13.3114
        688         2.9887900        29.44498         6.61291        12.5574
        689         2.9778044        29.36218         6.57047        11.9216
        690         2.9730430        29.33252         6.54497        11.2281
        691         2.9696989        29.30778         6.53171        10.5075
        692         2.9618190        29.23439         6.51754         9.7748
        693         2.9404674        29.04432         6.46791         9.1478
        694         2.9109962        28.78241         6.39805         8.5544
        695         2.9019826        28.73781         6.33460         7.9490
        696         2.9007059        28.73504         6.32167         7.3403
        697         2.9000226        28.72831         6.32110         6.7376
        698         2.8972844        28.70512         6.31344         6.1200
        699         2.8944753        28.68068         6.30633         5.4993
        700         2.8904523        28.65036         6.29045         4.8784
        701         2.8917690        28.66782         6.28713         4.2515
        702         2.8935768        28.68235         6.29367         3.6188
        703         2.8868317        28.61363         6.28805         2.9768
        704         2.8829383        28.59390         6.26119         2.3469
        705         2.8879084        28.64510         6.26527         1.7233
        706         2.8840620        28.59733         6.27237         1.1177
        707         2.8761424        28.53279         6.24639         0.4998
        708         1.9810834        18.96737         6.23430         0.0485
        709         1.0295304         9.33108         6.22696         0.0275
        710         1.2201907        11.20477         6.24231         0.0243
        711         0.5302403         4.57414         6.25481         0.0213
        712         0.3854739         3.25548         6.26083         0.0213
