          1         0.0021009         0.01656        12.76385        -0.0392
          2         0.0020855         0.01647        12.74472        -0.0391
          3         0.0020763         0.01642        12.75274        -0.0391
          4         0.0021873         0.01704        12.76723        -0.0391
          5         0.0023354         0.01785        12.73260        -0.0360
          6         0.0024650         0.01856        12.53567        -0.0359
          7         0.0023293         0.01778        12.29574        -0.0329
          8         0.0022614         0.01738        12.11702        -0.0358
          9         0.0022706         0.01743        12.09035        -0.0358
         10         0.0028415         0.02070        12.00330        -0.0387
         11         0.0030329         0.02181        11.97281        -0.0356
         12         0.0029526         0.02135        11.77297        -0.0386
         13         0.0027952         0.02043        11.65427        -0.0385
         14         0.0044037         0.02999        11.62589        -0.0384
         15         0.0061927         0.04089        11.59477        -0.0414
         16         0.0063751         0.04204        11.55896        -0.0413
         17         0.5221071         3.89509        11.38875         0.0102
         18         3.0321411        28.09845         8.80469         0.4764
         19         3.0888454        29.47607         7.84005         0.9637
         20         3.1065837        29.51070         8.02037         0.9607
         21         3.1209371        29.71406         7.95834         1.0275
         22         3.1207817        29.59697         8.09476         0.9215
         23         3.1232358        29.79428         7.89254         1.0186
         24         3.1315812        29.71863         8.08483         0.9792
         25         3.1203338        29.73430         7.92707         0.9702
         26         3.1389327        29.96210         7.88999         1.0309
         27         3.1297624        29.74401         8.03241         0.9704
         28         3.1459985        30.05542         7.86827         0.9553
         29         3.1231446        29.89670         7.77163         0.9675
         30         3.1459496        30.09803         7.81815         1.0705
         31         3.1387327        29.75573         8.12958         0.9253
         32         3.1239320        29.78938         7.90693         0.9617
         33         3.1471402        29.94308         8.01323         1.0526
         34         3.1409295        29.68043         8.24573         0.9135
         35         3.1362031        29.82721         8.01419         1.0105
         36         3.1526720        29.92491         8.10255         1.0650
         37         3.1341942        29.52850         8.34278         0.8835
         38         3.1272969        29.78971         7.94813         1.0379
         39         3.1543492        30.04373         7.98436         1.0290
         40         3.1437898        29.77195         8.17293         0.9534
         41         3.1349692        29.84099         7.98277         1.0292
         42         3.1527110        30.08360         7.91788         1.0173
         43         3.1432420        29.93031         7.98021         0.9538
         44         3.1293142        29.90494         7.83814         1.0387
         45         3.1511157        30.06582         7.91900         0.9843
         46         3.1177586        29.64045         8.00577         0.9240
         47         3.1262016        29.94369         7.75453         1.0906
         48         3.1379628        29.89421         7.95738         0.9818
         49         3.1218366        29.73242         7.94792         0.9426
         50         3.1246419        29.89904         7.78736         1.0337
         51         3.1402174        30.01798         7.84074         1.0036
         52         3.1240679        29.81732         7.87581         1.0280
         53         3.1345019        29.97190         7.82403         0.9797
         54         3.1173421        29.82233         7.78678         0.9860
         55         3.1174786        29.90919         7.68705         1.0406
         56         3.1284584        30.00287         7.71358         0.9713
         57         3.1059842        29.76562         7.71242         0.9988
         58         3.1264366        30.01237         7.67764         1.0021
         59         3.1156809        29.89458         7.68187         1.0022
         60         3.1220365        29.95957         7.68472         0.9995
         61         3.1141915        29.90390         7.65261         1.0058
         62         3.1301732        30.06950         7.65742         1.0090
         63         3.1337380        30.06212         7.70983         0.9609
         64         3.1066607        29.78191         7.70174         1.0005
         65         3.1269176        30.02889         7.66439         1.0340
         66         3.1239204        29.85496         7.82997         0.9617
         67         3.1105720        29.76600         7.76887         0.9741
         68         3.1168015        29.91304         7.67421         1.0228
         69         3.1217156        29.91211         7.73601         0.9747
         70         3.1065007        29.76816         7.71586         0.9719
         71         3.1178730        29.93658         7.66006         1.0176
         72         3.1201324        29.89501         7.73638         0.9907
         73         3.1099755        29.78340         7.74109         0.9940
         74         3.1226586        29.95448         7.69830         1.0125
         75         3.1237842        29.79557         7.89785         0.9402
         76         3.1163256        29.75943         7.84784         1.0646
         77         3.1261568        29.80055         7.92133         0.9771
         78         3.1119726        29.59916         7.98266         0.9412
         79         3.1163694        29.81718         7.78068         1.1200
         80         3.1166449        29.69113         7.93218         0.8934
         81         3.0951071        29.58994         7.78360         0.9845
         82         3.1143820        29.87718         7.68604         1.1029
         83         3.1095067        29.67432         7.86334         0.9398
         84         3.1014651        29.64210         7.80129         0.9946
         85         3.1113971        29.82770         7.70687         1.0556
         86         3.1060755        29.68848         7.80405         0.9712
         87         3.1037953        29.73009         7.72686         1.0381
         88         3.1127876        29.83082         7.72046         1.0111
         89         3.1041079        29.65721         7.81640         0.9480
         90         3.1019394        29.73963         7.69260         1.1239
         91         3.1070104        29.72070         7.77782         0.9487
         92         3.0953715        29.61729         7.75469         0.9309
         93         3.1001703        29.78030         7.62306         1.1311
         94         3.1050863        29.74112         7.72998         0.9891
         95         3.0972877        29.64395         7.74717         0.9411
         96         3.1012454        29.77269         7.64533         1.0655
         97         3.1069375        29.78750         7.69862         1.0327
         98         3.1025162        29.66881         7.78296         0.9453
         99         3.1024615        29.71596         7.72686         1.0395
        100         3.1074844        29.75561         7.74273         1.0399
        101         3.1024422        29.64528         7.80972         0.9706
        102         3.1053016        29.75260         7.71919         1.0194
        103         3.1021905        29.66611         7.78206         0.9926
        104         3.1053440        29.69953         7.78195         1.0323
        105         3.1039234        29.64571         7.82764         0.9509
        106         3.1034816        29.70871         7.74802         1.0785
        107         3.1045754        29.68641         7.78783         0.9911
        108         3.1036284        29.64750         7.82186         0.9582
        109         3.1041448        29.65301         7.82175         1.0403
        110         3.1059030        29.65716         7.83872         1.0347
        111         3.1061611        29.64940         7.85108         1.0048
        112         3.1048759        29.62218         7.86721         0.9476
        113         3.1037150        29.69441         7.76771         1.0782
        114         3.1051471        29.67987         7.80262         1.0120
        115         3.1037757        29.63088         7.84328         0.9337
        116         3.1047656        29.65309         7.82939         1.0068
        117         3.1048330        29.63471         7.85188         1.0132
        118         3.1057798        29.63780         7.85999         1.0287
        119         3.1066896        29.63088         7.87953         0.9233
        120         3.1054967        29.61395         7.88463         0.9842
        121         3.1080610        29.63554         7.89100         1.0724
        122         3.1067569        29.60020         7.91655         0.9637
        123         3.1043601        29.67269         7.80129         1.0066
        124         3.1061492        29.68732         7.80633         0.9918
        125         3.1032164        29.62934         7.83808         1.0347
        126         3.1054297        29.66569         7.82281         1.0017
        127         3.1019254        29.59553         7.86191         1.0052
        128         3.1036906        29.70674         7.75294         1.0541
        129         3.1026142        29.63768         7.82080         0.9819
        130         3.0998000        29.63695         7.78662         1.0397
        131         3.1034570        29.71013         7.74606         1.0431
        132         3.0997502        29.58648         7.84551         0.9891
        133         3.0857983        29.58161         7.67701         1.6494
        134         3.0846712        29.67164         7.55674         2.6305
        135         3.0855733        29.69620         7.53863         3.8023
        136         3.0844269        29.68896         7.53221         5.0167
        137         3.0833664        29.68098         7.52773         6.2067
        138         3.0823673        29.67316         7.52384         7.3845
        139         3.0825639        29.67853         7.51942         8.5473
        140         3.0850724        29.71267         7.51010         9.7312
        141         3.0983007        29.86558         7.49548        10.9636
        142         3.1127072        30.03228         7.47971        12.1476
        143         3.1232192        30.15116         7.47140        13.3193
        144         3.1350095        30.28221         7.46488        14.5487
        145         3.1420598        30.36298         7.45805        15.7931
        146         3.1496045        30.45181         7.44812        17.0285
        147         3.1544588        30.49572         7.45663        18.2366
        148         3.1561976        30.53123         7.43678        19.4781
        149         3.1595829        30.58663         7.41441        20.7225
        150         3.1624863        30.60589         7.42722        21.9094
        151         3.1639168        30.61222         7.43683        23.0388
        152         3.1685503        30.66182         7.43625        24.2136
        153         3.1700006        30.68451         7.42759        25.3400
        154         3.1706455        30.69572         7.42218        26.4241
        155         3.1727222        30.71884         7.42066        27.4990
        156         3.1741916        30.72139         7.43499        28.5951
        157         3.1716011        30.71298         7.41258        29.7215
        158         3.1697984        30.72605         7.37543        30.8810
        159         3.1689563        30.74063         7.34823        32.0196
        160         3.1692666        30.75470         7.33555        33.1670
        161         3.1705436        30.77655         7.32581        34.3238
        162         3.1714364        30.78548         7.32596        35.4833
        163         3.1717033        30.79366         7.31942        36.6218
        164         3.1725343        30.81054         7.30989        37.7965
        165         3.1729067        30.81884         7.30444        38.9984
        166         3.1733286        30.82587         7.30104        40.1913
        167         3.1735956        30.83022         7.29879        41.3539
        168         3.1741477        30.83769         7.29649        42.4893
        169         3.1758161        30.85991         7.29110        43.6609
        170         3.1769017        30.86705         7.29560        44.8235
        171         3.1793396        30.88113         7.30863        45.9468
        172         3.1805124        30.88000         7.32345        47.1124
        173         3.1806927        30.87916         7.32596        48.2840
        174         3.1813011        30.88341         7.32795        49.4224
        175         3.1821826        30.88892         7.33183        50.5486
        176         3.1826421        30.89049         7.33503        51.6870
        177         3.1831079        30.89341         7.33681        52.7951
        178         3.1844117        30.90513         7.33880        53.9273
        179         3.1859516        30.91111         7.35006        55.0656
        180         3.1863244        30.90983         7.35541        56.2039
        181         3.1864179        30.90994         7.35583        57.3513
        182         3.1865859        30.91133         7.35572        58.4745
        183         3.1869712        30.91373         7.35709        59.6250
        184         3.1875925        30.91803         7.35918        60.7451
        185         3.1900149        30.93526         7.36846        61.8562
        186         3.1914128        30.93254         7.38776        62.9673
        187         3.1901397        30.92525         7.38005        64.0904
        188         3.1915130        30.93967         7.37984        65.2105
        189         3.1940485        30.95739         7.38991        66.3155
        190         3.2023240        30.98862         7.45374        67.4689
        191         3.2066858        30.98579         7.50868        68.6071
        192         3.2066922        30.96917         7.52684        69.7242
        193         3.2047696        30.96254         7.51063        70.8534
        194         3.2034325        30.96934         7.48638        71.9764
        195         3.2034765        30.97803         7.47660        73.0995
        196         3.2036075        30.97958         7.47587        74.2136
        197         3.2037945        30.98048         7.47655        75.3214
        198         3.2041121        30.98368         7.47624        76.3932
        199         3.2038512        30.98712         7.46872        77.4346
        200         3.2032046        30.98896         7.45837        78.5030
        201         3.2029063        30.99109         7.45185        79.5747
        202         3.2024651        30.99254         7.44439        80.6434
        203         3.2013209        30.98753         7.43578        81.6333
        204         3.2002515        30.98839         7.42150        82.5655
        205         3.2007743        30.99950         7.41489        83.4709
        206         3.2018257        31.00164         7.42465        84.3790
        207         3.2023360        31.00224         7.42964        85.3144
        208         3.2046755        31.01644         7.44135        86.2135
        209         3.2080364        31.02295         7.47392        87.0854
        210         3.2100038        31.02152         7.49864        88.0206
        211         3.2102343        31.01289         7.51063        88.9077
        212         3.2090267        31.00690         7.50242        89.7856
        213         3.2089897        31.01191         7.49590        90.6937
        214         3.2104283        31.02504         7.49800        91.5475
        215         3.2125457        31.02582         7.52205        92.4676
        216         3.2124089        31.01951         7.52705        93.3304
        217         3.2099245        31.00212         7.51631        94.2052
        218         3.2085305        31.01286         7.48712        95.0891
        219         3.2096576        31.02348         7.48833        95.9035
        220         3.2088983        31.01454         7.48880        96.7692
        221         3.2086683        31.01691         7.48297        97.6167
        222         3.2082950        31.01630         7.47876        98.4372
        223         3.2081584        31.01767         7.47513        99.3270
        224         3.2084575        31.02168         7.47382       100.1533
        225         3.2088997        31.02347         7.47671       100.9467
        226         3.2098463        31.02715         7.48349       101.8273
        227         3.2094978        31.02132         7.48544       102.6356
        228         3.2083215        31.01738         7.47534       103.4438
        229         3.2084090        31.02323         7.46940       104.3155
        230         3.2086832        31.02561         7.46961       105.1298
        231         3.2080733        31.01969         7.46856       105.8684
        232         3.2076566        31.02152         7.46110       106.6977
        233         3.2066486        31.01702         7.45364       107.5150
        234         3.2041971        31.00674         7.43536       108.2748
        235         3.2033887        31.01545         7.41551       109.0588
        236         3.2033827        31.01920         7.41084       109.8517
        237         3.2032150        31.01954         7.40806       110.6358
        238         3.2050694        31.03659         7.41084       111.3985
        239         3.2064635        31.03316         7.43100       112.1946
        240         3.2070363        31.03237         7.43835       112.9906
        241         3.2062772        31.02412         7.43809       113.7685
        242         3.2046098        31.01918         7.42323       114.5282
        243         3.2024513        31.01746         7.39888       115.2849
        244         3.2021718        31.02588         7.38571       116.0779
        245         3.2022094        31.02776         7.38367       116.8498
        246         3.2024460        31.02937         7.38435       117.5671
        247         3.2026204        31.02989         7.38545       118.3752
        248         3.2027326        31.03006         7.38624       119.1228
        249         3.2029194        31.03138         7.38666       119.7887
        250         3.2030254        31.03137         7.38755       120.5696
        251         3.2031314        31.03119         7.38865       121.3111
        252         3.2031627        31.03114         7.38875       121.9678
        253         3.2030012        31.02987         7.38786       122.7065
        254         3.2021554        31.02703         7.38052       123.4540
        255         3.2016705        31.02852         7.37271       124.1049
        256         3.2015774        31.03089         7.36862       124.7465
        257         3.2013973        31.03056         7.36647       125.4426
        258         3.2009621        31.02893         7.36275       126.0963
        259         3.2008007        31.03181         7.35730       126.6804
        260         3.2007262        31.03256         7.35525       127.2920
        261         3.2003906        31.03222         7.35127       127.9699
        262         3.2002354        31.03393         7.34718       128.5844
        263         3.2001672        31.03429         7.34566       129.1837
        264         3.2001985        31.03526         7.34461       129.8647
        265         3.2001738        31.03502         7.34425       130.5365
        266         3.2002238        31.03582         7.34362       131.2054
        267         3.2002116        31.03563         7.34330       131.9529
        268         3.1998947        31.03808         7.33639       132.7096
        269         3.1997830        31.04033         7.33214       133.4662
        270         3.1996527        31.04195         7.32837       134.2713
        271         3.1995846        31.04346         7.32544       135.1154
        272         3.1989258        31.04125         7.31958       135.9627
        273         3.1984163        31.04649         7.30717       136.8584
        274         3.1980995        31.04806         7.30115       137.7783
        275         3.1978014        31.04875         7.29633       138.7042
        276         3.1974598        31.04903         7.29147       139.6181
        277         3.1969379        31.04853         7.28529       140.5501
        278         3.1963601        31.05023         7.27598       141.4972
        279         3.1962548        31.05534         7.26855       142.4292
        280         3.1963048        31.05719         7.26662       143.3521
        281         3.1963859        31.05779         7.26646       144.2690
        282         3.1964546        31.05822         7.26636       145.1616
        283         3.1965543        31.05866         7.26662       146.0511
        284         3.1964303        31.05748         7.26599       146.9529
        285         3.1963187        31.05766         7.26400       147.8513
        286         3.1961387        31.05752         7.26154       148.7531
        287         3.1961514        31.05818         7.26050       149.6732
        288         3.1965558        31.06142         7.26128       150.5777
        289         3.1967363        31.06144         7.26296       151.4945
        290         3.1967739        31.06097         7.26348       152.4081
        291         3.1967742        31.06046         7.26358       153.3220
        292         3.1969237        31.06236         7.26280       154.2388
        293         3.1969426        31.06084         7.26426       155.1645
        294         3.1972227        31.06395         7.26369       156.0873
        295         3.1976208        31.06421         7.26772       157.0010
        296         3.1975465        31.06229         7.26850       157.9148
        297         3.1975032        31.06324         7.26646       158.8376
        298         3.1979698        31.06438         7.27033       159.7481
        299         3.1979203        31.06278         7.27106       160.6558
        300         3.1981880        31.06459         7.27179       161.5665
        301         3.1980266        31.06142         7.27295       162.4741
        302         3.1991026        31.07061         7.27514       163.3758
        303         3.1994261        31.06900         7.28037       164.2744
        304         3.1997747        31.07122         7.28163       165.1728
        305         3.1998123        31.07150         7.28131       166.0713
        306         3.1990850        31.06900         7.27493       166.9579
        307         3.1979475        31.06673         7.26337       167.8474
        308         3.1959026        31.06167         7.24403       168.7308
        309         3.1946848        31.06710         7.22292       169.6141
        310         3.1931503        31.06648         7.20474       170.4945
        311         3.1922497        31.06993         7.18966       171.3627
        312         3.1913057        31.07155         7.17609       172.2159
        313         3.1907282        31.07368         7.16649       172.8151
        314         3.1905792        31.07626         7.16174       172.9815
        315         3.1902687        31.07409         7.16038       173.0666
        316         3.1906166        31.08028         7.15767       173.0670
        317         3.1908402        31.07759         7.16336       173.0581
        318         3.1904426        31.07429         7.16226       173.0525
        319         3.1907035        31.07822         7.16106       172.9682
        320         3.1903680        31.07346         7.16237       172.8898
        321         3.1908214        31.08065         7.16002       172.4728
        322         3.1911938        31.07811         7.16769       171.7260
        323         3.1913365        31.07732         7.17066       170.9824
        324         3.1921066        31.08004         7.17724       170.2629
        325         3.1928953        31.07859         7.18872       169.4678
        326         3.1939452        31.08081         7.19926       168.6242
        327         3.1955918        31.08329         7.21676       167.6448
        328         3.1972759        31.08143         7.23948       166.7437
        329         3.1982827        31.07871         7.25506       165.8066
        330         3.1992772        31.07740         7.26897       164.7755
        331         3.1995379        31.07223         7.27839       163.7354
        332         3.1992577        31.06721         7.28116       162.6743
        333         3.1983433        31.06062         7.27812       161.5010
        334         3.1980445        31.06181         7.27383       160.2673
        335         3.1979385        31.06235         7.27258       159.0244
        336         3.1973164        31.05858         7.26996       157.7393
        337         3.1969741        31.06007         7.26484       156.4662
        338         3.1968991        31.06190         7.26254       155.1931
        339         3.1970292        31.06187         7.26479       153.8959
        340         3.1966248        31.05918         7.26358       152.5955
        341         3.1964814        31.05969         7.26196       151.2861
        342         3.1964375        31.05980         7.26196       149.9798
        343         3.1964122        31.05961         7.26254       148.6703
        344         3.1963372        31.05907         7.26290       147.3517
        345         3.1963803        31.05890         7.26426       146.0362
        346         3.1963612        31.05780         7.26594       144.7115
        347         3.1962613        31.05686         7.26646       143.3689
        348         3.1962174        31.05670         7.26677       142.0381
        349         3.1963910        31.05646         7.26981       140.6952
        350         3.1966579        31.05501         7.27530       139.3646
        351         3.1971361        31.05385         7.28299       138.0429
        352         3.1976392        31.05303         7.29063       136.6910
        353         3.1982356        31.05296         7.29853       135.3512
        354         3.1987822        31.05006         7.30900       134.0294
        355         3.1990802        31.04754         7.31607       132.6714
        356         3.1994466        31.04604         7.32282       131.3104
        357         3.1998068        31.04178         7.33256       129.9947
        358         3.1998250        31.03700         7.33880       128.6427
        359         3.1999551        31.03597         7.34220       127.2635
        360         3.2001040        31.03531         7.34540       125.9416
        361         3.2004642        31.03485         7.35090       124.6079
        362         3.2011914        31.03550         7.35960       123.2165
        363         3.2017196        31.03229         7.37019       121.8885
        364         3.2019742        31.03173         7.37454       120.5696
        365         3.2021852        31.03063         7.37900       119.1782
        366         3.2020915        31.02911         7.38026       117.8262
        367         3.2018423        31.02694         7.38036       116.5012
        368         3.2014126        31.02473         7.37837       115.1158
        369         3.2016237        31.02743         7.37858       113.7456
        370         3.2032531        31.03626         7.38891       112.4326
        371         3.2054365        31.03678         7.41520       111.0653
        372         3.2033577        31.01324         7.41730       109.6829
        373         3.2024989        31.01659         7.40392       108.3549
        374         3.2023554        31.01691         7.40250       107.0420
        375         3.2032819        31.02192         7.40869       105.6807
        376         3.2049925        31.02754         7.42360       104.3344
        377         3.2057200        31.02068         7.44066       103.0124
        378         3.2062174        31.02221         7.44560       101.6721
        379         3.2069887        31.02229         7.45543       100.3441
        380         3.2063721        31.01462         7.45726        99.0494
        381         3.2063654        31.01646         7.45579        97.7333
        382         3.2072426        31.02037         7.46257        96.4595
        383         3.2080638        31.02066         7.47271        95.2313
        384         3.2083372        31.01747         7.48018        94.0061
        385         3.2075587        31.00997         7.47986        92.7898
        386         3.2073904        31.01465         7.47319        91.6341
        387         3.2089898        31.02200         7.48470        90.5026
        388         3.2089395        31.01357         7.49411        89.3529
        389         3.2077066        31.00509         7.48938        88.2637
        390         3.2066669        31.00472         7.47787        87.1836
        391         3.2063181        31.00678         7.47193        86.0883
        392         3.2034990        30.98780         7.45989        85.0628
        393         3.2011164        30.98921         7.43021        84.0734
        394         3.2008674        30.99553         7.42066        83.0417
        395         3.2013398        30.99837         7.42365        82.0613
        396         3.2019925        30.99730         7.43315        81.1173
        397         3.2019922        30.99413         7.43720        80.1431
        398         3.2021412        30.99474         7.43877        79.2112
        399         3.2027878        30.99762         7.44376        78.3095
        400         3.2033723        30.99773         7.45112        77.3807
        401         3.2036955        30.99690         7.45637        76.4850
        402         3.2042054        30.99798         7.46173        75.5925
        403         3.2041801        30.99251         7.46804        74.6364
        404         3.2039558        30.98595         7.47313        73.7770
        405         3.2037315        30.98085         7.47660        72.8843
        406         3.2035072        30.97844         7.47713        71.8738
        407         3.2033141        30.97698         7.47687        71.0296
        408         3.2035689        30.97885         7.47829        70.1279
        409         3.2045329        30.98129         7.48764        69.0931
        410         3.2057521        30.97850         7.50584        68.2154
        411         3.2047312        30.96375         7.51058        67.3532
        412         3.2022672        30.94795         7.49921        66.3696
        413         3.1965834        30.92010         7.46262        65.4861
        414         3.1916306        30.91916         7.40455        64.6328
        415         3.1900030        30.92680         7.37685        63.7220
        416         3.1898165        30.93277         7.36836        62.8474
        417         3.1913816        30.94230         7.37690        62.0637
        418         3.1915614        30.93212         7.39091        61.2103
        419         3.1899025        30.92084         7.38403        60.3449
        420         3.1882751        30.91442         7.37203        59.5944
        421         3.1877409        30.91556         7.36474        58.7562
        422         3.1873867        30.91444         7.36217        57.8876
        423         3.1871629        30.91392         7.36044        57.1463
        424         3.1868894        30.91290         7.35871        56.3262
        425         3.1866346        30.91163         7.35750        55.4547
        426         3.1864605        30.91063         7.35693        54.6648
        427         3.1861871        30.90837         7.35656        53.8840
        428         3.1857026        30.90517         7.35473        53.0730
        429         3.1848146        30.89983         7.35043        52.2619
        430         3.1837219        30.89573         7.34226        51.4933
        431         3.1827970        30.89130         7.33649        50.6793
        432         3.1819837        30.88556         7.33356        49.8378
        433         3.1816174        30.88369         7.33162        49.0934
        434         3.1814310        30.88293         7.33063        48.3003
        435         3.1812570        30.88228         7.32968        47.4652
        436         3.1810768        30.88144         7.32884        46.7056
        437         3.1806299        30.87819         7.32748        45.9398
        438         3.1798851        30.87383         7.32382        45.1046
        439         3.1788303        30.86803         7.31800        44.3360
        440         3.1767895        30.85830         7.30471        43.5490
        441         3.1756174        30.85796         7.29136        42.7227
        442         3.1750839        30.85687         7.28655        41.9389
        443         3.1742342        30.84636         7.28848        41.1550
        444         3.1737751        30.83709         7.29377        40.3349
        445         3.1735145        30.83235         7.29633        39.5479
        446         3.1733096        30.82947         7.29748        38.7821
        447         3.1731358        30.82718         7.29837        37.9681
        448         3.1729062        30.82357         7.30005        37.1782
        449         3.1726084        30.81923         7.30172        36.4032
        450         3.1723044        30.81505         7.30314        35.6254
        451         3.1718393        30.80881         7.30492        34.8628
        452         3.1713927        30.80068         7.30905        34.0880
        453         3.1712127        30.79239         7.31659        33.3131
        454         3.1708281        30.78465         7.32104        32.5412
        455         3.1703878        30.77208         7.33026        31.7574
        456         3.1700281        30.76437         7.33497        31.0067
        457         3.1697057        30.76110         7.33513        30.2621
        458         3.1705109        30.76242         7.34377        29.4873
        459         3.1722521        30.76553         7.36170        28.7276
        460         3.1741858        30.76416         7.38697        28.0344
        461         3.1749913        30.75175         7.41105        27.3111
        462         3.1755241        30.73283         7.43919        26.6118
        463         3.1748913        30.71768         7.44896        25.9943
        464         3.1731305        30.70423         7.44319        25.3528
        465         3.1715559        30.69741         7.43216        24.7140
        466         3.1711281        30.69515         7.42985        24.1056
        467         3.1706817        30.68733         7.43357        23.5185
        468         3.1690579        30.66714         7.43704        22.9192
        469         3.1663133        30.63856         7.43646        22.2563
        470         3.1650744        30.62483         7.43730        21.6357
        471         3.1637923        30.60989         7.43898        21.0303
        472         3.1620957        30.59295         7.43793        20.3614
        473         3.1596072        30.57375         7.42985        19.6774
        474         3.1562531        30.53097         7.43799        19.0145
        475         3.1545701        30.49814         7.45522        18.2759
        476         3.1534010        30.48462         7.45674        17.5433
        477         3.1517930        30.47099         7.45306        16.7714
        478         3.1499689        30.45639         7.44786        15.9996
        479         3.1483369        30.44209         7.44466        15.2276
        480         3.1467175        30.42612         7.44355        14.3619
        481         3.1436281        30.39179         7.44544        13.5203
        482         3.1376258        30.32053         7.45395        12.7059
        483         3.1311467        30.24469         7.46199        11.7767
        484         3.1223128        30.14818         7.46494        10.8533
        485         3.1102516        30.01491         7.47061         9.9633
        486         3.1023803        29.92583         7.47702         8.9824
        487         3.1010095        29.90937         7.47965         8.0258
        488         3.0954989        29.84933         7.48165         7.0207
        489         3.0869239        29.75171         7.48948         5.9067
        490         3.0731141        29.59697         7.49900         4.8742
        491         3.0818453        29.68619         7.50390         3.8481
        492         3.0811645        29.67608         7.50784         2.6582
        493         3.0812009        29.67534         7.50973         1.5501
        494         3.0812252        29.67592         7.50979         0.6874
        495         1.2610384        11.19123         7.50847         0.0728
        496         1.6795486        15.27294         7.50158         0.0729
        497         0.4560302         3.75561         7.50379         0.0699
        498         0.5243881         4.35914         7.50405         0.0700
        499         0.3984177         3.25254         7.50305         0.0670
        500         0.3637506         2.95257         7.50153         0.0672
        501         0.2947302         2.36178         7.50037         0.0702
        502         0.2644969         2.10606         7.49958         0.0702
        503         0.2628563         2.09228         7.49900         0.0704
        504         0.2251931         1.77675         7.49843         0.0703
        505         0.1590666         1.23179         7.49753         0.0674
        506         0.1403860         1.08027         7.49706         0.0674
        507         0.2196976         1.73110         7.49632         0.0705
        508         0.1852314         1.44604         7.49480         0.0708
        509         0.1656396         1.28553         7.49353         0.0708
