          1         0.0030946         0.02219        11.57701         0.0075
          2         0.0030576         0.02197        11.57794         0.0074
          3         0.0030267         0.02179        11.56538         0.0073
          4         0.0029804         0.02152        11.58519         0.0043
          5         0.0029372         0.02127        11.61495         0.0043
          6         0.0028045         0.02049        11.63291         0.0072
          7         0.0028847         0.02096        11.62688         0.0103
          8         1.2537444        10.06079        11.10001         0.1283
          9         2.6170597        23.86444         8.84628         0.7398
         10         2.6408971        24.44379         8.34971         1.0608
         11         2.6537265        24.50107         8.45509         1.0697
         12         2.6554841        24.51139         8.46591         1.0789
         13         2.6646340        24.67857         8.35949         1.0667
         14         2.6751618        24.82492         8.30391         1.0729
         15         2.6754067        24.87892         8.23095         1.0789
         16         2.6780773        24.90445         8.23346         1.0669
         17         2.6800449        24.94810         8.20027         1.0850
         18         2.6802716        24.92780         8.23218         1.0698
         19         2.6830024        24.97040         8.21151         1.0850
         20         2.6815408        24.94367         8.22811         1.0669
         21         2.6830376        24.98741         8.18807         1.0850
         22         2.6872892        24.97836         8.26208         1.0790
         23         2.6922898        24.99257         8.31405         1.0729
         24         2.6941375        24.94930         8.40174         1.0911
         25         2.6956356        24.88887         8.50899         1.0700
         26         2.6982080        24.87414         8.56701         1.0791
         27         2.6990181        24.79235         8.69534         1.0821
         28         2.6998407        24.77619         8.73037         1.0641
         29         2.7014516        24.78479         8.74132         1.0943
         30         2.7020519        24.70573         8.86348         1.0762
         31         2.7056375        24.74104         8.86457         1.0854
         32         2.7047085        24.71077         8.89467         1.0672
         33         2.7052284        24.71742         8.89260         1.0946
         34         2.7033818        24.61577         9.01261         1.0735
         35         2.7051167        24.66067         8.97280         1.0917
         36         2.7037261        24.59854         9.04256         1.0856
         37         2.7040531        24.59578         9.05130         1.0767
         38         2.7041231        24.59504         9.05338         1.0919
         39         2.7036789        24.56015         9.09759         1.0738
         40         2.7053320        24.59544         9.07034         1.0859
         41         2.7067103        24.59278         9.09420         1.0831
         42         2.7071776        24.59266         9.10115         1.0801
         43         2.7086618        24.60774         9.10077         1.0923
         44         2.7091993        24.60455         9.11320         1.0864
         45         2.7100875        24.60319         9.12805         1.0774
         46         2.7094563        24.59496         9.13084         1.0956
         47         2.7076678        24.55042         9.16966         1.0716
         48         2.7071420        24.54426         9.17097         1.0959
         49         2.7055238        24.52256         9.17909         1.0870
         50         2.7055823        24.53508         9.16170         1.0809
         51         2.7056291        24.53709         9.15946         1.0932
         52         2.7048521        24.52207         9.17004         1.0812
         53         2.7058160        24.53850         9.16011         1.0904
         54         2.7059562        24.53971         9.16039         1.0875
         55         2.7049808        24.53461         9.15364         1.0938
         56         2.7038650        24.50050         9.18716         1.0757
         57         2.7045834        24.51604         9.17492         1.0880
         58         2.7026447        24.50051         9.16938         1.0851
         59         2.7031412        24.51284         9.15863         1.0852
         60         2.7028843        24.51859         9.14652         1.0945
         61         2.7016114        24.49397         9.16390         1.0825
         62         2.7024521        24.50393         9.16159         1.0887
         63         2.7010860        24.48847         9.16428         1.0798
         64         2.7015589        24.49867         9.15627         1.0860
         65         2.7012203        24.49090         9.16269         1.0892
         66         2.7012085        24.48616         9.16944         1.0924
         67         2.7011093        24.48596         9.16828         1.0835
         68         2.7008350        24.48807         9.16121         1.0897
         69         2.6991714        24.46375         9.17251         1.0778
         70         2.6998077        24.47448         9.16609         1.0839
         71         2.6988975        24.48678         9.13490         1.0903
         72         2.6981623        24.48553         9.12602         1.0874
         73         2.6983257        24.48776         9.12514         1.0936
         74         2.6973338        24.48260         9.11824         1.0756
         75         2.6983550        24.49655         9.11276         1.0939
         76         2.6960737        24.47828         9.10619         1.0881
         77         2.6963422        24.49031         9.09256         1.0943
         78         2.6966165        24.50274         9.07844         1.0975
         79         2.6941082        24.47389         9.08396         1.0856
         80         2.6951583        24.49892         9.06279         1.0888
         81         2.6939509        24.48219         9.06957         1.0829
         82         2.6941261        24.49892         9.04775         1.1012
         83         2.6925865        24.48233         9.04950         1.0803
         84         2.6923710        24.49704         9.02490         1.1622
         85         2.6769265        24.52343         8.76135         1.6134
         86         2.6810869        24.93110         8.23855         2.5066
         87         2.7635334        25.89100         8.08147         3.5240
         88         2.8948722        27.30007         8.01637         4.5473
         89         2.9844193        28.31623         7.91288         5.8189
         90         3.0139605        28.69368         7.82955         7.0421
         91         3.0302520        28.86118         7.83363         8.1442
         92         3.0379560        28.93878         7.83724         9.2553
         93         3.0439159        28.99932         7.83930        10.3422
         94         3.0628973        29.15558         7.89094        11.4745
         95         3.0775956        29.22479         7.99251        12.5977
         96         3.0887671        29.26874         8.07960        13.7240
         97         3.1012932        29.30661         8.19069        14.7988
         98         3.1071331        29.31294         8.25565        15.8917
         99         3.1215047        29.38557         8.34756        16.9696
        100         3.1327980        29.43107         8.43322        18.0504
        101         3.1467022        29.53679         8.47895        19.1404
        102         3.1388532        29.53598         8.38201        20.1576
        103         3.1341901        29.69436         8.13561        21.1294
        104         3.1492415        29.93746         8.03502        22.1104
        105         3.1609516        30.08282         8.00870        23.0490
        106         3.1717545        30.21659         7.98506        23.9542
        107         3.1866190        30.39856         7.95552        24.9171
        108         3.1935707        30.50446         7.91777        25.8495
        109         3.1981712        30.58059         7.88590        26.7397
        110         3.2006969        30.66076         7.82451        27.6600
        111         3.2029928        30.71240         7.79303        28.5502
        112         3.2073368        30.76344         7.78699        29.4555
        113         3.2094040        30.79495         7.77571        30.3426
        114         3.2111790        30.82205         7.76591        31.2720
        115         3.2115594        30.84558         7.74342        32.1803
        116         3.2121328        30.86608         7.72670        33.0615
        117         3.2129803        30.88358         7.71670        33.9061
        118         3.2150234        30.88912         7.73490        34.0789
        119         3.2161758        30.87994         7.75919        33.8946
        120         3.2162442        30.87386         7.76697        33.7012
        121         3.2163002        30.87037         7.77168        33.5200
        122         3.2163001        30.86763         7.77486        33.3507
        123         3.2161878        30.86145         7.78058        33.1755
        124         3.2150411        30.83521         7.79658        32.9851
        125         3.2139133        30.81017         7.81147        32.7977
        126         3.2132029        30.78625         7.83018        32.5015
        127         3.2115645        30.75465         7.84662        31.9116
        128         3.2120125        30.74497         7.86339        31.1794
        129         3.2108859        30.80172         7.78582        30.4411
        130         3.2100765        30.82217         7.75331        29.7029
        131         3.2080154        30.79198         7.76300        29.0768
        132         3.2071998        30.78023         7.76681        28.4414
        133         3.2031172        30.72796         7.77729        27.6880
        134         3.2010641        30.70965         7.77369        26.9528
        135         3.1994095        30.68612         7.78084        26.2207
        136         3.1974377        30.62765         7.82398        25.4309
        137         3.1939250        30.55018         7.87034        24.6171
        138         3.1906563        30.49772         7.89121        23.8061
        139         3.1844211        30.41103         7.91544        23.0165
        140         3.1706017        30.23883         7.94611        22.2297
        141         3.1592061        30.09683         7.97180        21.4672
        142         3.1460464        29.94009         7.99331        20.7289
        143         3.1307244        29.77953         7.99288        20.0119
        144         3.1324691        29.74285         8.05800        19.3129
        145         3.1458145        29.71683         8.25415        18.6140
        146         3.1470917        29.58744         8.42396        17.9090
        147         3.1446875        29.52989         8.46317        17.2282
        148         3.1364806        29.41264         8.50192        16.5657
        149         3.1269263        29.34493         8.46451        15.9302
        150         3.1170324        29.29893         8.39658        15.3100
        151         3.1068923        29.26539         8.31035        14.7048
        152         3.0989454        29.24916         8.23057        14.1148
        153         3.0950025        29.25263         8.17726        13.5218
        154         3.0897480        29.22810         8.14107        12.9258
        155         3.0839574        29.20855         8.09209        12.3509
        156         3.0771965        29.17897         8.04286        11.8063
        157         3.0702638        29.14979         7.99086        11.2708
        158         3.0624378        29.10565         7.94547        10.7202
        159         3.0513206        29.03298         7.89264        10.1997
        160         3.0442695        28.99403         7.85050         9.6734
        161         3.0404686        28.96882         7.83294         9.1560
        162         3.0387791        28.95350         7.83023         8.6325
        163         3.0378826        28.94472         7.82970         8.1182
        164         3.0376019        28.94207         7.82960         7.6068
        165         3.0272064        28.83470         7.82742         7.0924
        166         3.0213931        28.78512         7.81359         6.7083
        167         3.0200362        28.77088         7.81364         6.5269
        168         3.0173170        28.74301         7.81285         6.3304
        169         3.0003481        28.56976         7.80659         6.1581
        170         2.9882552        28.43277         7.81884         5.9616
        171         2.9905401        28.46036         7.81454         5.7378
        172         2.9961431        28.52566         7.80680         5.4838
        173         2.9985153        28.56297         7.79181         5.2298
        174         2.9914979        28.48894         7.79223         4.9667
        175         2.9708578        28.25367         7.81507         4.6914
        176         2.9681611        28.20660         7.83845         4.4011
        177         2.9805318        28.33217         7.84381         4.0715
        178         2.9782128        28.25838         7.90513         3.7083
        179         2.9719871        28.17150         7.93223         3.3332
        180         2.9482014        27.90808         7.95090         2.9369
        181         2.9245594        27.65528         7.95871         2.5285
        182         2.8968724        27.36625         7.95951         2.0534
        183         2.8604846        26.98765         7.95967         1.5087
        184         2.8100749        26.45807         7.96797         0.9186
        185         2.7534270        25.86224         7.98069         0.3074
        186         2.7527332        25.84735         7.99129         0.0442
        187         2.7045061        25.35648         7.98165         0.0445
        188         0.4319549         3.49747         7.97313         0.0479
        189         0.3761807         3.01896         7.97345         0.0451
        190         0.3563620         2.85016         7.97404         0.0483
        191         0.2989316         2.36479         7.98149         0.0425
        192         0.2514617         1.96774         8.00726         0.0397
        193         0.1909933         1.47061         8.03737         0.0430
        194         0.1433867         1.08675         8.06915         0.0402
        195         0.1846295         1.41648         8.10090         0.0434
        196         0.1941545         1.49245         8.12787         0.0438
        197         0.3315377         2.62645         8.15261         0.0471
