          1        16.66162         0.0023249         0.7228         0.7189         6.800666         0.01814
          2        16.65751         0.0023342         0.7198         0.7158         6.801254         0.01819
          3        16.64895         0.0023496         0.7167         0.7127         6.802478         0.01826
          4        16.64424         0.0023620         0.7259         0.7219         6.803152         0.01832
          5        16.64141         0.0023589         0.7258         0.7218         6.803559         0.01831
          6        16.63730         0.0023620         0.7227         0.7187         6.804148         0.01832
          7        16.63002         0.0023681         0.7289         0.7249         6.805191         0.01835
          8        16.62221         0.0023681         0.7228         0.7188         6.806313         0.01835
          9        16.61662         0.0023805         0.7289         0.7249         6.807113         0.01841
         10        16.61434         0.0023866         0.7259         0.7219         6.807440         0.01844
         11        16.61386         0.0024113         0.7288         0.7248         6.807503         0.01857
         12        16.61359         0.0024144         0.7167         0.7127         6.807541         0.01858
         13        16.61366         0.0024206         0.7197         0.7157         6.807530         0.01861
         14        16.61353         0.0024113         0.7288         0.7248         6.807551         0.01857
         15        16.60888         0.0024206         0.7196         0.7157         6.808216         0.01861
         16        16.59751         0.0024422         0.7167         0.7127         6.809846         0.01872
         17        16.58776         0.0024391         0.7288         0.7248         6.811249         0.01870
         18        16.58063         0.0024391         0.7257         0.7217         6.812275         0.01870
         19        16.57182         0.0024422         0.7196         0.7157         6.813541         0.01871
         20        16.56953         0.0024391         0.7257         0.7217         6.813871         0.01870
         21        16.57021         0.0024422         0.7257         0.7217         6.813773         0.01871
         22        16.56819         0.0024484         0.7257         0.7217         6.814062         0.01875
         23        16.56765         0.0024391         0.7259         0.7219         6.814141         0.01870
         24        16.56879         0.0024515         0.7196         0.7157         6.813974         0.01876
         25        16.57000         0.0024576         0.7258         0.7218         6.813799         0.01879
         26        16.54877         0.3208395         0.7623         0.7581         6.734243         2.03249
         27        16.23264         1.7595049         0.8629         0.8582         6.353679        12.71613
         28        15.86988         3.5387871         0.9391         0.9340         5.846743        27.61684
         29        15.62707         3.5733070         1.0184         1.0128         5.858632        28.08738
         30        15.43514         3.6148551         1.0884         1.0824         5.863459        28.58861
         31        15.29264         3.6378546         1.1768         1.1703         5.869421        28.89498
         32        15.19578         3.6581457         1.2500         1.2431         5.871960        29.14573
         33        15.13355         3.6638356         1.3230         1.3157         5.875911        29.24240
         34        15.09816         3.6622758         1.3444         1.3370         5.879687        29.25497
         35        15.08154         3.6633576         1.3475         1.3401         5.880882        29.27699
         36        15.06905         3.6716352         1.3475         1.3401         5.879395        29.35982
         37        15.05823         3.6807870         1.3353         1.3280         5.877470        29.44925
         38        15.04858         3.6842296         1.3322         1.3249         5.877261        29.48711
         39        15.04202         3.6858331         1.3353         1.3280         5.877355        29.50631
         40        15.03887         3.6823901         1.3505         1.3431         5.878748        29.47807
         41        15.04035         3.6590977         1.3413         1.3340         5.886066        29.26995
         42        15.04639         3.6518659         1.3292         1.3219         5.887819        29.20122
         43        15.06634         3.6482847         1.3109         1.3037         5.887109        29.15458
         44        15.09771         3.6540919         1.3017         1.2946         5.882341        29.18274
         45        15.11027         3.6648522         1.3109         1.3037         5.877742        29.26879
         46        15.11659         3.6717002         1.3261         1.3188         5.874974        29.32480
         47        15.11105         3.6753757         1.3444         1.3370         5.874315        29.36155
         48        15.10763         3.6777196         1.3535         1.3461         5.873883        29.38491
         49        15.10815         3.6767347         1.3474         1.3400         5.874150        29.37578
         50        15.10151         3.6816010         1.3354         1.3280         5.873210        29.42396
         51        15.08521         3.6884946         1.3323         1.3249         5.872515        29.49743
         52        15.06943         3.6904408         1.3383         1.3309         5.873350        29.52661
         53        15.06152         3.6916705         1.3444         1.3370         5.873688        29.54351
         54        15.05572         3.6929333         1.3536         1.3461         5.873819        29.55911
         55        15.05470         3.6925913         1.3535         1.3461         5.874023        29.55684
         56        15.05470         3.6885607         1.3475         1.3401         5.875312        29.52101
         57        15.04453         3.6954001         1.3414         1.3340         5.874063        29.58951
         58        15.02961         3.6965977         1.3415         1.3341         5.875057        29.61145
         59        15.01688         3.6970781         1.3536         1.3462         5.876078        29.62535
         60        15.00981         3.6980718         1.3537         1.3462         5.876412        29.63956
         61        15.00833         3.6979995         1.3536         1.3462         5.876572        29.64003
         62        15.00640         3.6928352         1.3475         1.3401         5.878405        29.59551
         63        14.99773         3.6977627         1.3536         1.3462         5.877626        29.64596
         64        14.98661         3.6995068         1.3475         1.3401         5.878093        29.66992
         65        14.97961         3.6997504         1.3597         1.3522         5.878661        29.67740
         66        14.97903         3.7004678         1.3659         1.3584         5.878484        29.68423
         67        14.98334         3.7015342         1.3718         1.3643         5.877745        29.69046
         68        14.98899         3.6993356         1.3628         1.3553         5.877929        29.66659
         69        14.98867         3.6973483         1.3658         1.3583         5.878596        29.64913
         70        14.98244         3.7013235         1.3658         1.3583         5.877896        29.68927
         71        14.97769         3.7021136         1.3688         1.3613         5.878081        29.69992
         72        14.98128         3.7016724         1.3751         1.3675         5.877891        29.69326
         73        14.99458         3.6987893         1.3627         1.3553         5.877588        29.65748
         74        15.00402         3.7024227         1.3506         1.3432         5.875552        29.68269
         75        15.00190         3.7030745         1.3384         1.3310         5.875538        29.69011
         76        14.99573         3.7033840         1.3506         1.3432         5.876008        29.69754
         77        14.99439         3.7034894         1.3628         1.3553         5.876099        29.69950
         78        15.00235         3.6973152         1.3781         1.3705         5.877343        29.63846
         79        15.01341         3.6911188         1.3842         1.3766         5.878308        29.57492
         80        15.01398         3.6963215         1.3598         1.3523         5.876587        29.62081
         81        15.01077         3.7019749         1.3445         1.3371         5.875073        29.67358
         82        15.00589         3.7035880         1.3353         1.3280         5.875006        29.69166
         83        15.00569         3.7040028         1.3538         1.3463         5.874891        29.69549
         84        15.01443         3.6952294         1.3751         1.3675         5.876896        29.61074
         85        15.02176         3.6880878         1.3811         1.3735         5.878506        29.54164
         86        15.02658         3.6854258         1.3719         1.3643         5.878913        29.51432
         87        15.04376         3.6865166         1.3537         1.3462         5.876976        29.51108
         88        15.06313         3.6893166         1.3445         1.3371         5.874292        29.52137
         89        15.07735         3.6930383         1.3446         1.3372         5.871790        29.54372
         90        15.08566         3.6944721         1.3690         1.3614         5.870566        29.55019
         91        15.09062         3.6969391         1.4939         1.4857         5.869323        29.56832
         92        15.08618         3.6904999         1.5975         1.5888         5.871789        29.51443
         93        15.07684         3.6802746         1.6158         1.6069         5.875917        29.43061
         94        15.08251         3.6815028         1.6066         1.5978         5.875001        29.43727
         95        15.09764         3.6849125         1.6005         1.5917         5.872514        29.45617
         96        15.11131         3.6870942         1.5976         1.5888         5.870557        29.46527
         97        15.11936         3.6884943         1.6006         1.5918         5.869368        29.47164
         98        15.12330         3.6893160         1.6189         1.6100         5.868743        29.47597
         99        15.12426         3.6872979         1.6921         1.6828         5.869298        29.45730
        100        15.12671         3.6875740         1.7803         1.7705         5.868985        29.45788
        101        15.13065         3.6876068         1.8475         1.8374         5.868613        29.45519
        102        15.13471         3.6896512         1.8932         1.8828         5.867588        29.47026
        103        15.14206         3.6911240         1.8902         1.8798         5.866441        29.47780
        104        15.14329         3.6912292         1.8932         1.8828         5.866295        29.47781
        105        15.13703         3.6918408         1.8993         1.8889         5.866676        29.48794
        106        15.13303         3.6925906         1.9024         1.8919         5.866806        29.49760
        107        15.12994         3.6926827         1.8993         1.8888         5.867062        29.50075
        108        15.12613         3.6924591         1.9023         1.8918         5.867484        29.50163
        109        15.12130         3.6919462         1.9024         1.8919         5.868093        29.50072
        110        15.11872         3.6912952         1.9024         1.8920         5.868538        29.49688
        111        15.11189         3.6912624         1.8993         1.8888         5.869179        29.50173
        112        15.10783         3.6912296         1.9022         1.8918         5.869564        29.50450
        113        15.10950         3.6908877         1.9085         1.8980         5.869518        29.50020
        114        15.11111         3.6904734         1.9054         1.8950         5.869502        29.49531
        115        15.10957         3.6898225         1.9116         1.9011         5.869852        29.49069
        116        15.10853         3.6884222         1.9145         1.9040         5.870394        29.47903
        117        15.11002         3.6860691         1.9055         1.8950         5.871007        29.45703
        118        15.11324         3.6833092         1.9116         1.9011         5.871590        29.43011
        119        15.11859         3.6810230         1.9026         1.8921         5.871824        29.40581
        120        15.12394         3.6779953         1.8994         1.8889         5.872295        29.37494
        121        15.12884         3.6737413         1.9054         1.8950         5.873198        29.33354
        122        15.13329         3.6692267         1.9086         1.8981         5.874225        29.29018
        123        15.13787         3.6652258         1.9055         1.8950         5.875076        29.25130
        124        15.14161         3.6616658         1.9056         1.8951         5.875863        29.21696
        125        15.14439         3.6583169         1.9055         1.8950         5.876673        29.18523
        126        15.14703         3.6545631         1.9055         1.8950         5.877623        29.15001
        127        15.14819         3.6515572         1.9117         1.9012         5.878473        29.12252
        128        15.15103         3.6502019         1.9056         1.8952         5.878641        29.10842
        129        15.15452         3.6493312         1.8995         1.8890         5.878594        29.09812
        130        15.15736         3.6480482         1.8995         1.8890         5.878739        29.08466
        131        15.15878         3.6466018         1.8995         1.8890         5.879068        29.07081
        132        15.15987         3.6450837         1.9055         1.8950         5.879449        29.05655
        133        15.16071         3.6422248         1.9056         1.8951         5.880281        29.03063
        134        15.16097         3.6372811         1.9147         1.9042         5.881831        28.98670
        135        15.16594         3.6382879         1.9148         1.9042         5.881049        28.99193
        136        15.17175         3.6417864         1.9086         1.8981         5.879396        29.01859
        137        15.17182         3.6438404         1.8965         1.8860         5.878736        29.03671
        138        15.17033         3.6447826         1.9087         1.8982         5.878575        29.04614
        139        15.16730         3.6456594         1.9056         1.8952         5.878577        29.05615
        140        15.16543         3.6450509         1.9148         1.9043         5.878945        29.05215
        141        15.16439         3.6415511         1.9178         1.9073         5.880154        29.02194
        142        15.16794         3.6423228         1.9148         1.9043         5.879579        29.02615
        143        15.17188         3.6466998         1.9118         1.9013         5.877821        29.06196
        144        15.17066         3.6489251         1.9118         1.9013         5.877227        29.08256
        145        15.16710         3.6497042         1.9057         1.8953         5.877308        29.09209
        146        15.16368         3.6501428         1.9087         1.8982         5.877486        29.09851
        147        15.16052         3.6504440         1.9057         1.8952         5.877684        29.10352
        148        15.15865         3.6501429         1.9057         1.8953         5.877953        29.10224
        149        15.15858         3.6494359         1.9087         1.8982         5.878184        29.09603
        150        15.15981         3.6492984         1.9058         1.8953         5.878114        29.09391
        151        15.16110         3.6499399         1.9088         1.8983         5.877790        29.09863
        152        15.16110         3.6511184         1.8997         1.8893         5.877415        29.10906
        153        15.16058         3.6518648         1.9059         1.8954         5.877225        29.11605
        154        15.15858         3.6534823         1.9089         1.8984         5.876896        29.13185
        155        15.15600         3.6535478         1.9059         1.8955         5.877115        29.13435
        156        15.15316         3.6524673         1.9119         1.9014         5.877722        29.12689
        157        15.15123         3.6521006         1.9088         1.8983         5.878018        29.12508
        158        15.14968         3.6526376         1.9029         1.8924         5.877991        29.13099
        159        15.14768         3.6521334         1.9090         1.8985         5.878337        29.12801
        160        15.14626         3.6524674         1.9089         1.8984         5.878362        29.13202
        161        15.14374         3.6546286         1.9059         1.8954         5.877907        29.15303
        162        15.13994         3.6571965         1.9090         1.8985         5.877442        29.17861
        163        15.13736         3.6597390         1.9059         1.8954         5.876871        29.20306
        164        15.13561         3.6605844         1.9089         1.8985         5.876763        29.21185
        165        15.13200         3.6617315         1.9151         1.9046         5.876732        29.22470
        166        15.12813         3.6630885         1.9090         1.8985         5.876658        29.23962
        167        15.12568         3.6641375         1.9059         1.8954         5.876551        29.25075
        168        15.12304         3.6645768         1.9029         1.8925         5.876656        29.25661
        169        15.11988         3.6652588         1.9090         1.8985         5.876731        29.26502
        170        15.11717         3.6655933         1.9122         1.9017         5.876875        29.27000
        171        15.11466         3.6654949         1.9121         1.9016         5.877139        29.27101
        172        15.11208         3.6657638         1.9060         1.8955         5.877292        29.27532
        173        15.10937         3.6657311         1.9121         1.9016         5.877553        29.27705
        174        15.10737         3.6661049         1.9000         1.8896         5.877619        29.28186
        175        15.10499         3.6667148         1.9091         1.8986         5.877645        29.28905
        176        15.10280         3.6680398         1.9030         1.8926         5.877425        29.30245
        177        15.10151         3.6698044         1.9092         1.8987         5.876981        29.31906
        178        15.09977         3.6700078         1.9152         1.9047         5.877078        29.32217
        179        15.09771         3.6699750         1.9062         1.8958         5.877279        29.32342
        180        15.09449         3.6708542         1.9062         1.8957         5.877296        29.33364
        181        15.09127         3.6721141         1.9092         1.8987         5.877192        29.34723
        182        15.08779         3.6736433         1.9092         1.8987         5.877026        29.36341
        183        15.08508         3.6753040         1.9123         1.9018         5.876746        29.38018
        184        15.08257         3.6756126         1.9124         1.9019         5.876880        29.38480
        185        15.07974         3.6745951         1.9184         1.9078         5.877467        29.37789
        186        15.07838         3.6741816         1.9154         1.9049         5.877724        29.37524
        187        15.07652         3.6742538         1.9124         1.9019         5.877874        29.37728
        188        15.07446         3.6746280         1.9123         1.9018         5.877945        29.38215
        189        15.07240         3.6757834         1.9125         1.9020         5.877767        29.39396
        190        15.06892         3.6773131         1.9094         1.8989         5.877599        29.41015
        191        15.06634         3.6783703         1.9063         1.8958         5.877500        29.42148
        192        15.06583         3.6789154         1.9155         1.9050         5.877373        29.42671
        193        15.06609         3.6787118         1.9125         1.9019         5.877414        29.42471
        194        15.06564         3.6782981         1.9064         1.8959         5.877588        29.42137
        195        15.06448         3.6786396         1.9126         1.9021         5.877586        29.42527
        196        15.06216         3.6793620         1.9095         1.8990         5.877570        29.43343
        197        15.06094         3.6799662         1.9186         1.9081         5.877490        29.43972
        198        15.06062         3.6801764         1.9096         1.8991         5.877452        29.44183
        199        15.05978         3.6802749         1.9125         1.9019         5.877498        29.44334
        200        15.05701         3.6807150         1.9156         1.9051         5.877613        29.44933
        201        15.05315         3.6812997         1.9126         1.9021         5.877783        29.45743
        202        15.05173         3.6810238         1.9004         1.8900         5.878002        29.45605
        203        15.05309         3.6810960         1.9096         1.8991         5.877855        29.45567
        204        15.05379         3.6810238         1.9096         1.8991         5.877812        29.45449
        205        15.05283         3.6800057         1.9096         1.8991         5.878227        29.44617
        206        15.05058         3.6799007         1.9188         1.9083         5.878469        29.44693
        207        15.04858         3.6816019         1.9249         1.9143         5.878109        29.46355
        208        15.05103         3.6805837         1.9157         1.9052         5.878209        29.45266
        209        15.05000         3.6792571         1.9158         1.9052         5.878728        29.44164
        210        15.04717         3.6792899         1.9097         1.8992         5.878980        29.44407
        211        15.04408         3.6793885         1.9098         1.8993         5.879234        29.44727
        212        15.04260         3.6791192         1.9158         1.9053         5.879457        29.44598
        213        15.04067         3.6809911         1.9128         1.9022         5.879037        29.46408
        214        15.04093         3.6826925         1.9189         1.9083         5.878468        29.47901
        215        15.04363         3.6823902         1.9189         1.9083         5.878315        29.47429
        216        15.04299         3.6820224         1.9158         1.9053         5.878492        29.47150
        217        15.04073         3.6818779         1.9097         1.8992         5.878747        29.47191
        218        15.03925         3.6814706         1.9100         1.8995         5.879014        29.46941
        219        15.03745         3.6810568         1.9160         1.9054         5.879313        29.46708
        220        15.03533         3.6816020         1.9130         1.9025         5.879335        29.47353
        221        15.03417         3.6832773         1.9191         1.9085         5.878906        29.48930
        222        15.03617         3.6840920         1.9190         1.9085         5.878461        29.49504
        223        15.03765         3.6838883         1.9100         1.8995         5.878389        29.49212
        224        15.03803         3.6835795         1.9130         1.9025         5.878452        29.48908
        225        15.03707         3.6832772         1.9100         1.8995         5.878638        29.48712
        226        15.03617         3.6830670         1.9162         1.9057         5.878789        29.48592
        227        15.03469         3.6835138         1.9222         1.9117         5.878783        29.49101
        228        15.03237         3.6841249         1.9192         1.9087         5.878801        29.49819
        229        15.03141         3.6838883         1.9192         1.9087         5.878966        29.49681
        230        15.03231         3.6840920         1.9193         1.9088         5.878818        29.49795
        231        15.03449         3.6839540         1.9163         1.9057         5.878659        29.49507
        232        15.03559         3.6837503         1.9131         1.9026         5.878624        29.49244
        233        15.03565         3.6834809         1.9164         1.9059         5.878704        29.48999
        234        15.03527         3.6840986         1.9193         1.9088         5.878542        29.49578
        235        15.03462         3.6850448         1.9194         1.9088         5.878298        29.50468
        236        15.03359         3.6855245         1.9194         1.9088         5.878240        29.50972
        237        15.03218         3.6862737         1.9194         1.9088         5.878131        29.51745
        238        15.03038         3.6868916         1.9195         1.9089         5.878100        29.52430
        239        15.02967         3.6871282         1.9164         1.9059         5.878089        29.52694
        240        15.02845         3.6870625         1.9134         1.9029         5.878223        29.52728
        241        15.02652         3.6868588         1.9133         1.9028         5.878467        29.52692
        242        15.02427         3.6866156         1.9164         1.9059         5.878753        29.52646
        243        15.02176         3.6868917         1.9133         1.9028         5.878896        29.53081
        244        15.01971         3.6876081         1.9165         1.9060         5.878857        29.53873
        245        15.01816         3.6883575         1.9227         1.9121         5.878760        29.54656
        246        15.01746         3.6886994         1.9197         1.9091         5.878715        29.55014
        247        15.01784         3.6888703         1.9196         1.9091         5.878625        29.55137
        248        15.01958         3.6889360         1.9106         1.9001         5.878443        29.55065
        249        15.02151         3.6889754         1.9166         1.9061         5.878253        29.54954
        250        15.02260         3.6890740         1.9106         1.9001         5.878120        29.54959
        251        15.02279         3.6888702         1.9136         1.9030         5.878167        29.54763
        252        15.02138         3.6882918         1.9197         1.9092         5.878483        29.54355
        253        15.01971         3.6889032         1.9258         1.9152         5.878442        29.55025
        254        15.01906         3.6896526         1.9258         1.9152         5.878262        29.55741
        255        15.01996         3.6896526         1.9197         1.9091         5.878178        29.55673
        256        15.02093         3.6898236         1.9167         1.9062         5.878034        29.55752
        257        15.02061         3.6899288         1.9168         1.9062         5.878030        29.55870
        258        15.01996         3.6891793         1.9168         1.9062         5.878330        29.55252
        259        15.01945         3.6882195         1.9198         1.9092         5.878685        29.54437
        260        15.01797         3.6888374         1.9200         1.9094         5.878624        29.55098
        261        15.01926         3.6898630         1.9169         1.9064         5.878176        29.55914
        262        15.02253         3.6900339         1.9200         1.9095         5.877819        29.55818
        263        15.02311         3.6903035         1.9047         1.8942         5.877679        29.56015
        264        15.02221         3.6899485         1.9078         1.8973         5.877875        29.55767
        265        15.02093         3.6889360         1.9169         1.9064         5.878319        29.54963
        266        15.01945         3.6886994         1.9170         1.9065         5.878531        29.54864
        267        15.01983         3.6901655         1.9139         1.9034         5.878026        29.56139
        268        15.02273         3.6906125         1.9231         1.9125         5.877616        29.56318
        269        15.02221         3.6903364         1.9170         1.9065         5.877751        29.56112
        270        15.01971         3.6909216         1.9201         1.9095         5.877796        29.56822
        271        15.01906         3.6918094         1.9171         1.9065         5.877571        29.57660
        272        15.02183         3.6916055         1.9201         1.9096         5.877381        29.57270
        273        15.02215         3.6920789         1.9202         1.9097         5.877199        29.57667
        274        15.02080         3.6927300         1.9172         1.9066         5.877115        29.58349
        275        15.01996         3.6928353         1.9172         1.9067         5.877159        29.58505
        276        15.01816         3.6928682         1.9141         1.9035         5.877315        29.58671
        277        15.01611         3.6924210         1.9142         1.9036         5.877648        29.58428
        278        15.01456         3.6918752         1.9172         1.9067         5.877965        29.58059
        279        15.01328         3.6918752         1.9172         1.9067         5.878084        29.58156
        280        15.01231         3.6928354         1.9173         1.9067         5.877865        29.59084
        281        15.01379         3.6933155         1.9173         1.9068         5.877575        29.59399
        282        15.01398         3.6930721         1.9234         1.9129         5.877635        29.59168
        283        15.01199         3.6921843         1.9236         1.9130         5.878104        29.58528
        284        15.00981         3.6916056         1.9204         1.9099         5.878491        29.58179
        285        15.00814         3.6914675         1.9174         1.9068         5.878690        29.58182
        286        15.00634         3.6916056         1.9143         1.9038         5.878812        29.58441
        287        15.00518         3.6915004         1.9174         1.9069         5.878952        29.58435
        288        15.00479         3.6914676         1.9174         1.9069         5.878999        29.58435
        289        15.00486         3.6917438         1.9114         1.9009         5.878904        29.58676
        290        15.00512         3.6922962         1.9175         1.9069         5.878703        29.59148
        291        15.00518         3.6925592         1.9205         1.9100         5.878613        29.59378
        292        15.00499         3.6924606         1.9237         1.9131         5.878663        29.59304
        293        15.00441         3.6923225         1.9115         1.9009         5.878760        29.59225
        294        15.00287         3.6921515         1.9146         1.9041         5.878957        29.59190
        295        15.00036         3.6920792         1.9085         1.8980         5.879212        29.59315
        296        14.99766         3.6917767         1.9146         1.9041         5.879559        29.59250
        297        14.99631         3.6912638         1.9269         1.9163         5.879848        29.58895
        298        14.99631         3.6912967         1.9238         1.9132         5.879837        29.58924
        299        14.99676         3.6919806         1.9238         1.9132         5.879576        29.59499
        300        14.99818         3.6926645         1.9239         1.9133         5.879226        29.60001
        301        14.99933         3.6929736         1.9269         1.9163         5.879021        29.60189
        302        14.99927         3.6931052         1.9179         1.9073         5.878984        29.60311
        303        14.99850         3.6932367         1.9178         1.9072         5.879013        29.60486
        304        14.99740         3.6929342         1.9209         1.9103         5.879211        29.60300
        305        14.99567         3.6921845         1.9178         1.9073         5.879612        29.59763
        306        14.99342         3.6916387         1.9301         1.9195         5.879995        29.59447
        307        14.99156         3.6923555         1.9270         1.9164         5.879937        29.60226
        308        14.99265         3.6936183         1.9241         1.9135         5.879431        29.61269
        309        14.99496         3.6941313         1.9211         1.9105         5.879053        29.61551
        310        14.99381         3.6944076         1.9119         1.9014         5.879071        29.61884
        311        14.99156         3.6939274         1.9149         1.9044         5.879433        29.61627
        312        14.98989         3.6926975         1.9242         1.9136         5.879982        29.60658
        313        14.98867         3.6921188         1.9211         1.9105         5.880280        29.60235
        314        14.98854         3.6934144         1.9303         1.9197         5.879877        29.61398
        315        14.99098         3.6946115         1.9272         1.9166         5.879267        29.62280
        316        14.99329         3.6948681         1.9212         1.9106         5.878971        29.62333
        317        14.99342         3.6946115         1.9212         1.9106         5.879041        29.62095
        318        14.99278         3.6940984         1.9151         1.9046         5.879265        29.61687
        319        14.99201         3.6937564         1.9213         1.9107         5.879446        29.61440
        320        14.99117         3.6937235         1.9183         1.9077         5.879534        29.61474
        321        14.99021         3.6938617         1.9214         1.9109         5.879579        29.61670
        322        14.98925         3.6939275         1.9243         1.9138         5.879647        29.61802
        323        14.98905         3.6942366         1.9245         1.9139         5.879565        29.62092
        324        14.98944         3.6948155         1.9274         1.9168         5.879344        29.62578
        325        14.99015         3.6951641         1.9275         1.9169         5.879167        29.62835
        326        14.99015         3.6951970         1.9153         1.9048         5.879156        29.62865
        327        14.98982         3.6947826         1.9215         1.9109         5.879319        29.62520
        328        14.98925         3.6944734         1.9215         1.9109         5.879471        29.62288
        329        14.98848         3.6947168         1.9184         1.9079         5.879465        29.62563
        330        14.98854         3.6950589         1.9154         1.9048         5.879349        29.62863
        331        14.98886         3.6953681         1.9154         1.9049         5.879220        29.63115
        332        14.98848         3.6953352         1.9185         1.9080         5.879266        29.63114
        333        14.98738         3.6944077         1.9186         1.9080         5.879665        29.62371
        334        14.98565         3.6934868         1.9277         1.9171         5.880120        29.61681
        335        14.98417         3.6943419         1.9277         1.9171         5.879983        29.62555
        336        14.98584         3.6956378         1.9187         1.9082         5.879412        29.63583
        337        14.98770         3.6960523         1.9217         1.9112         5.879107        29.63811
        338        14.98713         3.6961905         1.9125         1.9020         5.879116        29.63979
        339        14.98648         3.6959470         1.9156         1.9051         5.879254        29.63810
        340        14.98546         3.6948024         1.9218         1.9112         5.879716        29.62868
        341        14.98430         3.6941314         1.9218         1.9112         5.880038        29.62358
        342        14.98353         3.6954668         1.9218         1.9112         5.879681        29.63606
        343        14.98552         3.6963615         1.9189         1.9083         5.879210        29.64253
        344        14.98687         3.6965984         1.9218         1.9112         5.879009        29.64361
        345        14.98700         3.6966313         1.9188         1.9083         5.878987        29.64381
        346        14.98693         3.6959799         1.9158         1.9053         5.879202        29.63806
        347        14.98616         3.6949866         1.9159         1.9053         5.879592        29.62979
        348        14.98481         3.6955392         1.9251         1.9145         5.879539        29.63573
        349        14.98520         3.6965984         1.9191         1.9085         5.879164        29.64488
        350        14.98668         3.6965326         1.9280         1.9174         5.879048        29.64317
        351        14.98501         3.6966313         1.9191         1.9086         5.879171        29.64532
        352        14.98302         3.6965984         1.9160         1.9054         5.879365        29.64654
        353        14.98186         3.6957432         1.9222         1.9116         5.879747        29.63979
        354        14.98122         3.6949866         1.9282         1.9176         5.880049        29.63353
        355        14.98045         3.6965656         1.9283         1.9177         5.879613        29.64819
        356        14.98199         3.6975262         1.9283         1.9177         5.879163        29.65558
        357        14.98340         3.6974209         1.9192         1.9087         5.879066        29.65357
        358        14.98244         3.6973156         1.9192         1.9086         5.879189        29.65336
        359        14.98096         3.6969735         1.9101         1.8996         5.879435        29.65144
        360        14.97987         3.6963945         1.9163         1.9057         5.879721        29.64710
        361        14.97871         3.6961511         1.9224         1.9118         5.879906        29.64581
        362        14.97807         3.6966643         1.9254         1.9148         5.879801        29.65087
        363        14.97916         3.6974078         1.9193         1.9087         5.879462        29.65667
        364        14.98045         3.6974209         1.9254         1.9148         5.879339        29.65581
        365        14.98103         3.6972828         1.9254         1.9148         5.879330        29.65414
        366        14.98096         3.6971775         1.9225         1.9119         5.879369        29.65325
        367        14.98038         3.6970788         1.9164         1.9059         5.879454        29.65281
        368        14.97993         3.6966643         1.9286         1.9180         5.879629        29.64945
        369        14.97916         3.6959471         1.9286         1.9180         5.879930        29.64365
        370        14.97775         3.6957432         1.9225         1.9120         5.880126        29.64290
        371        14.97679         3.6965327         1.9256         1.9150         5.879962        29.65067
        372        14.97672         3.6970788         1.9226         1.9121         5.879793        29.65558
        373        14.97666         3.6973486         1.9256         1.9150         5.879712        29.65804
        374        14.97602         3.6973157         1.9196         1.9091         5.879782        29.65823
        375        14.97512         3.6966248         1.9228         1.9122         5.880087        29.65276
        376        14.97454         3.6958814         1.9227         1.9121         5.880379        29.64657
