          1        13.87544         0.0359367         0.7824         0.7781         7.212995         0.22132
          2        13.87575         0.0358740         0.7854         0.7811         7.212963         0.22092
          3        13.87594         0.0358427         0.7855         0.7812         7.212943         0.22072
          4        13.87631         0.0358239         0.7854         0.7811         7.212888         0.22060
          5        13.87650         0.0358082         0.7824         0.7781         7.212863         0.22050
          6        13.87681         0.0357737         0.7763         0.7720         7.212823         0.22028
          7        13.87712         0.0357424         0.7794         0.7751         7.212783         0.22008
          8        13.87706         0.0357330         0.7885         0.7842         7.212795         0.22002
          9        13.87737         0.0356797         0.7794         0.7751         7.212761         0.21969
         10        13.87762         0.0356013         0.7852         0.7808         7.212743         0.21919
         11        13.87756         0.0354603         0.7823         0.7780         7.212793         0.21830
         12        13.87787         0.0354258         0.7884         0.7840         7.212753         0.21808
         13        13.87824         0.0353600         0.7792         0.7749         7.212712         0.21767
         14        13.87837         0.0353162         0.7852         0.7809         7.212704         0.21739
         15        13.87849         0.0353099         0.7853         0.7810         7.212686         0.21735
         16        13.87905         0.0353162         0.7853         0.7810         7.212596         0.21739
         17        13.87924         0.0352190         0.7853         0.7810         7.212593         0.21677
         18        13.87893         0.0351626         0.7854         0.7811         7.212658         0.21642
         19        13.87855         0.0353256         0.7823         0.7780         7.212672         0.21745
         20        13.87831         0.0352942         0.7822         0.7779         7.212720         0.21725
         21        13.87831         0.0353068         0.7883         0.7840         7.212717         0.21733
         22        13.87855         0.0352347         0.7853         0.7810         7.212698         0.21688
         23        13.87868         0.0352692         0.7823         0.7780         7.212668         0.21709
         24        13.87893         0.0355512         0.7851         0.7808         7.212549         0.21887
         25        13.87918         0.0363881         0.7882         0.7839         7.212275         0.22414
         26        13.87961         0.0366954         0.7853         0.7810         7.212119         0.22608
         27        13.87967         0.0369369         0.7821         0.7778         7.212042         0.22760
         28        13.88011         0.0371250         0.7821         0.7778         7.211919         0.22879
         29        13.88036         0.0372285         0.7883         0.7839         7.211851         0.22944
         30        13.88042         0.0371345         0.7883         0.7839         7.211867         0.22885
         31        13.88079         0.0374952         0.7883         0.7839         7.211706         0.23112
         32        13.88117         0.0375454         0.7882         0.7839         7.211633         0.23144
         33        13.88142         0.0377430         0.7791         0.7748         7.211538         0.23268
         34        13.88154         0.0377618         0.7821         0.7778         7.211513         0.23280
         35        13.88154         0.0379501         0.7880         0.7837         7.211460         0.23399
         36        13.88216         0.0378528         0.7851         0.7808         7.211388         0.23337
         37        13.88198         0.0377712         0.7882         0.7839         7.211441         0.23286
         38        13.88179         0.0383423         0.7882         0.7839         7.211310         0.23647
         39        13.88036         0.0388852         0.7789         0.7747         7.211384         0.23991
         40        13.88017         0.0387565         0.7791         0.7748         7.211450         0.23910
         41        13.86244         0.6038374         0.8217         0.8172         7.037232         4.26305
         42        13.66284         1.5158110         0.9071         0.9022         6.756870        11.54560
         43        13.45333         2.4175833         0.9773         0.9719         6.468997        19.30919
         44        13.30043         3.0456999         1.0168         1.0112         6.265569        24.99033
         45        13.20335         3.0607382         1.0441         1.0384         6.270674        25.19054
         46        13.14549         3.0541301         1.0504         1.0446         6.279224        25.16873
         47        13.10495         3.0592042         1.0628         1.0569         6.281780        25.24173
         48        13.07505         3.0583301         1.0563         1.0505         6.285306        25.25362
         49        13.05552         3.0636453         1.0564         1.0506         6.285516        25.31506
         50        13.03782         3.0656463         1.0565         1.0506         6.286707        25.34510
         51        13.02104         3.0665278         1.0563         1.0505         6.288197        25.36434
         52        13.00706         3.0668951         1.0593         1.0534         6.289570        25.37702
         53        12.99734         3.0682174         1.0657         1.0598         6.290144        25.39559
         54        12.98933         3.0699256         1.0625         1.0567         6.290397        25.41656
         55        12.98562         3.0733613         1.0656         1.0597         6.289568        25.45044
         56        12.98690         3.0766819         1.0533         1.0476         6.288245        25.47995
         57        12.98671         3.0761611         1.0655         1.0597         6.288450        25.47530
         58        12.98198         3.0783122         1.0654         1.0596         6.288191        25.49815
         59        12.97773         3.0809850         1.0654         1.0596         6.287692        25.52544
         60        12.97579         3.0798447         1.0655         1.0597         6.288309        25.51632
         61        12.99230         3.0794828         1.0595         1.0537         6.286663        25.50192
         62        13.02797         3.0797522         1.0564         1.0506         6.282738        25.48045
         63        13.06410         3.0809351         1.0565         1.0506         6.278441        25.46704
         64        13.08759         3.0829093         1.0533         1.0475         6.275221        25.46931
         65        13.10215         3.0809224         1.0715         1.0656         6.274368        25.44145
         66        13.10556         3.0724291         1.1539         1.1476         6.277020        25.36175
         67        13.09100         3.0656458         1.2637         1.2568         6.280993        25.30961
         68        13.06434         3.0662520         1.3765         1.3690         6.283644        25.33285
         69        13.03715         3.0741511         1.4800         1.4719         6.283754        25.42303
         70        13.02092         3.0776807         1.5868         1.5781         6.284240        25.46609
         71        13.00967         3.0785634         1.6568         1.6477         6.285133        25.48166
         72        13.03405         3.0789370         1.6812         1.6719         6.282384        25.46873
         73        13.09697         3.0785257         1.6721         1.6629         6.275782        25.42288
         74        13.14067         3.0761597         1.6660         1.6569         6.271940        25.37217
         75        13.15976         3.0753997         1.6751         1.6659         6.270166        25.35253
         76        13.14921         3.0708916         1.6782         1.6690         6.272893        25.31853
         77        13.12634         3.0661719         1.6843         1.6751         6.277018        25.29077
         78        13.10562         3.0642568         1.6964         1.6871         6.279922        25.28710
         79        13.09033         3.0637858         1.6873         1.6780         6.281731        25.29297
         80        13.07779         3.0635840         1.6842         1.6750         6.283151        25.29947
         81        13.06610         3.0624769         1.6813         1.6720         6.284801        25.29716
         82        13.05485         3.0608561         1.6781         1.6688         6.286589        25.28987
         83        13.04505         3.0599082         1.6721         1.6629         6.287980        25.28774
         84        13.03727         3.0594619         1.6842         1.6749         6.288977        25.28884
         85        13.03198         3.0596026         1.6904         1.6811         6.289497        25.29364
         86        13.03083         3.0600674         1.6934         1.6841         6.289455        25.29865
         87        13.03180         3.0607034         1.7026         1.6932         6.289124        25.30380
         88        13.03380         3.0614312         1.6966         1.6873         6.288649        25.30911
         89        13.03539         3.0623915         1.6842         1.6750         6.288136        25.31682
         90        13.03460         3.0600429         1.6782         1.6690         6.289058        25.29592
         91        13.03314         3.0578355         1.6781         1.6689         6.290002        25.27676
         92        13.03210         3.0571202         1.6872         1.6779         6.290368        25.27092
         93        13.03271         3.0574626         1.6934         1.6841         6.290181        25.27363
         94        13.03569         3.0581595         1.6934         1.6841         6.289612        25.27801
         95        13.03897         3.0590277         1.6904         1.6811         6.288949        25.28375
         96        13.04031         3.0601835         1.6813         1.6720         6.288393        25.29340
         97        13.03909         3.0589115         1.6751         1.6659         6.288977        25.28261
         98        13.03666         3.0573647         1.6751         1.6659         6.289790        25.27012
         99        13.03520         3.0569674         1.6842         1.6750         6.290089        25.26746
        100        13.03636         3.0570224         1.6843         1.6751         6.289945        25.26720
        101        13.03855         3.0574259         1.6873         1.6780         6.289565        25.26942
        102        13.04183         3.0578966         1.6843         1.6750         6.289044        25.27153
        103        13.04524         3.0585630         1.6813         1.6720         6.288440        25.27535
        104        13.04718         3.0585935         1.6782         1.6690         6.288219        25.27433
        105        13.04706         3.0564477         1.6751         1.6659         6.288997        25.25485
        106        13.04560         3.0552313         1.6720         1.6628         6.289587        25.24473
        107        13.04432         3.0549502         1.6752         1.6660         6.289825        25.24301
        108        13.04463         3.0552864         1.6783         1.6691         6.289672        25.24587
        109        13.04810         3.0567227         1.6934         1.6841         6.288788        25.25666
        110        13.05381         3.0579209         1.6872         1.6779         6.287745        25.26379
        111        13.06002         3.0570833         1.6843         1.6751         6.287375        25.25203
        112        13.06349         3.0577007         1.6842         1.6750         6.286782        25.25536
        113        13.06507         3.0554573         1.6751         1.6659         6.287410        25.23386
        114        13.06495         3.0533001         1.6751         1.6659         6.288191        25.21428
        115        13.06610         3.0523897         1.6813         1.6720         6.288391        25.20522
        116        13.06848         3.0522002         1.6874         1.6781         6.288202        25.20192
        117        13.07505         3.0523651         1.6904         1.6811         6.287436        25.19907
        118        13.08309         3.0525972         1.6843         1.6750         6.286488        25.19586
        119        13.09088         3.0527988         1.6874         1.6781         6.285577        25.19253
        120        13.09685         3.0527498         1.6812         1.6719         6.284952        25.18814
        121        13.10111         3.0522732         1.6782         1.6690         6.284663        25.18098
        122        13.10410         3.0508559         1.6844         1.6751         6.284845        25.16610
        123        13.10629         3.0496343         1.6751         1.6659         6.285042        25.15353
        124        13.10721         3.0489503         1.6812         1.6720         6.285187        25.14670
        125        13.10806         3.0487487         1.6752         1.6660         6.285167        25.14431
        126        13.10885         3.0488037         1.6842         1.6750         6.285062        25.14428
        127        13.10989         3.0490235         1.6903         1.6810         6.284873        25.14559
        128        13.11111         3.0497869         1.6872         1.6779         6.284470        25.15174
        129        13.11208         3.0526275         1.6873         1.6780         6.283357        25.17694
        130        13.11409         3.0574618         1.6782         1.6690         6.281424        25.21961
        131        13.11616         3.0609778         1.6691         1.6599         6.279953        25.25025
        132        13.11683         3.0634368         1.6751         1.6659         6.279009        25.27219
        133        13.11897         3.0662822         1.6782         1.6690         6.277770        25.29668
        134        13.12482         3.0699795         1.6872         1.6779         6.275831        25.32645
        135        13.13158         3.0739419         1.6964         1.6871         6.273700        25.35802
        136        13.14390         3.0742787         1.7026         1.6933         6.272261        25.35288
        137        13.17056         3.0711486         1.6935         1.6842         6.270514        25.30667
        138        13.19791         3.0685584         1.6813         1.6721         6.268501        25.26497
        139        13.21435         3.0697153         1.6690         1.6599         6.266333        25.26460
        140        13.21875         3.0710318         1.6721         1.6629         6.265398        25.27364
        141        13.21869         3.0710746         1.6629         1.6538         6.265389        25.27407
        142        13.22205         3.0711481         1.6720         1.6628         6.265004        25.27250
        143        13.22816         3.0711052         1.6843         1.6750         6.264365        25.26806
        144        13.23446         3.0715828         1.6905         1.6812         6.263523        25.26822
        145        13.23904         3.0714664         1.6934         1.6841         6.263074        25.26412
        146        13.24118         3.0710132         1.6843         1.6750         6.263005        25.25860
        147        13.24063         3.0706764         1.6842         1.6749         6.263183        25.25590
        148        13.23837         3.0701253         1.6843         1.6751         6.263619        25.25240
        149        13.23599         3.0699539         1.6782         1.6690         6.263934        25.25242
        150        13.23158         3.0705540         1.6813         1.6720         6.264194        25.26079
        151        13.22547         3.0710562         1.6904         1.6811         6.264670        25.26939
        152        13.22284         3.0713808         1.6874         1.6782         6.264837        25.27409
        153        13.22376         3.0716319         1.6812         1.6720         6.264650        25.27576
        154        13.22529         3.0718707         1.6813         1.6720         6.264402        25.27692
        155        13.22614         3.0722443         1.6843         1.6750         6.264179        25.27974
        156        13.22688         3.0727771         1.6843         1.6751         6.263912        25.28409
        157        13.22828         3.0734448         1.6874         1.6781         6.263527        25.28922
        158        13.23067         3.0739961         1.6844         1.6751         6.263077        25.29265
        159        13.23476         3.0744677         1.6873         1.6780         6.262473        25.29421
        160        13.24173         3.0748291         1.6905         1.6812         6.261601        25.29287
        161        13.25042         3.0753131         1.6904         1.6811         6.260503        25.29150
        162        13.25978         3.0759992         1.6965         1.6871         6.259261        25.29152
        163        13.26939         3.0767467         1.6934         1.6841         6.257972        25.29194
        164        13.27942         3.0774759         1.6843         1.6751         6.256645        25.29190
        165        13.28916         3.0780641         1.6660         1.6568         6.255399        25.29079
        166        13.29865         3.0784931         1.6660         1.6568         6.254236        25.28839
        167        13.30753         3.0788669         1.6723         1.6631         6.253158        25.28589
        168        13.31531         3.0791672         1.6721         1.6629         6.252223        25.28346
        169        13.32181         3.0794613         1.6813         1.6721         6.251427        25.28182
        170        13.32708         3.0797310         1.6936         1.6843         6.250771        25.28077
        171        13.33100         3.0800130         1.6996         1.6902         6.250254        25.28073
        172        13.33352         3.0803685         1.6935         1.6842         6.249862        25.28229
        173        13.33548         3.0806260         1.6905         1.6812         6.249563        25.28332
        174        13.33750         3.0808038         1.6844         1.6751         6.249285        25.28359
        175        13.34014         3.0809325         1.6783         1.6691         6.248959        25.28302
        176        13.34284         3.0810367         1.6783         1.6691         6.248635        25.28218
        177        13.34511         3.0811838         1.6904         1.6811         6.248342        25.28200
        178        13.34646         3.0812083         1.6934         1.6841         6.248190        25.28133
        179        13.34731         3.0812145         1.6873         1.6780         6.248096        25.28082
        180        13.34793         3.0812696         1.6844         1.6751         6.248011        25.28091
        181        13.34793         3.0814168         1.6904         1.6811         6.247960        25.28224
        182        13.34713         3.0816498         1.6843         1.6751         6.247963        25.28488
        183        13.34676         3.0817970         1.6752         1.6660         6.247950        25.28646
        184        13.34731         3.0818583         1.6844         1.6751         6.247870        25.28665
        185        13.34842         3.0819502         1.6843         1.6751         6.247721        25.28675
        186        13.34965         3.0819441         1.6906         1.6813         6.247592        25.28588
        187        13.35075         3.0819748         1.6935         1.6842         6.247464        25.28543
        188        13.35185         3.0822262         1.6997         1.6903         6.247258        25.28697
        189        13.35234         3.0824408         1.6936         1.6843         6.247131        25.28859
        190        13.35290         3.0825021         1.6874         1.6781         6.247051        25.28879
        191        13.35376         3.0825082         1.6845         1.6752         6.246957        25.28827
        192        13.35517         3.0824714         1.6753         1.6661         6.246820        25.28701
        193        13.35707         3.0823855         1.6754         1.6661         6.246647        25.28497
        194        13.35885         3.0822690         1.6783         1.6691         6.246499        25.28274
        195        13.36032         3.0822383         1.6785         1.6692         6.246353        25.28149
        196        13.36106         3.0821954         1.6874         1.6782         6.246290        25.28061
        197        13.36099         3.0821770         1.6905         1.6812         6.246303        25.28048
        198        13.36038         3.0822567         1.6876         1.6783         6.246340        25.28161
        199        13.35983         3.0824714         1.6906         1.6813         6.246324        25.28392
        200        13.35952         3.0825266         1.6845         1.6752         6.246337        25.28462
        201        13.35977         3.0825082         1.6877         1.6784         6.246317        25.28429
        202        13.36050         3.0822690         1.6845         1.6752         6.246323        25.28164
        203        13.36149         3.0819808         1.6814         1.6722         6.246319        25.27838
        204        13.36308         3.0816496         1.6876         1.6783         6.246266        25.27433
        205        13.36474         3.0813308         1.6907         1.6814         6.246201        25.27034
        206        13.36603         3.0810242         1.6877         1.6784         6.246172        25.26672
        207        13.36639         3.0808341         1.6875         1.6782         6.246199        25.26475
        208        13.36609         3.0807728         1.6784         1.6692         6.246253        25.26441
        209        13.36492         3.0806563         1.6814         1.6722         6.246418        25.26412
        210        13.36363         3.0806012         1.6784         1.6692         6.246574        25.26447
        211        13.36204         3.0805951         1.6815         1.6722         6.246746        25.26547
        212        13.36087         3.0805706         1.6876         1.6783         6.246879        25.26602
        213        13.36020         3.0805093         1.6845         1.6752         6.246972        25.26591
        214        13.35958         3.0803744         1.6907         1.6814         6.247085        25.26510
        215        13.35885         3.0800740         1.6907         1.6814         6.247269        25.26286
        216        13.35836         3.0796081         1.6847         1.6754         6.247484        25.25897
        217        13.35768         3.0793445         1.6846         1.6753         6.247648        25.25703
        218        13.35725         3.0792832         1.6845         1.6752         6.247715        25.25676
        219        13.35664         3.0791422         1.6785         1.6693         6.247830        25.25589
        220        13.35609         3.0789338         1.6846         1.6753         6.247962        25.25437
        221        13.35535         3.0788051         1.6877         1.6784         6.248086        25.25369
        222        13.35474         3.0787867         1.6877         1.6784         6.248157        25.25393
        223        13.35406         3.0787867         1.6938         1.6845         6.248229        25.25437
        224        13.35339         3.0785599         1.6937         1.6844         6.248381        25.25276
        225        13.35296         3.0779961         1.6907         1.6814         6.248624        25.24794
        226        13.35179         3.0782167         1.6846         1.6754         6.248671        25.25071
        227        13.35063         3.0784680         1.6816         1.6724         6.248707        25.25376
        228        13.34909         3.0784926         1.6817         1.6724         6.248861        25.25500
        229        13.34793         3.0783700         1.6695         1.6604         6.249028        25.25466
        230        13.34725         3.0783210         1.6879         1.6786         6.249117        25.25466
        231        13.34689         3.0784007         1.6877         1.6784         6.249129        25.25562
        232        13.34646         3.0785232         1.6909         1.6816         6.249131        25.25702
        233        13.34609         3.0782352         1.6939         1.6846         6.249272        25.25465
        234        13.34652         3.0773220         1.6816         1.6724         6.249546        25.24610
        235        13.34750         3.0768869         1.6726         1.6634         6.249594        25.24151
        236        13.34842         3.0768317         1.6694         1.6603         6.249515        25.24041
        237        13.34952         3.0768623         1.6786         1.6694         6.249387        25.23995
        238        13.34971         3.0769175         1.6848         1.6755         6.249348        25.24033
        239        13.34971         3.0773526         1.6817         1.6725         6.249196        25.24427
        240        13.34922         3.0774139         1.6909         1.6816         6.249227        25.24515
        241        13.34879         3.0764947         1.6939         1.6846         6.249595        25.23711
        242        13.34823         3.0761576         1.6908         1.6815         6.249772        25.23442
        243        13.34689         3.0765682         1.6939         1.6846         6.249771        25.23903
        244        13.34492         3.0766173         1.6909         1.6816         6.249963        25.24077
        245        13.34296         3.0765682         1.6909         1.6816         6.250190        25.24162
        246        13.33983         3.0762741         1.6848         1.6755         6.250626        25.24103
        247        13.33707         3.0757533         1.6878         1.6786         6.251103        25.23813
        248        13.33517         3.0752571         1.6788         1.6695         6.251479        25.23490
        249        13.33309         3.0749814         1.6818         1.6726         6.251798        25.23378
        250        13.33082         3.0749324         1.6847         1.6755         6.252057        25.23483
        251        13.32812         3.0749202         1.6910         1.6817         6.252349        25.23650
        252        13.32579         3.0746996         1.6940         1.6847         6.252675        25.23604
        253        13.32261         3.0744362         1.6848         1.6755         6.253107        25.23577
        254        13.31795         3.0743383         1.6819         1.6726         6.253638        25.23796
        255        13.31354         3.0743506         1.6788         1.6696         6.254104        25.24099
        256        13.31035         3.0743690         1.6788         1.6695         6.254438        25.24326
        257        13.30882         3.0742955         1.6758         1.6665         6.254627        25.24361
        258        13.30870         3.0740565         1.6819         1.6726         6.254724        25.24152
        259        13.30894         3.0737503         1.6940         1.6847         6.254806        25.23858
        260        13.30815         3.0735910         1.6911         1.6818         6.254947        25.23766
        261        13.30618         3.0736890         1.6940         1.6847         6.255121        25.23985
        262        13.30398         3.0737074         1.6909         1.6816         6.255350        25.24147
        263        13.30079         3.0734441         1.6880         1.6787         6.255782        25.24119
        264        13.29657         3.0729541         1.6848         1.6755         6.256406        25.23955
        265        13.29069         3.0727459         1.6849         1.6756         6.257106        25.24155
        266        13.28426         3.0726112         1.6819         1.6726         6.257840        25.24458
        267        13.27967         3.0723969         1.6972         1.6879         6.258406        25.24567
        268        13.27612         3.0721213         1.6911         1.6818         6.258882        25.24552
        269        13.27373         3.0717845         1.6880         1.6787         6.259256        25.24405
        270        13.27147         3.0715518         1.6910         1.6817         6.259579        25.24343
        271        13.26865         3.0716008         1.6912         1.6819         6.259863        25.24574
        272        13.26480         3.0717294         1.6881         1.6788         6.260229        25.24946
        273        13.26051         3.0716927         1.6881         1.6788         6.260700        25.25196
        274        13.25703         3.0715825         1.6912         1.6819         6.261111        25.25327
        275        13.25397         3.0714417         1.6912         1.6819         6.261488        25.25402
        276        13.25103         3.0714050         1.6881         1.6788         6.261815        25.25563
        277        13.24828         3.0714050         1.6851         1.6758         6.262109        25.25745
        278        13.24577         3.0714112         1.6851         1.6758         6.262375        25.25917
        279        13.24296         3.0713806         1.6790         1.6698         6.262686        25.26076
        280        13.24008         3.0713806         1.6881         1.6788         6.262993        25.26266
        281        13.23782         3.0714664         1.6851         1.6758         6.263205        25.26494
        282        13.23654         3.0715521         1.6881         1.6788         6.263312        25.26657
        283        13.23501         3.0715032         1.6913         1.6820         6.263493        25.26713
        284        13.23366         3.0712888         1.6882         1.6789         6.263712        25.26608
        285        13.23287         3.0710133         1.6913         1.6820         6.263894        25.26410
        286        13.23305         3.0707928         1.6881         1.6788         6.263952        25.26198
        287        13.23287         3.0707071         1.6882         1.6789         6.264002        25.26132
        288        13.23183         3.0706459         1.6913         1.6820         6.264135        25.26146
        289        13.23055         3.0705050         1.6852         1.6759         6.264322        25.26103
        290        13.23006         3.0702785         1.6945         1.6851         6.264454        25.25929
        291        13.23018         3.0700948         1.6883         1.6790         6.264506        25.25755
        292        13.23024         3.0700274         1.6913         1.6820         6.264523        25.25689
        293        13.23012         3.0699540         1.6943         1.6850         6.264562        25.25631
        294        13.23018         3.0699540         1.6975         1.6882         6.264556        25.25626
        295        13.23036         3.0700948         1.6974         1.6881         6.264487        25.25742
        296        13.23134         3.0701866         1.6974         1.6881         6.264350        25.25761
        297        13.23379         3.0697825         1.6912         1.6819         6.264230        25.25232
        298        13.23794         3.0693110         1.6852         1.6759         6.263952        25.24529
        299        13.23984         3.0691089         1.6853         1.6760         6.263821        25.24220
        300        13.23972         3.0689620         1.6791         1.6699         6.263885        25.24095
        301        13.23886         3.0688763         1.6792         1.6699         6.264007        25.24074
        302        13.23800         3.0688641         1.6823         1.6731         6.264103        25.24119
        303        13.23721         3.0689927         1.6913         1.6820         6.264143        25.24288
        304        13.23641         3.0691702         1.6915         1.6822         6.264165        25.24502
        305        13.23574         3.0692253         1.6944         1.6851         6.264218        25.24597
        306        13.23495         3.0690784         1.6823         1.6731         6.264355        25.24516
        307        13.23397         3.0689253         1.6824         1.6731         6.264513        25.24442
        308        13.23317         3.0688458         1.6854         1.6762         6.264626        25.24422
        309        13.23366         3.0688029         1.6823         1.6731         6.264589        25.24351
        310        13.23464         3.0687294         1.6915         1.6822         6.264510        25.24219
        311        13.23562         3.0687417         1.6884         1.6791         6.264401        25.24166
        312        13.23696         3.0687845         1.6915         1.6822         6.264242        25.24116
        313        13.23800         3.0687845         1.6977         1.6884         6.264131        25.24047
        314        13.23923         3.0687416         1.6976         1.6883         6.264016        25.23927
        315        13.24027         3.0687294         1.6916         1.6823         6.263909        25.23847
        316        13.24155         3.0684600         1.6855         1.6762         6.263866        25.23518
        317        13.24332         3.0682335         1.6885         1.6792         6.263757        25.23195
        318        13.24436         3.0683681         1.6854         1.6762         6.263598        25.23248
        319        13.24491         3.0690477         1.6885         1.6792         6.263299        25.23828
        320        13.24534         3.0694824         1.6885         1.6792         6.263100        25.24195
        321        13.24608         3.0695375         1.6916         1.6823         6.263003        25.24196
        322        13.24650         3.0688762         1.6854         1.6762         6.263190        25.23568
        323        13.24687         3.0683069         1.6885         1.6792         6.263351        25.23027
        324        13.24669         3.0682885         1.6885         1.6792         6.263377        25.23022
        325        13.24663         3.0682334         1.6886         1.6794         6.263403        25.22976
        326        13.24669         3.0682457         1.6916         1.6823         6.263393        25.22983
