          1        17.40485         0.0000180         0.8462         0.8415         6.695929         0.00890
          2        17.40492         0.0000150         0.8461         0.8414         6.695919         0.00891
          3        17.40506         0.0000119         0.8491         0.8445         6.695899         0.00893
          4        17.40527         0.0000150         0.8461         0.8415         6.695871         0.00891
          5        17.40547         0.0000211         0.8431         0.8384         6.695843         0.00888
          6        17.40561         0.0000119         0.8461         0.8414         6.695822         0.00893
          7        17.40554         0.0000150         0.8492         0.8445         6.695832         0.00891
          8        17.40582         0.0000119         0.8460         0.8414         6.695793         0.00893
          9        17.40609         0.0000150         0.8491         0.8444         6.695755         0.00891
         10        17.40630         0.0000211         0.8522         0.8475         6.695728         0.00888
         11        17.40664         0.0000119         0.8460         0.8414         6.695678         0.00893
         12        17.40671         0.0000150         0.8430         0.8384         6.695669         0.00891
         13        17.40692         0.0000119         0.8460         0.8414         6.695639         0.00893
         14        17.40706         0.0000211         0.8461         0.8414         6.695622         0.00889
         15        17.40713         0.0000150         0.8460         0.8414         6.695611         0.00891
         16        17.40754         0.0000211         0.8490         0.8443         6.695555         0.00889
         17        17.40582        -0.1346415         0.8857         0.8808         6.696153         0.00000
         18        16.90562         1.0775544         0.9801         0.9747         6.472645         7.35366
         19        15.74265         1.9248703         1.0990         1.0930         6.361052        14.19559
         20        14.84035         1.9035686         1.1842         1.1777         6.476278        14.34850
         21        14.15638         1.8719673         1.2635         1.2566         6.571327        14.33838
         22        13.72891         1.8700916         1.3366         1.3293         6.625871        14.48194
         23        13.49149         1.8849975         1.3610         1.3535         6.650916        14.69819
         24        13.36756         1.8928548         1.3641         1.3566         6.663999        14.81274
         25        13.30514         1.8928965         1.3640         1.3565         6.671981        14.83727
         26        13.26822         1.8794922         1.3609         1.3534         6.681463        14.73704
         27        13.24485         1.8823945         1.3549         1.3475         6.683442        14.77086
         28        13.22480         1.8895662         1.3579         1.3505         6.683480        14.83997
         29        13.20793         1.8950101         1.3671         1.3596         6.683717        14.89313
         30        13.19791         1.9005419         1.3671         1.3596         6.683040        14.94442
         31        13.19333         1.9042050         1.3702         1.3627         6.682327        14.97761
         32        13.19608         1.9123361         1.3854         1.3778         6.679085        15.04624
         33        13.19773         1.9129943         1.4097         1.4020         6.678639        15.05122
         34        13.19223         1.9118127         1.4342         1.4263         6.679765        15.04325
         35        13.18637         1.9120511         1.4798         1.4717         6.680433        15.04760
         36        13.18356         1.8895458         1.5439         1.5354         6.688796        14.85578
         37        13.16660         1.8821682         1.6048         1.5960         6.693608        14.79916
         38        13.13847         1.9288301         1.6749         1.6657         6.680607        15.21061
         39        13.10623         1.9383019         1.7449         1.7353         6.681363        15.30496
         40        13.06306         1.9513093         1.7968         1.7869         6.682246        15.43442
         41        13.02335         1.9478622         1.8181         1.8081         6.688574        15.42075
         42        13.01265         1.9550566         1.8211         1.8111         6.687365        15.48721
         43        13.01004         1.9669914         1.8212         1.8112         6.683417        15.59140
         44        12.98714         1.9925136         1.8303         1.8202         6.677178        15.82168
         45        12.93647         2.0251486         1.8303         1.8202         6.671890        16.12606
         46        12.85440         2.0588780         1.8364         1.8263         6.670137        16.45490
         47        12.78181         2.0826454         1.8425         1.8324         6.670723        16.69428
         48        12.72070         2.1021871         1.8455         1.8354         6.671353        16.89261
         49        12.66883         2.1180201         1.8363         1.8262         6.672136        17.05495
         50        12.63279         2.1449206         1.8364         1.8263         6.666846        17.30820
         51        12.60749         2.1679035         1.8212         1.8112         6.661611        17.52268
         52        12.58496         2.1832897         1.8211         1.8111         6.658796        17.66917
         53        12.56749         2.1916855         1.8304         1.8203         6.657905        17.75166
         54        12.56437         2.1961887         1.8334         1.8233         6.656642        17.79301
         55        12.56707         2.1986640         1.8395         1.8294         6.655394        17.81366
         56        12.56767         2.1970191         1.8272         1.8172         6.655923        17.79881
         57        12.57001         2.1855705         1.8273         1.8172         6.659836        17.69635
         58        12.57475         2.1869957         1.8242         1.8142         6.658717        17.70674
         59        12.57805         2.1957652         1.8303         1.8202         6.655082        17.78282
         60        12.57127         2.1978659         1.8243         1.8142         6.655160        17.80461
         61        12.55386         2.1999945         1.8303         1.8202         6.656559        17.83167
         62        12.54078         2.2031777         1.8273         1.8172         6.657028        17.86607
         63        12.53329         2.2067593         1.8304         1.8203         6.656649        17.90138
         64        12.52327         2.2076564         1.8272         1.8172         6.657574        17.91408
         65        12.51182         2.2106313         1.8273         1.8172         6.657912        17.94592
         66        12.50122         2.2237268         1.8303         1.8202         6.654413        18.06727
         67        12.48995         2.2313731         1.8303         1.8202         6.653001        18.14063
         68        12.48217         2.2383892         1.8333         1.8232         6.651385        18.20678
         69        12.47486         2.2438818         1.8333         1.8232         6.650269        18.25918
         70        12.46714         2.2473109         1.8394         1.8293         6.649967        18.29345
         71        12.45846         2.2515300         1.8425         1.8324         6.649491        18.33524
         72        12.44368         2.2562229         1.8455         1.8354         6.649599        18.38425
         73        12.42939         2.2608151         1.8486         1.8384         6.649682        18.43217
         74        12.42090         2.2630301         1.8334         1.8233         6.649920        18.45609
         75        12.41313         2.2664418         1.8303         1.8202         6.649625        18.49034
         76        12.40637         2.2761984         1.8273         1.8172         6.646851        18.58078
         77        12.40404         2.2868719         1.8273         1.8172         6.643186        18.67730
         78        12.41647         2.2937106         1.8333         1.8232         6.639110        18.73225
         79        12.45026         2.2974686         1.8303         1.8202         6.633532        18.74903
         80        12.48403         2.3009696         1.8334         1.8233         6.628061        18.76351
         81        12.51272         2.3039151         1.8425         1.8324         6.623429        18.77552
         82        12.53713         2.3024253         1.8363         1.8262         6.620964        18.75012
         83        12.55824         2.2941668         1.8395         1.8294         6.621394        18.66609
         84        12.57829         2.2842845         1.8395         1.8293         6.622547        18.56826
         85        12.60154         2.2799343         1.8364         1.8263         6.621269        18.51818
         86        12.62257         2.2764385         1.8395         1.8293         6.619950        18.47684
         87        12.63899         2.2680204         1.8334         1.8233         6.621002        18.39411
         88        12.65036         2.2552902         1.8364         1.8264         6.624253        18.27570
         89        12.66047         2.2442741         1.8334         1.8233         6.627028        18.17322
         90        12.66727         2.2356734         1.8394         1.8293         6.629328        18.09381
         91        12.66967         2.2288566         1.8364         1.8263         6.631520        18.03234
         92        12.67491         2.2263205         1.8425         1.8324         6.631795        18.00741
         93        12.68509         2.2318847         1.8364         1.8264         6.628498        18.05178
         94        12.69725         2.2474405         1.8395         1.8294         6.621310        18.18359
         95        12.71153         2.2599908         1.8425         1.8324         6.614965        18.28780
         96        12.72413         2.2653094         1.8395         1.8294         6.611470        18.32880
         97        12.73312         2.2677453         1.8303         1.8202         6.609473        18.34602
         98        12.74071         2.2682940         1.8334         1.8234         6.608336        18.34719
         99        12.74862         2.2658194         1.8334         1.8234         6.608262        18.32148
        100        12.75694         2.2613444         1.8395         1.8294         6.608863        18.27788
        101        12.76448         2.2632030         1.8395         1.8294         6.607257        18.29067
        102        12.77233         2.2713733         1.8335         1.8234         6.603319        18.35913
        103        12.78115         2.2766737         1.8364         1.8263         6.600308        18.40173
        104        12.78875         2.2759923         1.8303         1.8202         6.599619        18.39202
        105        12.79383         2.2611632         1.8273         1.8173         6.604379        18.25851
        106        12.79733         2.2516917         1.8366         1.8265         6.607385        18.17318
        107        12.80180         2.2580775         1.8273         1.8173         6.604516        18.22742
        108        12.80863         2.2490482         1.8364         1.8264         6.606950        18.14444
        109        12.81679         2.2554971         1.8334         1.8234         6.603604        18.19745
        110        12.82368         2.2721416         1.8396         1.8295         6.596721        18.34108
        111        12.83009         2.2727621         1.8396         1.8295         6.595708        18.34346
        112        12.83764         2.2752227         1.8396         1.8295         6.593888        18.36154
        113        12.84811         2.2785637         1.8426         1.8325         6.591393        18.38597
        114        12.86184         2.2812409         1.8335         1.8234         6.588739        18.40296
        115        12.87600         2.2818237         1.8305         1.8205         6.586792        18.40124
        116        12.88830         2.2803335         1.8244         1.8143         6.585823        18.38214
        117        12.89744         2.2758266         1.8304         1.8204         6.586330        18.33798
        118        12.90059         2.2665918         1.8367         1.8266         6.589278        18.25507
        119        12.89581         2.2575782         1.8427         1.8326         6.593120        18.17795
        120        12.88902         2.2536346         1.8427         1.8326         6.595379        18.14646
        121        12.89393         2.2549817         1.8457         1.8356         6.594289        18.15598
        122        12.90592         2.2591947         1.8397         1.8295         6.591293        18.18735
        123        12.92113         2.2630319         1.8367         1.8266         6.588040        18.21386
        124        12.93690         2.2648251         1.8336         1.8235         6.585459        18.22209
        125        12.94975         2.2631743         1.8305         1.8204         6.584476        18.20140
        126        12.95843         2.2562630         1.8336         1.8235         6.585900        18.13647
        127        12.96177         2.2478817         1.8336         1.8236         6.588506        18.06120
        128        12.95958         2.2354692         1.8368         1.8267         6.593242        17.95318
        129        12.95418         2.2215218         1.8367         1.8266         6.598929        17.83325
        130        12.95145         2.2145893         1.8428         1.8327         6.601763        17.77369
        131        12.95364         2.2168159         1.8427         1.8326         6.600691        17.79220
        132        12.96152         2.2227206         1.8397         1.8296         6.597592        17.84033
        133        12.97439         2.2190757         1.8369         1.8268         6.597315        17.80232
        134        12.98714         2.2069463         1.8338         1.8237         6.600102        17.69003
        135        12.99437         2.1929354         1.8337         1.8236         6.604243        17.56395
        136        12.99455         2.1768823         1.8398         1.8297         6.609988        17.42338
        137        12.98957         2.1606858         1.8369         1.8268         6.616428        17.28401
        138        12.98259         2.1455320         1.8428         1.8327         6.622745        17.15475
        139        12.97682         2.1360678         1.8398         1.8297         6.626869        17.07468
        140        12.97609         2.1354549         1.8368         1.8267         6.627180        17.06965
        141        12.98180         2.1392621         1.8430         1.8328         6.625098        17.10034
        142        12.99358         2.1313704         1.8338         1.8237         6.626463        17.02616
        143        13.00724         2.1189614         1.8399         1.8298         6.629210        16.91184
        144        13.01545         2.1113789         1.8339         1.8238         6.630905        16.84212
        145        13.01587         2.0963430         1.8400         1.8299         6.636249        16.71099
        146        13.01338         2.0895297         1.8493         1.8391         6.639007        16.65278
        147        13.01265         2.0953067         1.8401         1.8300         6.637025        16.70338
        148        13.01800         2.1101044         1.8400         1.8299         6.631043        16.82989
        149        13.03113         2.1155628         1.8339         1.8238         6.627440        16.87163
        150        13.04676         2.1048218         1.8340         1.8239         6.629334        16.77121
        151        13.05795         2.0897589         1.8310         1.8209         6.633326        16.63530
        152        13.06349         2.0804050         1.8340         1.8239         6.635980        16.55161
        153        13.06544         2.0755842         1.8340         1.8239         6.637460        16.50890
        154        13.06568         2.0719804         1.8371         1.8270         6.638720        16.47750
        155        13.06544         2.0680862         1.8370         1.8269         6.640145        16.44380
        156        13.06471         2.0677672         1.8402         1.8301         6.640351        16.44134
        157        13.06580         2.0789397         1.8432         1.8331         6.636213        16.53788
        158        13.07250         2.1067157         1.8433         1.8331         6.625432        16.77636
        159        13.08528         2.1359487         1.8311         1.8210         6.613379        17.02509
        160        13.09624         2.1498995         1.8342         1.8241         6.607027        17.14169
        161        13.10099         2.1432862         1.8250         1.8150         6.608800        17.08196
        162        13.10130         2.1207358         1.8250         1.8150         6.616820        16.88558
        163        13.09837         2.0884032         1.8312         1.8211         6.628739        16.60590
        164        13.09460         2.0727093         1.8312         1.8211         6.634822        16.47133
        165        13.09496         2.0742157         1.8464         1.8362         6.634238        16.48424
        166        13.10008         2.0842054         1.8403         1.8302         6.630025        16.56871
        167        13.10916         2.1006553         1.8313         1.8212         6.623011        16.70759
        168        13.11994         2.1063248         1.8343         1.8242         6.619638        16.75210
        169        13.12823         2.0979773         1.8403         1.8302         6.621580        16.67599
        170        13.13244         2.0842051         1.8313         1.8212         6.625967        16.55466
        171        13.13353         2.0769098         1.8344         1.8243         6.628431        16.49093
        172        13.13250         2.0740558         1.8344         1.8243         6.629579        16.46664
        173        13.13055         2.0692932         1.8374         1.8273         6.631523        16.42620
        174        13.12726         2.0662938         1.8345         1.8244         6.633007        16.40163
        175        13.12043         2.0651084         1.8376         1.8275         6.634289        16.39429
        176        13.11050         2.0645875         1.8436         1.8335         6.635724        16.39404
        177        13.10166         2.0650181         1.8406         1.8304         6.636682        16.40158
        178        13.09636         2.0632058         1.8376         1.8275         6.637996        16.38814
        179        13.09356         2.0573153         1.8437         1.8336         6.640455        16.33827
        180        13.09021         2.0532447         1.8346         1.8245         6.642332        16.30443
        181        13.08357         2.0520935         1.8407         1.8306         6.643581        16.29728
        182        13.07548         2.0512980         1.8285         1.8184         6.644887        16.29385
        183        13.06842         2.0472472         1.8315         1.8215         6.647227        16.26175
        184        13.06093         2.0410438         1.8316         1.8216         6.650394        16.21116
        185        13.04937         2.0378148         1.8348         1.8247         6.653013        16.18808
        186        13.03460         2.0343865         1.8347         1.8246         6.656112        16.16463
        187        13.02219         2.0303205         1.8348         1.8247         6.659142        16.13463
        188        13.01393         2.0251428         1.8379         1.8277         6.662049        16.09323
        189        13.00803         2.0228090         1.8378         1.8277         6.663635        16.07548
        190        13.00153         2.0217216         1.8439         1.8338         6.664851        16.06879
        191        12.99497         2.0214736         1.8471         1.8369         6.665774        16.06941
        192        12.98580         2.0225769         1.8440         1.8339         6.666543        16.08285
        193        12.97627         2.0236539         1.8441         1.8339         6.667367        16.09623
        194        12.97087         2.0224978         1.8349         1.8248         6.668469        16.08848
        195        12.96753         2.0201650         1.8441         1.8340         6.669733        16.06964
        196        12.96183         2.0201650         1.8411         1.8310         6.670459        16.07205
        197        12.94890         2.0234060         1.8381         1.8280         6.670936        16.10566
        198        12.92695         2.0257719         1.8411         1.8309         6.672877        16.13551
        199        12.89520         2.0283554         1.8411         1.8310         6.675986        16.17147
        200        12.85797         2.0309031         1.8351         1.8250         6.679808        16.20951
        201        12.82573         2.0333143         1.8443         1.8341         6.683044        16.24429
        202        12.80458         2.0322357         1.8351         1.8250         6.686133        16.24394
        203        12.78954         2.0320402         1.8381         1.8280         6.688124        16.24867
        204        12.76931         2.0369858         1.8382         1.8281         6.688909        16.30052
        205        12.73746         2.0434291         1.8383         1.8282         6.690631        16.37055
        206        12.69912         2.0471596         1.8414         1.8313         6.694167        16.41977
        207        12.66540         2.0497946         1.8353         1.8252         6.697513        16.45748
        208        12.64326         2.0527702         1.8353         1.8252         6.699255        16.49320
        209        12.63309         2.0542877         1.8383         1.8282         6.699999        16.51094
        210        12.62985         2.0514229         1.8353         1.8253         6.701464        16.48723
        211        12.62618         2.0554606         1.8385         1.8284         6.700454        16.52425
        212        12.61211         2.0694988         1.8353         1.8252         6.697106        16.65368
        213        12.58502         2.0881772         1.8386         1.8285         6.693709        16.82991
        214        12.55602         2.0988363         1.8538         1.8436         6.693485        16.93673
        215        12.53017         2.0988845         1.8538         1.8436         6.696760        16.94874
        216        12.51764         2.0943166         1.8538         1.8436         6.700039        16.91407
        217        12.52202         2.0903816         1.8447         1.8346         6.700931        16.87742
        218        12.53479         2.0901307         1.8447         1.8346         6.699394        16.86950
        219        12.54744         2.0903814         1.8356         1.8255         6.697687        16.86607
        220        12.55758         2.0904508         1.8356         1.8255         6.696369        16.86215
        221        12.56407         2.0959775         1.8356         1.8255         6.693512        16.90794
        222        12.56154         2.1076237         1.8387         1.8286         6.689552        17.01171
        223        12.54708         2.1171954         1.8419         1.8318         6.687869        17.10265
        224        12.52741         2.1193133         1.8479         1.8378         6.689588        17.13025
        225        12.51296         2.0819862         1.8479         1.8378         6.705180        16.80745
        226        12.50913         2.0553711         1.8449         1.8347         6.715481        16.57470
        227        12.51117         2.0588590         1.8358         1.8257         6.713934        16.60451
        228        12.50931         2.1013758         1.8481         1.8379         6.698500        16.98009
        229        12.49475         2.0948028         1.8480         1.8379         6.702781        16.92862
        230        12.46858         2.1116183         1.8480         1.8379         6.699910        17.08893
        231        12.43836         2.1860050         1.8482         1.8380         6.676239        17.76200
        232        12.41061         2.1950176         1.8451         1.8350         6.676398        17.85520
        233        12.39006         2.2005768         1.8420         1.8319         6.676927        17.91441
        234        12.37704         2.2038418         1.8452         1.8351         6.677355        17.94967
        235        12.36946         2.2088266         1.8391         1.8290         6.676459        17.99769
        236        12.36444         2.2197392         1.8423         1.8321         6.673038        18.09735
        237        12.35549         2.2365385         1.8422         1.8320         6.667921        18.25152
        238        12.33777         2.2545532         1.8453         1.8352         6.663444        18.42106
        239        12.31064         2.2656196         1.8484         1.8383         6.662719        18.53335
        240        12.28049         2.2608162         1.8515         1.8413         6.668280        18.50518
        241        12.26429         2.2379429         1.8485         1.8383         6.678847        18.30836
        242        12.26787         2.2157646         1.8515         1.8413         6.686677        18.10831
        243        12.27680         2.2062991         1.8424         1.8323         6.689082        18.01946
        244        12.28120         2.2055707         1.8303         1.8202         6.688797        18.01085
        245        12.28621         2.2082073         1.8333         1.8232         6.687182        18.03200
        246        12.29598         2.2189335         1.8365         1.8264         6.681951        18.12309
        247        12.30355         2.2372270         1.8364         1.8263         6.674183        18.28288
        248        12.30033         2.2520238         1.8457         1.8356         6.669073        18.41676
        249        12.29103         2.2543783         1.8426         1.8325         6.669360        18.44238
        250        12.28460         2.2460104         1.8487         1.8385         6.673287        18.37064
        251        12.28537         2.2307580         1.8427         1.8325         6.678877        18.23386
        252        12.29312         2.2178389         1.8457         1.8355         6.682720        18.11468
        253        12.30420         2.2119819         1.8488         1.8386         6.683506        18.05706
        254        12.31636         2.2082669         1.8459         1.8357         6.683356        18.01808
        255        12.33001         2.2070054         1.8427         1.8326         6.682105        18.00030
        256        12.34642         2.2074511         1.8366         1.8265         6.679871        17.99644
        257        12.36373         2.2098219         1.8397         1.8296         6.676811        18.00930
        258        12.37895         2.2173482         1.8369         1.8268         6.672102        18.06907
        259        12.38904         2.2229373         1.8460         1.8358         6.668761        18.11403
        260        12.39299         2.2241636         1.8490         1.8388         6.667811        18.12306
        261        12.39520         2.2214496         1.8460         1.8359         6.668540        18.09782
        262        12.40087         2.2165422         1.8522         1.8420         6.669647        18.05139
        263        12.41181         2.2149579         1.8461         1.8360         6.668860        18.03205
        264        12.42658         2.2136679         1.8430         1.8329         6.667484        18.01351
        265        12.44847         2.2115021         1.8431         1.8330         6.665537        17.98380
        266        12.48019         2.2100386         1.8432         1.8331         6.662097        17.95569
        267        12.51704         2.2106748         1.8462         1.8361         6.657243        17.94382
        268        12.55446         2.2100109         1.8371         1.8270         6.652801        17.92017
        269        12.59175         2.2081670         1.8433         1.8332         6.648815        17.88618
        270        12.63718         2.2077535         1.8403         1.8302         6.643288        17.86105
        271        12.69274         2.2076117         1.8403         1.8302         6.636408        17.83361
        272        12.74379         2.2073341         1.8432         1.8331         6.630148        17.80715
        273        12.78169         2.2073392         1.8404         1.8303         6.625431        17.78941
        274        12.80990         2.2077033         1.8434         1.8333         6.621792        17.77939
        275        12.83547         2.2082469         1.8466         1.8364         6.618420        17.77220
        276        12.86172         2.2083391         1.8498         1.8396         6.615129        17.76073
        277        12.88696         2.2085564         1.8496         1.8395         6.611920        17.75084
        278        12.91077         2.2086596         1.8466         1.8364         6.608934        17.74063
        279        12.93605         2.2106935         1.8467         1.8365         6.605071        17.74669
        280        12.96395         2.2131525         1.8376         1.8275         6.600735        17.75524
        281        12.99212         2.2137890         1.8406         1.8305         6.597027        17.74768
        282        13.01788         2.2140065         1.8377         1.8276         6.593771        17.73758
        283        13.03928         2.2144907         1.8408         1.8306         6.590958        17.73186
        284        13.05740         2.2143926         1.8377         1.8276         6.588760        17.72257
        285        13.07256         2.2126620         1.8408         1.8306         6.587513        17.70038
        286        13.08315         2.2104966         1.8468         1.8367         6.586982        17.67653
        287        13.08814         2.2102301         1.8469         1.8368         6.586463        17.67188
        288        13.09173         2.2142454         1.8530         1.8428         6.584585        17.70532
        289        13.09825         2.2171470         1.8500         1.8399         6.582746        17.72766
        290        13.11074         2.2169998         1.8470         1.8368         6.581263        17.72057
        291        13.13329         2.2165859         1.8380         1.8279         6.578639        17.70648
        292        13.17166         2.2161228         1.8348         1.8247         6.574091        17.68464
        293        13.21374         2.2146854         1.8350         1.8249         6.569440        17.65264
        294        13.23923         2.2122255         1.8351         1.8250         6.567188        17.61944
        295        13.24785         2.2116161         1.8381         1.8280         6.566348        17.61016
        296        13.25128         2.2109850         1.8443         1.8341         6.566152        17.60309
        297        13.24981         2.2106260         1.8473         1.8372         6.566459        17.60064
        298        13.24449         2.2111809         1.8502         1.8401         6.566914        17.60792
        299        13.24430         2.2121275         1.8474         1.8372         6.566601        17.61625
        300        13.25507         2.2150498         1.8475         1.8373         6.564246        17.63672
        301        13.27275         2.2146578         1.8473         1.8372         6.562220        17.62516
        302        13.28916         2.2130304         1.8444         1.8343         6.560788        17.60344
        303        13.30833         2.2126875         1.8444         1.8343         6.558564        17.59164
        304        13.33119         2.2130737         1.8415         1.8314         6.555633        17.58449
        305        13.35639         2.2131497         1.8384         1.8283         6.552526        17.57357
        306        13.37910         2.2118817         1.8385         1.8284         6.550201        17.55215
        307        13.39248         2.2105434         1.8385         1.8284         6.549038        17.53441
        308        13.39562         2.2100103         1.8446         1.8344         6.548844        17.52836
        309        13.39506         2.2099831         1.8417         1.8315         6.548921        17.52837
        310        13.39654         2.2108044         1.8478         1.8376         6.548452        17.53482
        311        13.40446         2.2132473         1.8539         1.8437         6.546626        17.55237
        312        13.41871         2.2140036         1.8509         1.8407         6.544622        17.55240
        313        13.43224         2.2155493         1.8448         1.8347         6.542432        17.55961
        314        13.44742         2.2158051         1.8449         1.8348         6.540492        17.55487
        315        13.46730         2.2155110         1.8327         1.8227         6.538177        17.54323
        316        13.48545         2.2144930         1.8388         1.8287         6.536325        17.52611
        317        13.49580         2.2132684         1.8389         1.8288         6.535495        17.51080
        318        13.49912         2.2127568         1.8420         1.8318         6.535270        17.50485
        319        13.50005         2.2125718         1.8450         1.8349         6.535222        17.50283
        320        13.50091         2.2128548         1.8421         1.8320         6.535018        17.50488
        321        13.50251         2.2141445         1.8482         1.8380         6.534372        17.51531
        322        13.50664         2.2149990         1.8483         1.8381         6.533572        17.52081
        323        13.51237         2.2142696         1.8482         1.8381         6.533130        17.51189
        324        13.51705         2.2133172         1.8452         1.8350         6.532894        17.50152
        325        13.52309         2.2127730         1.8331         1.8230         6.532350        17.49407
        326        13.53382         2.2122723         1.8362         1.8261         6.531222        17.48485
        327        13.54387         2.2115160         1.8423         1.8321         6.530265        17.47374
        328        13.54886         2.2106456         1.8393         1.8292         6.529962        17.46395
        329        13.54948         2.2103518         1.8424         1.8323         6.529990        17.46113
        330        13.54862         2.2105422         1.8394         1.8293         6.530028        17.46317
        331        13.54837         2.2112875         1.8456         1.8354         6.529798        17.46972
        332        13.55047         2.2115921         1.8487         1.8385         6.529437        17.47139
        333        13.55343         2.2115649         1.8456         1.8355         6.529087        17.46981
        334        13.55559         2.2111786         1.8457         1.8355         6.528960        17.46549
        335        13.55707         2.2106238         1.8488         1.8387         6.528973        17.46003
        336        13.55799         2.2098895         1.8487         1.8386         6.529117        17.45327
        337        13.55972         2.2093021         1.8457         1.8356         6.529112        17.44741
        338        13.56126         2.2089758         1.8427         1.8326         6.529039        17.44389
        339        13.56231         2.2087202         1.8428         1.8327         6.529001        17.44121
        340        13.56305         2.2085516         1.8459         1.8357         6.528969        17.43942
        341        13.56361         2.2083776         1.8459         1.8357         6.528963        17.43767
        342        13.56404         2.2082362         1.8490         1.8389         6.528960        17.43625
        343        13.56453         2.2081601         1.8522         1.8420         6.528926        17.43537
        344        13.56496         2.2079697         1.8522         1.8420         6.528940        17.43353
        345        13.56737         2.2076489         1.8522         1.8420         6.528760        17.42967
        346        13.57138         2.2072357         1.8401         1.8300         6.528417        17.42428
        347        13.57576         2.2068007         1.8400         1.8299         6.528036        17.41854
        348        13.57959         2.2063930         1.8433         1.8331         6.527713        17.41329
        349        13.58175         2.2061701         1.8403         1.8301         6.527529        17.41039
        350        13.58218         2.2062897         1.8432         1.8331         6.527434        17.41122
        351        13.58107         2.2064854         1.8555         1.8453         6.527501        17.41341
        352        13.57891         2.2065561         1.8555         1.8453         6.527739        17.41500
        353        13.57632         2.2063659         1.8556         1.8454         6.528120        17.41453
        354        13.57459         2.2058875         1.8556         1.8454         6.528497        17.41119
        355        13.57447         2.2056592         1.8527         1.8425         6.528591        17.40928
        356        13.57657         2.2050777         1.8435         1.8333         6.528539        17.40331
        357        13.57780         2.2047624         1.8466         1.8365         6.528499        17.40003
        358        13.57743         2.2045885         1.8405         1.8304         6.528605        17.39870
        359        13.57650         2.2046918         1.8467         1.8365         6.528681        17.40001
        360        13.57434         2.2051048         1.8498         1.8396         6.528800        17.40455
        361        13.57292         2.2053168         1.8529         1.8427         6.528898        17.40702
        362        13.57175         2.2051483         1.8529         1.8427         6.529099        17.40610
        363        13.57052         2.2048603         1.8561         1.8459         6.529350        17.40417
        364        13.56947         2.2045397         1.8470         1.8368         6.529589        17.40188
        365        13.56897         2.2042299         1.8500         1.8398         6.529757        17.39943
        366        13.56910         2.2040126         1.8440         1.8339         6.529818        17.39750
        367        13.56897         2.2038387         1.8348         1.8247         6.529893        17.39606
        368        13.56867         2.2038332         1.8410         1.8308         6.529933        17.39615
        369        13.56805         2.2040615         1.8411         1.8310         6.529928        17.39840
        370        13.56663         2.2041539         1.8410         1.8309         6.530068        17.39984
        371        13.56435         2.2044039         1.8473         1.8371         6.530259        17.40303
        372        13.55947         2.2043767         1.8503         1.8401         6.530861        17.40500
        373        13.55151         2.2043279         1.8534         1.8432         6.531845        17.40819
        374        13.54374         2.2043007         1.8473         1.8371         6.532799        17.41148
        375        13.53881         2.2041975         1.8536         1.8434         6.533435        17.41282
        376        13.53641         2.2040834         1.8535         1.8433         6.533768        17.41293
        377        13.53493         2.2040128         1.8474         1.8373         6.533972        17.41299
        378        13.53363         2.2039476         1.8475         1.8373         6.534153        17.41301
        379        13.53240         2.2038661         1.8414         1.8313         6.534331        17.41287
        380        13.53092         2.2037194         1.8415         1.8314         6.534562        17.41227
        381        13.52864         2.2034912         1.8416         1.8314         6.534920        17.41134
        382        13.52093         2.2034532         1.8416         1.8314         6.535870        17.41450
        383        13.47776         2.2034535         1.8600         1.8498         6.541128        17.43411
        384        13.41871         2.2033833         1.8600         1.8498         6.548355        17.46037
        385        13.38352         2.2034270         1.8539         1.8437         6.552638        17.47680
        386        13.37683         2.2033565         1.8509         1.8407         6.553481        17.47924
        387        13.38321         2.2033564         1.8417         1.8316         6.552700        17.47633
        388        13.38389         2.2031988         1.8418         1.8317         6.552673        17.47465
        389        13.37345         2.2029924         1.8357         1.8256         6.554021        17.47763
        390        13.35259         2.2029926         1.8419         1.8318         6.556573        17.48715
        391        13.32494         2.2027755         1.8480         1.8379         6.560034        17.49790
        392        13.28824         2.1995494         1.8482         1.8380         6.565670        17.48666
        393        13.25164         2.1919952         1.8542         1.8440         6.572839        17.43770
        394        13.23470         2.1876848         1.8573         1.8471         6.576451        17.40793
        395        13.23482         2.1877065         1.8573         1.8471         6.576428        17.40807
        396        13.24082         2.1919356         1.8635         1.8532         6.574191        17.44212
        397        13.24858         2.1967754         1.8513         1.8412         6.571520        17.48067
        398        13.25758         2.1994573         1.8484         1.8382         6.569465        17.49989
        399        13.26376         2.1983007         1.8392         1.8291         6.569116        17.48700
        400        13.26553         2.1908128         1.8393         1.8292         6.571551        17.42109
        401        13.26247         2.1808371         1.8455         1.8353         6.575461        17.33579
        402        13.25085         2.1740565         1.8456         1.8354         6.579296        17.28214
        403        13.23984         2.1696122         1.8486         1.8384         6.582229        17.24850
        404        13.23531         2.1657434         1.8517         1.8416         6.584160        17.21693
        405        13.23097         2.1646308         1.8517         1.8415         6.585091        17.20922
        406        13.22474         2.1628489         1.8518         1.8416         6.586494        17.19654
        407        13.21551         2.1612078         1.8578         1.8476         6.588217        17.18643
        408        13.19828         2.1621364         1.8518         1.8416         6.590017        17.20226
        409        13.17465         2.1628762         1.8488         1.8386         6.592676        17.21935
        410        13.15671         2.1645827         1.8488         1.8387         6.594289        17.24230
        411        13.14835         2.1643722         1.8459         1.8358         6.595398        17.24424
        412        13.14500         2.1601126         1.8490         1.8388         6.597332        17.20867
        413        13.13872         2.1598536         1.8491         1.8389         6.598203        17.20925
        414        13.12683         2.1593519         1.8461         1.8359         6.599855        17.21024
        415        13.10501         2.1606850         1.8430         1.8329         6.602084        17.23171
        416        13.06537         2.1618512         1.8492         1.8391         6.606586        17.25981
        417        13.01332         2.1624454         1.8491         1.8389         6.612841        17.28860
        418        12.96067         2.1629425         1.8492         1.8391         6.619213        17.31688
        419        12.91101         2.1641848         1.8493         1.8391         6.624954        17.35040
        420        12.85900         2.1665780         1.8464         1.8362         6.630579        17.39516
        421        12.80228         2.1684479         1.8463         1.8361         6.636986        17.43760
        422        12.74874         2.1690698         1.8524         1.8422         6.643460        17.46770
        423        12.70774         2.1728922         1.8586         1.8484         6.647202        17.52029
        424        12.66119         2.2767240         1.9197         1.9091         6.615076        18.46051
        425        12.55380         2.3701496         2.0568         2.0455         6.594016        19.34621
        426        12.42706         2.3984335         2.2276         2.2153         6.599055        19.66515
        427        12.30998         2.4573057         2.4134         2.4002         6.591453        20.25763
        428        12.19192         2.5165451         2.6086         2.5942         6.583621        20.85921
        429        12.09514         2.5478167         2.8159         2.8004         6.583539        21.19834
        430        12.02995         2.5564091         3.0566         3.0398         6.588142        21.31380
        431        11.97977         2.5869192         3.2914         3.2733         6.582644        21.62211
        432        11.94995         2.6285989         3.5504         3.5309         6.570438        22.02247
        433        11.94351         2.6298132         3.8096         3.7887         6.570747        22.03736
        434        11.96081         2.6437041         4.0718         4.0494         6.563435        22.15495
        435        11.96081         2.6596766         4.3401         4.3162         6.557396        22.30198
        436        11.94322         2.6644510         4.5992         4.5739         6.557675        22.35642
        437        11.92428         2.6805563         4.8582         4.8315         6.553818        22.51630
        438        11.89456         2.7025346         5.1234         5.0952         6.548993        22.73732
        439        11.85745         2.7122356         5.3916         5.3620         6.549682        22.84968
        440        11.80903         2.7197130         5.6569         5.6257         6.552541        22.94864
        441        11.71483         2.7266124         5.9160         5.8834         6.561006        23.07081
        442        11.59701         2.7352838         6.1780         6.1440         6.571581        23.22484
        443        11.48854         2.7650534         6.4342         6.3988         6.572881        23.57171
        444        11.43588         2.7978559         6.6812         6.6444         6.566356        23.91346
        445        11.35209         2.8193272         6.9433         6.9050         6.567831        24.17007
        446        11.21209         2.8246745         7.1933         7.1536         6.582167        24.31234
        447        11.07549         2.8311303         7.4553         7.4142         6.595695        24.46384
        448        10.97904         2.8413259         7.7084         7.6660         6.603019        24.62520
        449        10.92669         2.8504803         7.9614         7.9175         6.605549        24.74771
        450        10.91234         2.8639873         8.2205         8.1751         6.601859        24.88654
        451        10.90579         2.8730548         8.4857         8.4389         6.599016        24.97771
        452        10.86094         2.8754806         8.7601         8.7118         6.603320        25.03140
        453        10.79278         2.8788398         9.0222         8.9725         6.609992        25.11011
        454        10.73349         2.8858789         9.2783         9.2271         6.614144        25.21843
        455        10.68724         2.9001493         9.5373         9.4847         6.613839        25.38783
        456        10.65461         2.9198458         9.7934         9.7393         6.609723        25.60067
        457        10.62110         2.9334860        10.0556        10.0001         6.608138        25.75603
        458        10.56123         2.9410625        10.3177        10.2607         6.612080        25.87164
        459        10.47942         2.9454328        10.5799        10.5215         6.619887        25.97206
        460        10.39801         2.9508429        10.8389        10.7791         6.627225        26.08274
        461        10.32379         2.9610091        11.1011        11.0398         6.631769        26.23519
        462        10.26415         2.9750659        11.3571        11.2944         6.632983        26.41578
        463        10.23662         3.0132671        11.6222        11.5580         6.620463        26.81050
        464        10.24880         3.0580435        11.8783        11.8127         6.600611        27.24143
        465        10.26483         3.0837750        12.1374        12.0704         6.588185        27.48249
        466        10.24559         3.0988158        12.3906        12.3221         6.584210        27.64514
        467        10.18478         3.1078418        12.6466        12.5767         6.587459        27.78050
        468        10.11085         3.1121928        12.9118        12.8404         6.594134        27.88014
        469        10.02933         3.1123045        13.1739        13.1011         6.603446        27.94395
        470         9.94737         3.1154080        13.4330        13.3588         6.611576        28.03808
        471         9.86223         3.1299464        13.6800        13.6044         6.615281        28.24912
        472         9.78819         3.1467042        13.9420        13.8650         6.616743        28.47462
        473         9.73462         3.1578930        14.2073        14.1288         6.618176        28.62901
        474         9.68895         3.1578626        14.4571        14.3772         6.623432        28.66493
        475         9.59334         3.1510463        14.7193        14.6379         6.637321        28.67252
        476         9.45324         3.1520002        14.9631        14.8804         6.653080        28.79416
        477         9.29818         3.1571737        15.2101        15.1260         6.668799        28.97148
        478         9.15760         3.1626847        15.4723        15.3868         6.682717        29.14173
        479         9.05208         3.1691038        15.7254        15.6384         6.692179        29.29362
