Salinity, Practical [PSU]	Temperature [ITS-90, deg C]	Depth [salt water, m]
0.02094	16.93333	-0.1935
0.02094	16.93102	-0.1904
0.02091	16.92789	-0.1904
0.02112	16.92198	-0.1905
0.02148	16.91703	-0.1904
0.02159	16.91078	-0.1904
0.02166	16.90385	-0.1905
0.02174	16.89937	-0.1905
0.02171	16.89802	-0.1874
0.02174	16.89761	-0.1904
0.02177	16.89625	-0.1905
0.02179	16.89327	-0.1904
0.02182	16.88506	-0.1875
0.02188	16.87244	-0.1935
0.02182	16.85983	-0.1965
0.02193	16.85291	-0.1904
0.02188	16.85115	-0.1874
0.02182	16.84919	-0.1875
0.02184	16.84342	-0.1844
0.02187	16.82818	-0.1934
0.02188	16.81193	-0.1935
0.02188	16.80029	-0.1844
0.02194	16.79034	-0.1844
0.02188	16.78533	-0.1844
0.02194	16.78351	-0.1875
0.02193	16.78087	-0.1904
0.02188	16.77769	-0.1844
0.02195	16.77323	-0.1874
0.02198	16.76917	-0.1844
0.02198	16.76775	-0.1904
0.02202	16.76931	-0.1844
0.02202	16.77147	-0.1843
0.02205	16.77363	-0.1874
0.02198	16.77302	-0.1873
0.02202	16.77438	-0.1843
0.02198	16.77708	-0.1873
0.02198	16.78053	-0.1874
0.02202	16.78317	-0.1873
0.02193	16.78439	-0.1813
0.02198	16.78479	-0.1874
0.04638	16.72329	-0.1722
0.05187	15.61005	-0.1753
0.04853	14.29673	-0.1813
0.04716	13.78612	-0.1783
0.04620	13.63230	-0.1782
0.04536	13.59010	-0.1783
0.04458	13.58763	-0.1722
0.04399	13.60029	-0.1843
0.65317	13.61666	-0.1419
16.20105	13.21475	-0.0662
27.48811	12.35927	0.0308
28.14202	11.69360	0.1155
28.53523	11.19746	0.2337
28.90275	10.82149	0.4033
29.21545	10.55461	0.5639
29.47467	10.38175	0.6911
29.63174	10.27984	0.7728
29.70220	10.22286	0.8031
29.80332	10.26014	0.7910
29.73937	10.31734	0.8334
29.65470	10.34877	0.9303
29.63674	10.32717	1.0546
29.73838	10.27244	1.1818
29.95518	10.22670	1.2574
29.99693	10.23955	1.2907
29.99215	10.34227	1.3090
29.94118	10.45365	1.2998
29.82535	10.52824	1.2877
29.75465	10.53699	1.2513
29.72974	10.46454	1.2120
29.73882	10.38192	1.1696
29.74806	10.31491	1.1424
29.76882	10.26003	1.1454
29.80854	10.21430	1.1727
29.88572	10.17825	1.2121
30.09302	10.15905	1.2484
30.28140	10.17121	1.2666
30.29461	10.18033	1.2726
30.27908	10.21091	1.2636
30.08578	10.23487	1.2455
29.93099	10.23329	1.2333
29.89664	10.20697	1.2333
29.93292	10.18534	1.2363
29.98263	10.18022	1.2333
30.03262	10.17588	1.2273
30.01264	10.15629	1.2242
29.97547	10.12570	1.2212
30.00928	10.09759	1.2242
30.06467	10.08046	1.2091
30.10929	10.07844	1.1909
30.04152	10.07990	1.1758
29.95828	10.07080	1.1758
29.94144	10.05958	1.1940
29.95231	10.06182	1.2364
30.04436	10.08451	1.2636
30.30874	10.12795	1.3030
30.33046	10.15252	1.3121
30.39449	10.16096	1.3122
30.34820	10.19874	1.2939
30.26543	10.22066	1.2667
30.15555	10.24040	1.2183
30.05963	10.25134	1.1577
29.94485	10.24181	1.1032
29.83752	10.20066	1.0608
29.76499	10.16001	1.0457
29.73303	10.14161	1.0941
29.73469	10.13379	1.1970
29.85052	10.12570	1.3031
30.25925	10.12350	1.3879
30.41607	10.12513	1.4243
30.20657	10.24919	1.4243
30.00482	10.47084	1.3698
29.78347	10.65955	1.2789
29.66334	10.78452	1.1911
29.64860	10.82871	1.0972
29.68257	10.75695	1.0366
29.74542	10.64154	1.0124
29.80661	10.53239	1.0397
29.79292	10.44843	1.0973
29.74901	10.37253	1.1760
29.78243	10.29463	1.2639
30.00245	10.23673	1.3486
30.21034	10.22190	1.3941
30.31747	10.20421	1.4153
30.26527	10.27222	1.4063
30.13035	10.42882	1.3729
30.00717	10.58152	1.2942
29.90509	10.70000	1.2124
29.79415	10.77525	1.1185
29.69635	10.82338	1.0428
29.67244	10.85323	1.0004
29.66383	10.80225	1.0217
29.55666	10.67883	1.0822
29.51242	10.55439	1.1731
29.56362	10.44067	1.2640
29.82670	10.35867	1.3427
30.06119	10.31237	1.3822
30.19677	10.27374	1.3973
30.18448	10.32644	1.3730
30.11128	10.43256	1.3337
30.02497	10.52705	1.2671
29.89168	10.58801	1.1974
29.77684	10.63162	1.1369
29.73351	10.65613	1.1006
29.76048	10.62530	1.0976
29.80317	10.57060	1.1097
29.87434	10.53404	1.1339
29.96670	10.53512	1.1703
29.99814	10.55854	1.2127
30.01029	10.56371	1.2702
30.02503	10.54364	1.3066
30.04561	10.53693	1.3157
30.01846	10.58066	1.3096
29.97412	10.65226	1.2975
29.92028	10.71256	1.2733
29.84708	10.75672	1.2522
29.81581	10.78171	1.2370
29.83767	10.78915	1.2400
29.90142	10.79018	1.2370
29.90089	10.79962	1.2340
29.87831	10.81187	1.2008
29.84633	10.85541	1.1735
29.80068	10.91156	1.1281
29.70165	10.95406	1.1008
29.62564	10.95199	1.0978
29.56000	10.89285	1.1463
29.52229	10.74501	1.2039
29.59902	10.59768	1.2766
29.88451	10.49984	1.3373
30.06792	10.45320	1.3796
30.16176	10.41414	1.3978
30.09938	10.48491	1.3706
29.98781	10.61300	1.3130
29.85810	10.73695	1.2343
29.70224	10.82957	1.1465
29.62203	10.87186	1.0799
29.61077	10.89888	1.0405
29.58133	10.86653	1.0527
29.48874	10.73381	1.1133
29.47552	10.58641	1.2011
29.58192	10.45813	1.2769
29.91499	10.37292	1.3375
30.13645	10.31350	1.3466
30.17528	10.31429	1.3375
30.08681	10.41720	1.2982
29.90516	10.52404	1.2437
29.74826	10.59370	1.2104
29.67803	10.62798	1.1953
29.71066	10.62433	1.1983
29.84559	10.58977	1.1984
29.90767	10.56741	1.2044
29.95425	10.55643	1.1984
29.91349	10.58209	1.1893
29.81345	10.62980	1.1803
29.74009	10.65727	1.1894
29.74055	10.65049	1.2137
29.83306	10.60913	1.2410
29.91665	10.58903	1.2683
29.94773	10.58379	1.2864
29.95619	10.59751	1.3015
29.90905	10.64724	1.2956
29.84332	10.70160	1.2895
29.80888	10.73061	1.2774
29.80604	10.74198	1.2502
29.81526	10.74461	1.2229
29.80738	10.74695	1.1837
29.77526	10.74478	1.1534
29.73626	10.72872	1.1413
29.73434	10.70480	1.1474
29.77155	10.65716	1.1747
29.89141	10.58909	1.2050
29.97516	10.56201	1.2354
29.99911	10.55581	1.2566
30.00775	10.57054	1.2656
29.96013	10.62034	1.2748
29.88647	10.67484	1.2870
29.83330	10.71433	1.2930
29.82613	10.73284	1.2930
29.85691	10.74061	1.2871
29.87432	10.75238	1.2688
29.87555	10.75884	1.2326
29.84681	10.76633	1.1932
29.77324	10.77605	1.1629
29.70352	10.77348	1.1387
29.66187	10.73204	1.1540
29.72010	10.62439	1.1752
29.88656	10.52375	1.2086
30.00676	10.49104	1.2328
30.08715	10.45830	1.2329
30.04706	10.47855	1.2329
29.89456	10.54574	1.2360
29.78888	10.58061	1.2541
29.79298	10.57412	1.2876
29.91975	10.56041	1.3087
29.99410	10.54404	1.3209
30.02440	10.54989	1.3089
29.95550	10.63880	1.2695
29.81351	10.73512	1.2241
29.69457	10.78955	1.1726
29.63457	10.80489	1.1363
29.64336	10.78429	1.1334
29.69400	10.71399	1.1425
29.78008	10.61471	1.1667
29.89696	10.54444	1.2001
29.95370	10.53580	1.2364
29.97975	10.53352	1.2698
29.99628	10.54239	1.2911
29.95508	10.58840	1.3032
29.89095	10.63635	1.3094
29.84650	10.67324	1.2912
29.83306	10.68956	1.2731
29.83747	10.69013	1.2519
29.83140	10.68710	1.2307
29.80927	10.67929	1.1975
29.78417	10.65522	1.1824
29.79886	10.61738	1.1824
29.86455	10.59876	1.1885
29.92084	10.59632	1.1976
29.95200	10.58596	1.2007
29.95653	10.59791	1.1977
29.87814	10.64182	1.1977
29.78884	10.66776	1.2008
29.72292	10.67176	1.2341
29.71200	10.65414	1.2797
29.81707	10.59142	1.3221
29.93835	10.55245	1.3554
30.01652	10.53887	1.3615
29.98509	10.59495	1.3252
29.88363	10.70308	1.2647
29.72946	10.79293	1.1830
29.63397	10.84102	1.1164
29.59748	10.86418	1.0679
29.59436	10.84761	1.0650
29.57012	10.73478	1.1044
29.52062	10.60383	1.1650
29.54735	10.48139	1.2438
29.72303	10.38356	1.3135
29.96917	10.34000	1.3619
30.11734	10.30491	1.3681
30.10440	10.34289	1.3530
29.99826	10.44713	1.3107
29.81608	10.53813	1.2592
29.70419	10.59119	1.2199
29.63681	10.62137	1.1866
29.64850	10.62524	1.1654
29.71532	10.61089	1.1503
29.74441	10.61009	1.1444
29.72805	10.60918	1.1535
29.69116	10.59666	1.1838
29.71746	10.56707	1.2353
29.78886	10.53227	1.2717
29.85527	10.51773	1.3143
29.89292	10.52159	1.3203
29.88699	10.55456	1.3203
29.83077	10.61864	1.2840
29.73410	10.67586	1.2447
29.66944	10.70748	1.2236
29.63223	10.71787	1.1933
29.64413	10.71524	1.1752
29.68958	10.70976	1.1662
29.72017	10.70491	1.1571
29.72859	10.69241	1.1572
29.71053	10.67929	1.1814
29.69156	10.66605	1.2178
29.70826	10.65123	1.2724
29.76595	10.64023	1.3118
29.81704	10.63390	1.3331
29.82829	10.65163	1.3180
29.78022	10.71113	1.2968
29.68140	10.77033	1.2545
29.61467	10.80059	1.2152
29.57988	10.81256	1.1819
29.58047	10.81044	1.1730
29.61106	10.77628	1.1821
29.67306	10.71530	1.2032
29.73079	10.67917	1.2245
29.75221	10.67689	1.2458
29.77021	10.67775	1.2579
29.76053	10.69201	1.2610
29.70519	10.72238	1.2611
29.65599	10.75175	1.2611
29.63307	10.76461	1.2642
29.65833	10.76336	1.2673
29.68881	10.76273	1.2612
29.71203	10.76324	1.2492
29.69014	10.77828	1.2129
29.62815	10.79876	1.1645
29.58166	10.80838	1.1373
29.55277	10.80037	1.1343
29.55789	10.75266	1.1586
29.61037	10.63915	1.2071
29.73189	10.53119	1.2647
29.85995	10.47748	1.3132
29.93876	10.44231	1.3435
29.95813	10.44974	1.3406
29.89415	10.53108	1.3224
29.77740	10.60133	1.2831
29.66499	10.64171	1.2317
29.61010	10.64570	1.2015
29.61467	10.63271	1.1894
29.68829	10.60241	1.1895
29.77059	10.57367	1.1895
29.81934	10.54847	1.1865
29.80969	10.54438	1.1775
29.73477	10.56485	1.1745
29.67190	10.58010	1.1777
29.65832	10.56695	1.2079
29.71317	10.50921	1.2353
29.81114	10.46012	1.2777
29.86773	10.44339	1.3111
29.91585	10.43341	1.3293
29.90107	10.45949	1.3264
29.81947	10.51415	1.3113
29.73514	10.55990	1.2810
29.69981	10.57594	1.2599
29.72375	10.55353	1.2357
29.78169	10.52830	1.2176
29.79451	10.52807	1.1934
29.77093	10.52796	1.1662
29.73467	10.51620	1.1602
29.72460	10.49178	1.1602
29.75004	10.46136	1.1815
29.79904	10.44679	1.2028
29.83856	10.44753	1.2361
29.86433	10.44435	1.2605
29.87710	10.45314	1.2787
29.84646	10.48372	1.2757
29.78052	10.51455	1.2788
29.72891	10.53944	1.2789
29.69864	10.55063	1.2668
29.71251	10.55092	1.2608
29.74782	10.55194	1.2547
29.76056	10.55456	1.2396
29.75959	10.55223	1.2367
29.74373	10.55092	1.2307
29.73367	10.55109	1.2307
29.73844	10.55029	1.2187
29.75380	10.55160	1.2187
29.76428	10.55621	1.2068
29.76357	10.56007	1.1977
29.74148	10.56320	1.1887
29.69665	10.56400	1.1857
29.65540	10.56041	1.2100
29.65256	10.53551	1.2494
29.73315	10.46959	1.2949
29.82704	10.42752	1.3313
29.90717	10.40412	1.3464
29.91695	10.41947	1.3375
29.84697	10.48446	1.3042
29.72429	10.54711	1.2528
29.65149	10.58072	1.2166
29.61665	10.58920	1.1893
29.63993	10.57350	1.1742
29.69168	10.55962	1.1652
29.72853	10.55160	1.1623
29.75112	10.53279	1.1652
29.75355	10.51716	1.1715
29.71709	10.51875	1.1866
29.68184	10.51318	1.2321
29.67729	10.49359	1.2897
29.72668	10.45314	1.3443
29.80470	10.42763	1.3838
29.88040	10.40842	1.3959
29.88572	10.42899	1.3779
29.83177	10.49445	1.3233
29.74402	10.56013	1.2355
29.64111	10.61334	1.1388
29.58135	10.64832	1.0540
29.55729	10.65864	1.0056
29.52656	10.60394	1.0178
29.44146	10.48763	1.0814
29.42415	10.36364	1.1966
29.47328	10.25179	1.2996
29.56126	10.16282	1.3664
29.78569	10.10428	1.4117
29.98330	10.06463	1.4089
30.05263	10.04718	1.3665
29.96966	10.11035	1.3091
29.85734	10.21689	1.2394
29.75619	10.32050	1.1788
29.63450	10.39240	1.1366
29.56768	10.42859	1.1185
29.57211	10.44163	1.1458
29.55676	10.38640	1.1822
29.57249	10.28915	1.2368
29.62146	10.21058	1.2702
29.71369	10.16012	1.2914
29.80825	10.14105	1.2975
29.86664	10.12210	1.2946
29.91462	10.11265	1.2734
29.91148	10.13509	1.2553
29.87886	10.18191	1.2372
29.83672	10.22737	1.2252
29.78427	10.25845	1.2191
29.73815	10.27278	1.2192
29.71347	10.27820	1.2284
29.70600	10.26764	1.2465
29.71418	10.24998	1.2497
29.72480	10.24045	1.2498
29.73194	10.23718	1.2468
29.73826	10.23498	1.2408
29.74936	10.23284	1.2317
29.76564	10.23228	1.2288
29.77567	10.23504	1.2259
29.77117	10.23746	1.2260
29.74696	10.23577	1.2289
29.72477	10.22686	1.2593
29.72106	10.20190	1.2837
29.75350	10.17121	1.3080
29.82797	10.15016	1.3171
29.88316	10.14397	1.2930
29.89963	10.15708	1.2416
29.85630	10.20979	1.1629
29.75848	10.26877	1.0962
29.66525	10.31186	1.0631
29.60079	10.33231	1.0782
29.49201	10.29576	1.1631
29.48075	10.21029	1.2904
29.52778	10.12631	1.3995
29.64104	10.06070	1.4480
29.84338	10.01924	1.4541
29.90263	9.99357	1.4118
29.83205	10.02923	1.3210
29.76895	10.10439	1.2059
29.70910	10.16468	1.0848
29.62515	10.20235	1.0031
29.59669	10.21920	0.9940
29.50323	10.18123	1.0518
29.52100	10.10709	1.1518
29.56914	10.04229	1.2517
29.61735	9.99408	1.3124
29.71500	9.96204	1.3519
29.78502	9.94172	1.3580
29.82279	9.92813	1.3520
29.81013	9.93881	1.3278
29.77726	9.97212	1.2946
29.75297	10.00439	1.2584
29.74124	10.02984	1.2160
29.73130	10.04617	1.1767
29.70028	10.06244	1.1525
29.66204	10.07760	1.1556
29.64680	10.08737	1.1829
29.64265	10.07940	1.2224
29.64646	10.04398	1.2588
29.67461	10.01240	1.2770
29.73853	9.99285	1.2983
29.77731	9.98254	1.2893
29.81181	9.97402	1.2712
29.81392	9.98523	1.2501
29.79276	10.01672	1.2229
29.75361	10.04931	1.2047
29.70276	10.07226	1.2078
29.67089	10.08293	1.2139
29.65690	10.07883	1.2533
29.66102	10.06536	1.2867
29.68225	10.04291	1.3081
29.73189	10.02311	1.3142
29.76468	10.01431	1.2960
29.79239	10.00904	1.2689
29.78841	10.02530	1.2144
29.76463	10.05475	1.1478
29.71868	10.08614	1.1115
29.66888	10.10614	1.0874
29.63277	10.11299	1.1026
29.58521	10.09827	1.1663
29.57118	10.05514	1.2572
29.58853	10.01162	1.3543
29.62278	9.97475	1.4118
29.71717	9.94933	1.4361
29.81124	9.93283	1.4332
29.84569	9.92796	1.3908
29.81842	9.95980	1.3061
29.77352	10.01089	1.2031
29.71399	10.05458	1.0761
29.64085	10.08209	0.9792
29.62498	10.09844	0.9551
29.55695	10.08467	0.9883
29.55021	10.03607	1.0885
29.57886	9.98791	1.2096
29.60690	9.94978	1.3097
29.63906	9.92203	1.3703
29.70258	9.90515	1.4098
29.74931	9.89430	1.4341
29.76095	9.88860	1.4251
29.73692	9.90056	1.4009
29.71801	9.92433	1.3465
29.68473	9.94603	1.3436
29.66449	9.96255	1.3708
29.65665	9.97178	1.3981
29.65459	9.97464	1.4708
29.62134	9.96338	1.5860
29.58611	9.94010	1.7710
29.59590	9.91353	2.0194
29.61513	9.88765	2.2799
29.63371	9.86872	2.5617
29.65146	9.85878	2.8404
29.65215	9.85520	3.0860
29.65323	9.85303	3.2949
29.65267	9.85057	3.4494
29.65291	9.84806	3.5888
29.65322	9.84555	3.7343
29.65884	9.84287	3.8464
29.66155	9.84142	3.9797
29.66417	9.84153	4.1283
29.66306	9.84203	4.3040
29.66320	9.84069	4.5101
29.66613	9.83740	4.7404
29.66669	9.83506	4.9919
29.66788	9.83310	5.2524
29.67175	9.83126	5.5129
29.67441	9.82942	5.7795
29.67762	9.82808	6.0219
29.68047	9.82680	6.2643
29.69055	9.82524	6.4976
29.71160	9.82239	6.7218
29.73912	9.81676	6.9339
29.75569	9.80728	7.1490
29.75374	9.79624	7.3369
29.71291	9.77579	7.5248
29.72400	9.73592	7.7187
29.72357	9.69364	7.9278
29.75105	9.64813	8.1429
29.77965	9.60163	8.3884
29.80888	9.55717	8.6337
29.84283	9.51963	8.9003
29.86742	9.49186	9.1700
29.88092	9.46980	9.4305
29.90037	9.45167	9.7093
29.91840	9.43863	9.9667
29.93995	9.43085	10.2092
29.94436	9.42516	10.4334
29.93582	9.41362	10.6575
29.94910	9.39315	10.8667
29.96426	9.37341	11.0757
29.97519	9.35720	11.2756
29.98294	9.34480	11.4817
29.98861	9.33527	11.6907
29.98858	9.32651	11.9210
29.99290	9.31440	12.1604
30.00330	9.29959	12.4089
30.01496	9.28413	12.6725
30.02558	9.27021	12.9360
30.03491	9.25784	13.1996
30.04193	9.24861	13.4511
30.04834	9.24124	13.7025
30.05309	9.23586	13.9299
30.05683	9.23130	14.1570
30.06201	9.22581	14.3691
30.06742	9.22004	14.5812
30.07093	9.21532	14.7811
30.07367	9.21241	14.9932
30.07493	9.21043	15.2084
30.07558	9.20917	15.4325
30.07549	9.20840	15.6658
30.07594	9.20812	15.9143
30.07373	9.20796	16.1657
30.07321	9.20428	16.4142
30.08117	9.19166	16.6747
30.09115	9.17141	16.9474
30.11735	9.13643	17.2080
30.14973	9.09535	17.4593
30.17531	9.06394	17.7260
30.19228	9.04228	17.9592
30.20568	9.02599	18.1835
30.21459	9.01463	18.4047
30.22225	9.00589	18.6259
30.22652	8.99961	18.8470
30.23052	8.99365	19.0682
30.23940	8.98574	19.3015
30.24872	8.97542	19.5318
30.25926	8.96178	19.7772
30.27211	8.94656	20.0317
30.28741	8.93036	20.2741
30.30059	8.91281	20.5164
30.30753	8.89337	20.7557
30.31329	8.86729	20.9951
30.34058	8.83040	21.2163
30.36658	8.79839	21.4405
30.38413	8.77666	21.6645
30.39442	8.76303	21.8919
30.40182	8.75429	22.1191
30.40531	8.74897	22.3494
30.40755	8.74512	22.5675
30.40918	8.74197	22.8038
30.41020	8.73915	23.0462
30.41231	8.73628	23.2886
30.41402	8.73378	23.5249
30.41495	8.73183	23.7642
30.41611	8.72999	23.9885
30.41677	8.72874	24.2067
30.41751	8.72814	24.4279
30.41783	8.72727	24.6610
30.41820	8.72673	24.8944
30.41819	8.72586	25.1337
30.41939	8.72473	25.3912
30.42096	8.72239	25.6456
30.42271	8.71909	25.9153
30.42619	8.71529	26.1729
30.42840	8.71220	26.4424
30.43066	8.70943	26.7090
30.43163	8.70743	26.9604
30.43302	8.70531	27.1998
30.43479	8.70353	27.4241
30.43609	8.70190	27.6360
30.43624	8.70087	27.8543
30.43738	8.69935	28.0724
30.43914	8.69691	28.2663
30.44166	8.69274	28.4813
30.44850	8.68543	28.7057
30.45633	8.67622	28.9389
30.46634	8.66371	29.1904
30.47859	8.64860	29.4478
30.49214	8.63123	29.7235
30.50576	8.61349	29.9900
30.51827	8.59549	30.2476
30.53264	8.57495	30.5051
30.54888	8.55302	30.7657
30.56505	8.53278	30.9929
30.57772	8.51692	31.2172
30.58748	8.50478	31.4414
30.59515	8.49470	31.6443
30.60175	8.48699	31.8412
30.60574	8.48154	32.0471
30.60967	8.47691	32.2472
30.61359	8.47189	32.4805
30.61710	8.46699	32.7077
30.61980	8.46225	32.9622
30.62380	8.45600	33.2198
30.62810	8.44835	33.5134
30.63397	8.43920	33.7861
30.64022	8.42924	34.0679
30.64560	8.41810	34.3466
30.65279	8.40481	34.6133
30.66183	8.38910	34.8707
30.67260	8.37324	35.0979
30.68145	8.35847	35.3190
30.69150	8.34466	35.5221
30.69994	8.33263	35.7190
30.70697	8.32296	35.9250
30.71065	8.31459	36.1310
30.71487	8.30552	36.3462
30.70948	8.29484	36.5673
30.71002	8.27473	36.8035
30.71459	8.24295	37.0550
30.74134	8.20038	37.3125
30.77104	8.16079	37.5610
30.79128	8.12979	37.8276
30.80841	8.10416	38.0941
30.82341	8.08403	38.3638
30.83428	8.06931	38.6031
30.84061	8.05869	38.8393
30.84435	8.05022	39.0787
30.84726	8.04275	39.2968
30.85001	8.03540	39.5210
30.84944	8.02815	39.7512
30.85235	8.01957	39.9724
30.85459	8.01025	40.2087
30.86031	8.00034	40.4480
30.86001	7.99166	40.6782
30.86533	7.98176	40.9146
30.85423	7.97207	41.1599
30.85250	7.95579	41.3992
30.86801	7.93293	41.6477
30.85727	7.91055	41.8780
30.87472	7.87959	42.1264
30.90314	7.84620	42.3717
30.92224	7.82234	42.6141
30.93589	7.80607	42.8565
30.94357	7.79504	43.1049
30.94980	7.78678	43.3412
30.95449	7.78032	43.5864
30.95768	7.77550	43.8107
30.96053	7.77142	44.0441
30.96348	7.76798	44.2712
30.96507	7.76533	44.4924
30.96681	7.76327	44.7135
30.96779	7.76205	44.9285
30.96567	7.76141	45.1468
30.96574	7.75861	45.3831
30.96358	7.75390	45.6164
30.96889	7.74638	45.8556
30.97403	7.73861	46.1070
30.97794	7.73220	46.3646
30.98239	7.72707	46.6220
30.98159	7.72321	46.8736
30.98411	7.71824	47.1248
30.98867	7.71269	47.3703
30.98991	7.70857	47.6097
30.98998	7.70434	47.8430
30.99174	7.69820	48.0731
30.99714	7.69128	48.2973
31.00151	7.68626	48.5034
31.00091	7.68272	48.7305
31.00051	7.67865	48.9517
30.99660	7.67263	49.1789
31.00293	7.66249	49.4121
31.00852	7.65235	49.6789
31.00778	7.64311	49.9423
31.01150	7.63187	50.1937
31.02678	7.61826	50.4604
31.03833	7.60555	50.7209
31.04768	7.59569	50.9783
31.05416	7.58794	51.2268
31.06648	7.58067	51.4629
31.08618	7.57319	51.7052
31.08806	7.56397	51.9326
31.09468	7.54795	52.1657
31.11014	7.52990	52.3778
31.12158	7.51627	52.6082
31.12902	7.50748	52.8293
31.13387	7.50159	53.0594
31.13639	7.49754	53.2927
31.13903	7.49307	53.5260
31.14201	7.48776	53.7653
31.14552	7.48187	53.9986
31.14761	7.47651	54.2561
31.14941	7.47036	54.5075
31.15452	7.46090	54.7469
31.15835	7.44839	54.9951
31.16932	7.43353	55.2283
31.17866	7.41967	55.4587
31.17496	7.40723	55.6830
31.17490	7.38850	55.9161
31.20501	7.35568	56.1433
31.25166	7.31817	56.3735
31.31151	7.29090	56.6007
31.34902	7.26835	56.8370
31.36810	7.24205	57.0945
31.38840	7.21520	57.3367
31.40236	7.19311	57.5883
31.41816	7.17375	57.8457
31.42876	7.15685	58.1245
31.43500	7.14334	58.3909
31.44292	7.13083	58.6123
31.45329	7.11895	58.8636
31.46183	7.10769	59.0938
31.46897	7.09827	59.3239
31.47581	7.09066	59.5483
31.47930	7.08561	59.7815
31.48296	7.08223	59.9995
31.48533	7.07989	60.2269
31.48661	7.07874	60.4631
31.48788	7.07723	60.6872
31.49209	7.07458	60.9264
31.49539	7.07099	61.1750
31.49654	7.06812	61.4203
31.50123	7.06500	61.6777
31.50436	7.06042	61.9232
31.50794	7.05527	62.1775
31.51070	7.05064	62.4259
31.51248	7.04606	62.6682
31.51677	7.04013	62.9047
31.52212	7.03306	63.1349
31.52805	7.02609	63.3650
31.53342	7.02048	63.5922
31.53693	7.01617	63.8165
31.54011	7.01294	64.0466
31.54435	7.00967	64.2919
31.54733	7.00593	64.5283
31.54988	7.00265	64.7737
31.55171	6.99980	65.0159
31.55431	6.99668	65.2644
31.56018	6.99429	65.5187
31.56488	6.99273	65.7702
31.56853	6.99076	66.0247
31.57091	6.98915	66.2881
31.57174	6.98811	66.5517
31.57156	6.98743	66.8152
31.57172	6.98676	67.0759
31.57044	6.98587	67.3304
31.57280	6.98385	67.5816
31.57222	6.98073	67.8300
31.56777	6.97637	68.0845
31.56988	6.96884	68.3360
31.56235	6.95877	68.5510
31.56402	6.93615	68.7660
31.59650	6.89622	68.9993
31.62995	6.85944	69.2205
31.64666	6.83232	69.4536
31.66297	6.81059	69.7021
31.65890	6.79208	69.9564
31.67284	6.76593	70.2169
31.70024	6.73613	70.4774
31.72159	6.71218	70.7348
31.73376	6.69279	70.9922
31.74803	6.67180	71.2439
31.76123	6.65274	71.4893
31.77422	6.63610	71.7466
31.78592	6.62153	71.9890
31.79933	6.60845	72.2283
31.80971	6.59826	72.4644
31.81605	6.59183	72.7250
31.82213	6.58679	72.9583
31.82636	6.58175	73.2097
31.83163	6.57383	73.4672
31.84413	6.55953	73.7247
31.85612	6.54689	73.9851
31.86296	6.53759	74.2394
31.86872	6.52988	74.5030
31.87397	6.52413	74.7545
31.87897	6.51930	75.0059
31.88298	6.51561	75.2665
31.88574	6.51288	75.5208
31.88756	6.51088	75.7754
31.88872	6.50944	76.0266
31.88994	6.50801	76.2690
31.89000	6.50708	76.5206
31.89153	6.50606	76.7719
31.89687	6.50529	77.0081
31.90951	6.50426	77.2414
31.93529	6.50467	77.4867
31.94760	6.50842	77.7169
31.95713	6.51396	77.9563
31.96661	6.52028	78.2076
31.97449	6.52690	78.4983
31.98089	6.53327	78.7740
31.97954	6.53965	79.0316
31.97784	6.54478	79.2888
31.98529	6.54879	79.5556
31.99518	6.55290	79.8098
32.00026	6.55748	80.0613
32.02094	6.55989	80.3128
32.04153	6.56051	80.5641
32.03925	6.55923	80.8186
32.03618	6.55373	81.0609
32.04216	6.54576	81.3092
32.05068	6.53867	81.5515
32.05733	6.53327	81.8211
32.08134	6.52711	82.0876
32.09315	6.52377	82.3603
32.09473	6.52341	82.6360
32.09316	6.52274	82.9115
32.09335	6.52095	83.1811
32.09622	6.51848	83.4508
32.09782	6.51591	83.7172
32.09888	6.51181	83.9776
32.10132	6.50256	84.2291
32.10676	6.49050	84.4685
32.10968	6.47901	84.7076
32.11163	6.46736	84.9470
32.11615	6.45454	85.1833
32.12484	6.44152	85.4316
32.11898	6.43070	85.6859
32.11298	6.41836	85.9496
32.12399	6.40273	86.2039
32.12495	6.38973	86.4673
32.13077	6.37765	86.7097
32.14509	6.36664	86.9674
32.16305	6.35830	87.2096
32.17694	6.35247	87.4399
32.18294	6.34848	87.6699
32.18906	6.34408	87.8881
32.19789	6.33784	88.1152
32.20731	6.33171	88.3425
32.23781	6.32747	88.5878
32.27915	6.32690	88.8512
32.30595	6.33452	89.1571
32.31911	6.34756	89.4600
32.30845	6.35968	89.7327
32.28756	6.36255	90.0173
32.28454	6.35472	90.2900
32.28750	6.34321	90.5504
32.28952	6.33191	90.7989
32.28486	6.32087	91.0412
32.29181	6.30876	91.2592
32.29050	6.29813	91.4864
32.25158	6.28761	91.7197
32.24622	6.26540	91.9467
32.28533	6.23397	92.1921
32.32536	6.20694	92.4527
32.35023	6.18824	92.7374
32.37846	6.17785	93.0132
32.39014	6.17550	93.2886
32.39662	6.17790	93.5582
32.40887	6.18218	93.8218
32.39031	6.18717	94.0762
32.38159	6.18396	94.3154
32.39781	6.17367	94.5456
32.40869	6.16608	94.7729
32.42683	6.16129	94.9999
32.44471	6.15870	95.2181
32.44544	6.15956	95.4453
32.45056	6.16129	95.6755
32.46023	6.16399	95.9239
32.46170	6.16771	96.1783
32.45895	6.17046	96.4388
32.45340	6.17148	96.7023
32.45023	6.16965	96.9750
32.45447	6.16608	97.2476
32.47088	6.16282	97.5111
32.47441	6.16155	97.7685
32.47354	6.16124	98.0108
32.47479	6.16017	98.2532
32.47723	6.15860	98.4803
32.48228	6.15676	98.7164
32.48423	6.15569	98.9557
32.48569	6.15478	99.1921
32.48664	6.15366	99.4404
32.48594	6.15279	99.7130
32.48831	6.15126	99.9917
32.49112	6.14994	100.2491
32.48950	6.14867	100.5066
32.49003	6.14617	100.7580
32.49320	6.14266	101.0063
32.49756	6.13951	101.2517
32.50325	6.13701	101.4818
32.50534	6.13544	101.7151
32.50542	6.13386	101.9392
32.50676	6.13162	102.1633
32.50199	6.12892	102.3936
32.50205	6.12445	102.6328
32.51078	6.11768	102.8751
32.51889	6.11127	103.1267
32.52388	6.10629	103.3871
32.52774	6.10176	103.6475
32.53001	6.09708	103.9049
32.53452	6.09225	104.1626
32.53800	6.08849	104.4228
32.54062	6.08600	104.6621
32.54227	6.08453	104.8893
32.54394	6.08377	105.1135
32.54557	6.08305	105.3224
32.54608	6.08168	105.5407
32.54684	6.08006	105.7496
32.54709	6.07823	105.9767
32.54436	6.07558	106.2040
32.54664	6.07091	106.4434
32.55068	6.06629	106.6824
32.55372	6.06298	106.9370
32.55548	6.06029	107.2063
32.55867	6.05785	107.4639
32.56114	6.05587	107.7275
32.56288	6.05430	107.9878
32.56502	6.05303	108.2422
32.56775	6.05115	108.4815
32.57019	6.04922	108.7210
32.57207	6.04714	108.9602
32.57441	6.04495	109.1902
32.57620	6.04333	109.4236
32.57789	6.04180	109.6841
32.57854	6.04099	109.9597
32.57982	6.04018	110.2109
32.58064	6.03957	110.4503
32.58125	6.03881	110.7075
32.58166	6.03825	110.9652
32.58257	6.03790	111.2225
32.58369	6.03734	111.4680
32.58510	6.03647	111.7071
32.58601	6.03541	111.9406
32.58832	6.03399	112.1616
32.58963	6.03287	112.3826
32.59145	6.03160	112.5947
32.59232	6.03059	112.8157
32.59409	6.02972	113.0399
32.59518	6.02911	113.2763
32.59903	6.02789	113.5216
32.60295	6.02586	113.7698
32.60690	6.02302	114.0153
32.61026	6.02048	114.2698
32.61448	6.01815	114.5270
32.61710	6.01602	114.7875
32.61924	6.01440	115.0359
32.62331	6.01287	115.2842
32.62594	6.01074	115.5204
32.62818	6.00866	115.7536
32.62944	6.00724	115.9838
32.63136	6.00623	116.1988
32.63287	6.00526	116.4261
32.63428	6.00405	116.6593
32.63594	6.00293	116.8895
32.63763	6.00171	117.1196
32.63914	6.00075	117.3709
32.64234	5.99984	117.6224
32.64835	5.99811	117.8708
32.65555	5.99588	118.1252
32.66483	5.99258	118.3794
32.67077	5.98847	118.6251
32.67754	5.98452	118.8612
32.68319	5.98072	119.1004
32.68760	5.97712	119.3336
32.69097	5.97423	119.5759
32.69309	5.97190	119.8515
32.69572	5.97012	120.1150
32.69848	5.96860	120.3391
32.70107	5.96718	120.5725
32.70516	5.96536	120.8025
32.70929	5.96242	121.0418
32.71584	5.95978	121.2811
32.72146	5.95639	121.5145
32.72602	5.95264	121.7474
32.73127	5.94919	121.9838
32.73867	5.94539	122.2291
32.74293	5.94124	122.4501
32.74414	5.93734	122.6863
32.74685	5.93369	122.9166
32.74907	5.93055	123.1468
32.75072	5.92837	123.3679
32.75238	5.92691	123.5981
32.75271	5.92610	123.8223
32.75323	5.92544	124.0525
32.75330	5.92488	124.2857
32.75348	5.92422	124.5127
32.75355	5.92367	124.7643
32.75416	5.92291	125.0187
32.75392	5.92230	125.2821
32.75536	5.92103	125.5395
32.75781	5.91946	125.7878
32.75976	5.91769	126.0333
32.76215	5.91546	126.2786
32.76564	5.91319	126.5148
32.76729	5.91136	126.7538
32.77045	5.90979	126.9840
32.77398	5.90812	127.2205
32.77280	5.90640	127.4505
32.78090	5.90509	127.6928
32.78987	5.90433	127.9261
32.80304	5.90559	128.1683
32.80476	5.90949	128.3985
32.80152	5.91344	128.6317
32.79830	5.91592	128.8680
32.79760	5.91653	129.0891
32.79897	5.91637	129.3223
32.79985	5.91607	129.5677
32.80437	5.91562	129.8309
32.81006	5.91425	130.0704
32.82083	5.91273	130.2823
32.83832	5.91217	130.5003
32.84534	5.91516	130.7277
32.84796	5.91886	130.9608
32.85159	5.92179	131.1970
32.85662	5.92437	131.4242
32.85924	5.92691	131.6545
32.85773	5.92944	131.8876
32.86031	5.93136	132.1116
32.86392	5.93288	132.3388
32.86579	5.93481	132.5750
32.87172	5.93683	132.7961
32.87441	5.94002	133.0204
32.87317	5.94408	133.2505
32.87606	5.94742	133.4685
32.87581	5.95081	133.7018
32.87563	5.95370	133.9349
32.88331	5.95608	134.1591
32.89518	5.95993	134.3862
32.89576	5.96637	134.6194
32.89051	5.97311	134.8495
32.88712	5.97793	135.0886
32.88410	5.98092	135.3250
32.88241	5.98254	135.5582
32.88111	5.98340	135.7914
32.88140	5.98371	136.0246
32.88165	5.98406	136.2486
32.88314	5.98422	136.4761
32.88338	5.98452	136.6879
32.88397	5.98487	136.9180
32.88422	5.98523	137.1393
32.88357	5.98543	137.3573
32.88256	5.98563	137.5753
32.88195	5.98543	137.7995
32.88244	5.98482	138.0085
32.88336	5.98411	138.2358
32.88636	5.98345	138.4475
32.88919	5.98345	138.6778
32.90285	5.98422	138.9200
32.91303	5.98690	139.1803
32.92049	5.99167	139.4197
32.91614	5.99669	139.6347
32.90373	5.99968	139.8497
32.90081	5.99831	140.0708
32.90478	5.99375	140.2950
32.90987	5.98949	140.5099
32.91325	5.98655	140.7280
32.91488	5.98411	140.9309
32.91787	5.98158	141.1520
32.92162	5.97869	141.3609
32.92578	5.97610	141.5792
32.93126	5.97433	141.8033
32.93298	5.97316	142.0332
32.93466	5.97240	142.2726
32.93639	5.97195	142.5086
32.93727	5.97164	142.7480
32.93699	5.97073	142.9753
32.93831	5.96926	143.2083
32.94466	5.96723	143.4418
32.94586	5.96480	143.6656
32.95197	5.96166	143.8839
32.95620	5.95922	144.1019
32.95856	5.95755	144.3289
32.96199	5.95644	144.5531
32.96473	5.95568	144.7772
32.96755	5.95512	145.0042
32.96804	5.95487	145.2254
32.96878	5.95471	145.4494
32.97022	5.95421	145.6674
32.97206	5.95330	145.8827
32.97308	5.95213	146.1005
32.97431	5.95112	146.3246
32.97529	5.95036	146.5458
32.97642	5.94945	146.7699
32.97711	5.94899	146.9848
32.97799	5.94833	147.2122
32.97832	5.94752	147.4334
32.97905	5.94666	147.6541
32.97989	5.94605	147.8692
32.98112	5.94539	148.1147
32.98153	5.94448	148.3627
32.98196	5.94357	148.5931
32.98304	5.94256	148.8171
32.98361	5.94164	149.0353
32.98439	5.94073	149.2651
32.98516	5.93947	149.4896
32.98763	5.93790	149.7227
32.98861	5.93678	149.9406
32.98913	5.93577	150.1648
32.98845	5.93455	150.3919
32.98909	5.93162	150.6162
32.99142	5.92767	150.8431
32.99491	5.92361	151.0704
32.99735	5.92027	151.2943
32.99786	5.91754	151.5244
32.99806	5.91506	151.7638
33.00035	5.91187	151.9910
33.00240	5.90929	152.2151
33.00301	5.90747	152.4481
33.00287	5.90569	152.6754
33.00206	5.90352	152.9053
32.97634	5.90043	153.1295
32.98044	5.88890	153.3536
33.00666	5.87625	153.5747
32.96583	5.87139	153.8047
32.94387	5.85577	154.0289
32.96390	5.83055	154.2591
32.97332	5.81075	154.4800
32.98985	5.79551	154.7135
32.99865	5.78602	154.9404
33.00125	5.78036	155.1586
32.97719	5.77552	155.3856
32.97463	5.76518	155.6159
32.99989	5.75312	155.8519
32.97972	5.74652	156.0914
32.98111	5.73785	156.3003
32.98208	5.72852	156.5182
32.98309	5.71915	156.7301
32.98341	5.71013	156.9512
32.98985	5.70126	157.1754
32.99457	5.69451	157.4023
32.99918	5.68968	157.6569
33.00201	5.68666	157.9112
33.00262	5.68454	158.1444
33.00754	5.68258	158.3716
33.00957	5.68147	158.6047
33.00822	5.68092	158.8467
33.01065	5.67976	159.0921
33.02106	5.67795	159.3342
33.02424	5.67674	159.5735
33.02600	5.67548	159.8008
33.02893	5.67453	160.0369
33.03657	5.67412	160.2550
33.05033	5.67568	160.4793
33.05403	5.68001	160.6971
33.05680	5.68565	160.9121
33.05630	5.69139	161.1180
33.05423	5.69628	161.3453
33.04713	5.69915	161.5753
33.04136	5.69879	161.8085
33.03896	5.69507	162.0476
33.04179	5.68918	162.2838
33.04570	5.68334	162.5262
33.04688	5.67840	162.7684
33.04438	5.67261	163.0166
33.04999	5.66396	163.2498
33.05621	5.65570	163.4769
33.05929	5.64957	163.6889
33.06250	5.64438	163.9068
33.06558	5.64006	164.1250
33.06713	5.63664	164.3463
33.06847	5.63372	164.5488
33.07108	5.63096	164.7729
33.07229	5.62889	164.9820
33.07310	5.62759	165.2122
33.07614	5.62618	165.4423
33.08235	5.62543	165.6784
33.08390	5.62553	165.9176
33.08430	5.62608	166.1536
33.08545	5.62623	166.3868
33.08598	5.62623	166.6081
33.08869	5.62588	166.8291
33.09095	5.62598	167.0682
33.09179	5.62608	167.3226
33.09751	5.62618	167.5616
33.10568	5.62633	167.7796
33.11254	5.62527	168.0067
33.11900	5.62357	168.2311
33.12428	5.62095	168.4581
33.12795	5.61819	168.6911
33.13108	5.61597	168.9152
33.13466	5.61401	169.1485
33.13773	5.61150	169.3725
33.14083	5.60859	169.6028
33.14320	5.60607	169.8237
33.14524	5.60416	170.0597
33.14736	5.60190	170.2778
33.14948	5.59934	170.5141
33.15212	5.59718	170.7623
33.15357	5.59522	171.0076
33.15564	5.59336	171.2439
33.15826	5.59130	171.4770
33.15999	5.58979	171.7040
33.16065	5.58829	171.9282
33.16002	5.58638	172.1433
33.15903	5.58331	172.3640
33.15327	5.57904	172.5945
33.15161	5.57241	172.8182
33.15676	5.56498	173.0333
33.15696	5.55891	173.2665
33.16134	5.55299	173.4815
33.16542	5.54837	173.7115
33.16838	5.54561	173.9507
33.16995	5.54390	174.1838
33.16971	5.54295	174.4140
33.17108	5.54179	174.6562
33.17199	5.54074	174.9225
33.17285	5.54044	175.1981
33.17113	5.54024	175.5009
33.17133	5.53954	175.7731
33.17160	5.53878	176.0096
33.17143	5.53813	176.2243
33.17100	5.53738	176.4306
33.17042	5.53642	176.6515
33.17153	5.53517	176.8936
33.17172	5.53377	177.1540
33.17384	5.53221	177.4113
33.17524	5.53030	177.6538
33.17726	5.52850	177.8928
33.17900	5.52734	178.1047
33.18090	5.52639	178.3196
33.18416	5.52584	178.5499
33.18480	5.52509	178.7708
33.19329	5.52348	178.9919
33.20168	5.52163	179.2250
33.20407	5.52017	179.4520
33.20641	5.51877	179.6731
33.21062	5.51611	179.9122
33.21528	5.51200	180.1243
33.21953	5.50794	180.3512
33.22315	5.50453	180.5723
33.22495	5.50222	180.8085
33.22682	5.50057	181.0477
33.22765	5.49961	181.2808
33.22813	5.49901	181.5050
33.22886	5.49851	181.7381
33.22971	5.49791	181.9529
33.23048	5.49701	182.1890
33.23157	5.49615	182.4041
33.23150	5.49575	182.6341
33.23188	5.49560	182.8675
33.23202	5.49535	183.0945
33.23251	5.49510	183.3245
33.23244	5.49505	183.5547
33.23221	5.49530	183.8030
33.23190	5.49535	184.0421
33.23178	5.49535	184.2901
33.23222	5.49550	184.5354
33.23229	5.49530	184.7778
33.23232	5.49515	185.0200
33.23225	5.49510	185.2623
33.23243	5.49515	185.5075
33.23292	5.49490	185.7466
33.23425	5.49415	185.9890
33.23703	5.49265	186.2400
33.23980	5.49044	186.4763
33.24177	5.48869	186.7154
33.24329	5.48738	186.9637
33.24534	5.48618	187.2451
33.24731	5.48513	187.5207
33.24913	5.48387	187.7779
33.25137	5.48292	188.0172
33.25240	5.48247	188.2652
33.25492	5.48232	188.4985
33.25671	5.48212	188.7376
33.25780	5.48162	188.9738
33.26018	5.48017	189.2191
33.26627	5.47891	189.4674
33.27037	5.47781	189.7066
33.27387	5.47666	189.9517
33.27611	5.47571	190.1970
33.27952	5.47465	190.4544
33.28107	5.47325	190.6995
33.28273	5.47180	190.9537
33.28441	5.47070	191.1959
33.28579	5.46954	191.4474
33.28777	5.46849	191.7045
33.28904	5.46779	191.9619
33.29002	5.46704	192.2161
33.29047	5.46609	192.4763
33.29165	5.46514	192.7277
33.29195	5.46434	192.9880
33.29228	5.46388	193.2333
33.29315	5.46323	193.4846
33.29403	5.46258	193.7297
33.29429	5.46183	193.9871
33.29495	5.46068	194.2354
33.29651	5.45898	194.4928
33.29808	5.45762	194.7468
33.30201	5.45532	195.0011
33.30636	5.45116	195.2496
33.30975	5.44726	195.5099
33.31240	5.44445	195.7642
33.31278	5.44250	196.0216
33.31332	5.44040	196.2665
33.31582	5.43740	196.5120
33.31865	5.43514	196.7480
33.31946	5.43384	196.9901
33.32075	5.43314	197.2383
33.32056	5.43284	197.4926
33.32102	5.43259	197.7742
33.32155	5.43264	198.0559
33.32092	5.43314	198.3159
33.32019	5.43339	198.5733
33.32026	5.43319	198.8308
33.31798	5.43284	199.0878
33.31842	5.43119	199.3513
33.31979	5.42904	199.6085
33.32155	5.42713	199.8627
33.32169	5.42578	200.1172
33.32219	5.42408	200.3655
33.32359	5.42218	200.6167
33.32491	5.42038	200.8528
33.32546	5.41898	201.0920
33.32633	5.41798	201.3402
33.32948	5.41683	201.6064
33.33381	5.41513	201.8730
33.33784	5.41272	202.1485
33.34167	5.41087	202.4270
33.34395	5.40987	202.6992
33.34568	5.40907	202.9687
33.34696	5.40837	203.2321
33.34898	5.40792	203.4955
33.35174	5.40717	203.7467
33.35414	5.40642	203.9918
33.35619	5.40567	204.2342
33.36006	5.40517	204.4673
33.36359	5.40472	204.7093
33.36484	5.40442	204.9518
33.36587	5.40397	205.1997
33.36696	5.40382	205.4632
33.36743	5.40357	205.7293
33.36745	5.40342	205.9836
33.36813	5.40332	206.2471
33.36887	5.40317	206.4982
33.36924	5.40302	206.7646
33.36936	5.40277	207.0158
33.37048	5.40252	207.2702
33.37091	5.40232	207.5184
33.37175	5.40207	207.7698
33.37232	5.40172	208.0331
33.37329	5.40132	208.3206
33.37665	5.40067	208.5957
33.38065	5.39902	208.8624
33.38358	5.39702	209.1196
33.38608	5.39537	209.3830
33.38751	5.39452	209.6524
33.38909	5.39387	209.9216
33.38940	5.39342	210.1972
33.39028	5.39312	210.4634
33.39070	5.39292	210.7210
33.39113	5.39272	210.9781
33.39110	5.39262	211.2325
33.39139	5.39257	211.4718
33.39146	5.39237	211.7227
33.39187	5.39247	211.9772
33.39289	5.39247	212.2315
33.39388	5.39242	212.4858
33.39466	5.39222	212.7550
33.39498	5.39212	213.0214
33.39530	5.39202	213.2996
33.39632	5.39192	213.5810
33.39652	5.39187	213.8567
33.39684	5.39177	214.1262
33.39747	5.39172	214.3863
33.39866	5.39147	214.6406
33.39990	5.39117	214.8978
33.40304	5.39077	215.1310
33.40386	5.38982	215.3731
33.40418	5.38902	215.6090
33.40482	5.38862	215.8485
33.40749	5.38832	216.0936
33.40947	5.38757	216.3389
33.41105	5.38692	216.5990
33.41273	5.38617	216.8743
33.41614	5.38547	217.1469
33.41813	5.38477	217.4254
33.42071	5.38382	217.7069
33.42491	5.38262	217.9790
33.42789	5.38092	218.2576
33.43002	5.37937	218.5151
33.43173	5.37822	218.7995
33.43310	5.37742	219.0870
33.43371	5.37667	219.3533
33.43394	5.37632	219.6015
33.43457	5.37592	219.8405
33.43490	5.37547	220.0767
33.43497	5.37527	220.3281
33.43495	5.37517	220.5763
33.43488	5.37517	220.8485
33.43497	5.37487	221.1298
33.43523	5.37447	221.4054
33.43559	5.37397	221.6779
33.43611	5.37367	221.9471
33.43637	5.37327	222.2255
33.43711	5.37312	222.4768
33.43900	5.37252	222.7341
33.44227	5.37127	222.9761
33.44651	5.36932	223.2213
33.44920	5.36722	223.4606
33.45062	5.36567	223.6995
33.45154	5.36462	223.9448
33.45293	5.36382	224.1960
33.45340	5.36322	224.4501
33.45397	5.36287	224.7134
33.45454	5.36252	224.9828
33.45486	5.36242	225.2643
33.45538	5.36212	225.5400
33.45580	5.36192	225.8091
33.45556	5.36202	226.0847
33.45634	5.36182	226.3386
33.45617	5.36187	226.5900
33.45614	5.36177	226.8381
33.45679	5.36172	227.0804
33.45641	5.36162	227.3254
33.45699	5.36162	227.5736
33.45783	5.36137	227.8281
33.45837	5.36142	228.0789
33.45846	5.36127	228.3424
33.45916	5.36107	228.6088
33.45953	5.36092	228.8841
33.45960	5.36072	229.1563
33.45996	5.36058	229.4499
33.45990	5.36048	229.7526
33.46027	5.36033	230.0343
33.46008	5.36038	230.3092
33.46056	5.36013	230.5577
33.46064	5.36028	230.8088
33.46098	5.36018	231.0570
33.46091	5.36013	231.2962
33.46198	5.35993	231.5442
33.46252	5.35963	231.7804
33.46376	5.35933	232.0316
33.46495	5.35908	232.2858
33.46655	5.35878	232.5402
33.46901	5.35833	232.8003
33.47131	5.35768	233.0787
33.47335	5.35693	233.3361
33.47499	5.35623	233.6026
33.47695	5.35548	233.8745
33.47783	5.35483	234.1321
33.47784	5.35433	234.3890
33.47832	5.35408	234.6465
33.47865	5.35398	234.8945
33.48000	5.35393	235.1518
33.48421	5.35353	235.3912
33.48479	5.35283	235.6299
33.48928	5.35213	235.8874
33.49162	5.35138	236.1356
33.49392	5.35038	236.3806
33.49521	5.34968	236.6379
33.49628	5.34918	236.9162
33.49726	5.34878	237.1856
33.49757	5.34833	237.4519
33.49819	5.34793	237.7211
33.49994	5.34783	237.9995
33.50097	5.34739	238.2690
33.50108	5.34714	238.5413
33.50156	5.34689	238.7925
33.50199	5.34669	239.0437
33.50227	5.34664	239.2920
33.50377	5.34644	239.5492
33.50501	5.34614	239.8124
33.50810	5.34569	240.0966
33.51099	5.34479	240.3963
33.51466	5.34384	240.6687
33.51669	5.34274	240.9440
33.51878	5.34159	241.2043
33.51945	5.34079	241.4736
33.52193	5.34024	241.7461
33.52425	5.33964	242.0124
33.52587	5.33889	242.2845
33.52679	5.33819	242.5391
33.52911	5.33755	242.7873
33.53321	5.33690	243.0293
33.53557	5.33585	243.2654
33.53802	5.33470	243.5104
33.54028	5.33340	243.7403
33.54203	5.33260	243.9766
33.54352	5.33170	244.2246
33.54657	5.33095	244.4817
33.54845	5.32966	244.7361
33.55079	5.32826	245.0025
33.55240	5.32686	245.2808
33.55382	5.32566	245.5499
33.55637	5.32476	245.8285
33.55973	5.32341	246.1039
33.56386	5.32237	246.3635
33.56971	5.32097	246.6275
33.57776	5.31872	246.8905
33.58292	5.31573	247.1388
33.58564	5.31288	247.3988
33.58762	5.31079	247.6439
33.58940	5.30959	247.9103
33.59043	5.30879	248.1705
33.59054	5.30819	248.4246
33.59107	5.30789	248.6790
33.59155	5.30764	248.9360
33.59156	5.30749	249.2052
33.59225	5.30739	249.4660
33.59237	5.30714	249.7199
33.59284	5.30689	249.9835
33.59322	5.30674	250.2373
33.59370	5.30649	250.4888
33.59438	5.30639	250.7699
33.59485	5.30614	251.0393
33.59645	5.30549	251.2877
33.59680	5.30510	251.5263
33.59710	5.30460	251.7747
33.59769	5.30425	252.0103
33.59802	5.30415	252.2618
33.59876	5.30400	252.5128
33.59999	5.30365	252.7550
33.60113	5.30310	253.0091
33.60248	5.30235	253.2512
33.60295	5.30175	253.4934
33.60402	5.30130	253.6872
33.60534	5.30100	253.8050
33.60566	5.30031	253.8444
33.60684	5.29986	253.8053
33.60667	5.30006	253.7511
33.60747	5.30070	253.7269
33.60656	5.30160	253.7301
33.60544	5.30235	253.7667
33.60384	5.30250	253.8064
33.60454	5.30200	253.8306
33.60540	5.30130	253.8002
33.60616	5.30095	253.6915
33.60732	5.30130	253.5282
33.60760	5.30255	253.3377
33.60537	5.30380	253.1597
33.60344	5.30475	252.9782
33.60261	5.30495	252.7910
33.60190	5.30470	252.5795
33.60232	5.30440	252.3435
33.60264	5.30420	252.0957
33.60307	5.30425	251.8449
33.60244	5.30465	251.5999
33.60140	5.30510	251.3580
33.60111	5.30549	251.1224
33.59941	5.30589	250.8775
33.59948	5.30594	250.6327
33.59869	5.30614	250.3850
33.59832	5.30634	250.1551
33.59793	5.30649	249.9135
33.59632	5.30679	249.6743
33.59639	5.30684	249.4267
33.59550	5.30714	249.1788
33.59512	5.30729	248.9310
33.59480	5.30774	248.6800
33.59391	5.30804	248.4322
33.59352	5.30819	248.1904
33.59288	5.30824	247.9395
33.59209	5.30844	247.6884
33.59227	5.30839	247.4344
33.59235	5.30844	247.1836
33.59264	5.30864	246.9175
33.59196	5.30909	246.6637
33.59076	5.30934	246.4036
33.59070	5.30954	246.1377
33.58809	5.31014	245.8656
33.58375	5.31103	245.5933
33.57842	5.31228	245.3156
33.57368	5.31393	245.0433
33.56958	5.31603	244.7650
33.56588	5.31772	244.4842
33.56325	5.31942	244.2000
33.56057	5.32117	243.9157
33.55804	5.32277	243.6343
33.55577	5.32411	243.3381
33.55308	5.32551	243.0539
33.55098	5.32676	242.7576
33.54846	5.32801	242.4584
33.54485	5.32926	242.1589
33.54156	5.33055	241.8625
33.53791	5.33185	241.5604
33.53534	5.33315	241.2491
33.53145	5.33435	240.9284
33.52900	5.33560	240.6081
33.52551	5.33675	240.2968
33.52350	5.33785	239.9822
33.52159	5.33884	239.6646
33.51873	5.33994	239.3319
33.51620	5.34099	238.9994
33.51348	5.34209	238.6697
33.51046	5.34314	238.3253
33.50756	5.34414	237.9924
33.50616	5.34499	237.6692
33.50522	5.34574	237.3454
33.50320	5.34649	237.0340
33.50076	5.34694	236.7258
33.50061	5.34724	236.4323
33.49934	5.34759	236.1210
33.49889	5.34783	235.8217
33.49812	5.34803	235.5255
33.49746	5.34813	235.2259
33.49522	5.34838	234.9144
33.49276	5.34893	234.6001
33.48931	5.34968	234.2855
33.48663	5.35038	233.9738
33.48446	5.35128	233.6655
33.48182	5.35193	233.3541
33.47931	5.35253	233.0489
33.47810	5.35318	232.7464
33.47607	5.35393	232.4562
33.47313	5.35488	232.1538
33.46996	5.35578	231.8453
33.46758	5.35683	231.5157
33.46537	5.35778	231.1922
33.46468	5.35863	230.8718
33.46308	5.35933	230.5514
33.46205	5.35988	230.2305
33.46155	5.36018	229.9100
33.46125	5.36028	229.6016
33.46049	5.36048	229.2903
33.46055	5.36058	228.9757
33.46045	5.36048	228.6582
33.46031	5.36043	228.3286
33.46007	5.36048	228.0020
33.45978	5.36058	227.6695
33.45908	5.36072	227.3307
33.45810	5.36117	226.9769
33.45747	5.36162	226.6291
33.45663	5.36192	226.2874
33.45644	5.36192	225.9428
33.45565	5.36217	225.6039
33.45571	5.36227	225.2774
33.45532	5.36247	224.9538
33.45512	5.36247	224.6395
33.45461	5.36242	224.3277
33.45441	5.36242	224.0253
33.45440	5.36222	223.7230
33.45441	5.36237	223.4176
33.45406	5.36252	223.1001
33.45319	5.36262	222.7886
33.45269	5.36277	222.4770
33.45130	5.36297	222.1592
33.44918	5.36382	221.8482
33.44733	5.36512	221.5246
33.44431	5.36652	221.2099
33.44267	5.36797	220.8986
33.44062	5.36947	220.5899
33.43917	5.37072	220.2816
33.43858	5.37147	219.9700
33.43789	5.37232	219.6586
33.43694	5.37307	219.3473
33.43702	5.37352	219.0175
33.43586	5.37412	218.6999
33.43482	5.37462	218.3673
33.43301	5.37517	218.0318
33.43075	5.37582	217.7050
33.42846	5.37692	217.3755
33.42691	5.37757	217.0424
33.42369	5.37882	216.7160
33.41976	5.38007	216.3923
33.41594	5.38157	216.0535
33.41269	5.38292	215.7180
33.41050	5.38422	215.3760
33.40816	5.38567	215.0376
33.40658	5.38672	214.6836
33.40447	5.38757	214.3448
33.40289	5.38827	213.9880
33.40108	5.38882	213.6522
33.39913	5.38952	213.3166
33.39805	5.39012	212.9929
33.39726	5.39072	212.6783
33.39635	5.39107	212.3699
33.39487	5.39142	212.0643
33.39382	5.39177	211.7619
33.39306	5.39197	211.4626
33.39194	5.39217	211.1573
33.39123	5.39232	210.8547
33.39062	5.39237	210.5521
33.39037	5.39242	210.2439
33.39013	5.39247	209.9170
33.39014	5.39262	209.5905
33.38975	5.39282	209.2608
33.38946	5.39292	208.9339
33.38907	5.39312	208.6016
33.38857	5.39307	208.2686
33.38754	5.39327	207.9422
33.38643	5.39347	207.6215
33.38598	5.39337	207.3071
33.38482	5.39362	206.9923
33.38238	5.39407	206.6901
33.38052	5.39467	206.3781
33.37866	5.39562	206.0699
33.37616	5.39657	205.7523
33.37421	5.39797	205.4347
33.37202	5.39927	205.1050
33.36982	5.40057	204.7785
33.36879	5.40142	204.4367
33.36792	5.40212	204.0825
33.36760	5.40262	203.7289
33.36626	5.40307	203.3689
33.36431	5.40342	203.0090
33.36115	5.40362	202.6642
33.35736	5.40402	202.3280
33.35438	5.40432	201.9926
33.34990	5.40512	201.6658
33.34606	5.40592	201.3513
33.34327	5.40637	201.0487
33.34172	5.40672	200.7437
33.34060	5.40692	200.4529
33.33867	5.40722	200.1595
33.33645	5.40782	199.8422
33.33551	5.40892	199.5306
33.33408	5.41052	199.2096
33.33261	5.41217	198.8861
33.33170	5.41362	198.5415
33.33104	5.41518	198.1935
33.33004	5.41708	197.8487
33.32920	5.41918	197.5008
33.32790	5.42173	197.1618
33.32598	5.42383	196.8383
33.32434	5.42528	196.5206
33.32274	5.42633	196.2182
33.32253	5.42668	195.9369
33.32248	5.42688	195.6496
33.32293	5.42728	195.3772
33.32349	5.42794	195.0993
33.32298	5.42889	194.8055
33.32266	5.43009	194.4939
33.32215	5.43149	194.1582
33.32050	5.43369	193.7953
33.31840	5.43599	193.4324
33.31605	5.43820	193.0481
33.31319	5.44020	192.6670
33.31079	5.44245	192.2889
33.30764	5.44581	191.9228
33.30347	5.44991	191.5625
33.29951	5.45372	191.2327
33.29592	5.45712	190.9457
33.29312	5.45973	190.6794
33.29105	5.46158	190.4253
33.28893	5.46313	190.1834
33.28827	5.46429	189.9170
33.28661	5.46539	189.6392
33.28273	5.46659	189.3365
33.27952	5.46819	189.0127
33.27503	5.46975	188.6769
33.27036	5.47105	188.3260
33.26695	5.47215	187.9781
33.26444	5.47350	187.6303
33.26170	5.47501	187.2852
33.25709	5.47696	186.9494
33.25466	5.47886	186.6290
33.25133	5.48022	186.3322
33.24954	5.48117	186.0420
33.24746	5.48197	185.7759
33.24583	5.48267	185.5188
33.24361	5.48397	185.2615
33.24144	5.48558	184.9954
33.23878	5.48733	184.7198
33.23674	5.48919	184.4146
33.23430	5.49109	184.1060
33.23263	5.49260	183.7732
33.23187	5.49390	183.4251
33.23035	5.49490	183.0594
33.22923	5.49585	182.7082
33.22896	5.49630	182.3545
33.22851	5.49666	182.0002
33.22802	5.49696	181.6677
33.22728	5.49716	181.3378
33.22669	5.49756	180.9962
33.22525	5.49846	180.6811
33.22365	5.49986	180.3941
33.22104	5.50157	180.1245
33.21924	5.50317	179.8462
33.21720	5.50468	179.5316
33.21195	5.50593	179.1686
33.20573	5.50773	178.8175
33.20189	5.50999	178.4879
33.19651	5.51245	178.1549
33.19102	5.51496	177.7978
33.18751	5.51726	177.4199
33.18508	5.51962	177.0688
33.18302	5.52218	176.7119
33.18101	5.52474	176.3852
33.17935	5.52729	176.0674
33.17723	5.52960	175.7591
33.17611	5.53161	175.4713
33.17521	5.53301	175.2021
33.17553	5.53427	174.9299
33.17514	5.53587	174.6607
33.17552	5.53743	174.3792
33.17584	5.53933	174.0886
33.17624	5.54124	173.7863
33.17568	5.54340	173.4778
33.17494	5.54576	173.1507
33.17505	5.54761	172.8092
33.17764	5.54977	172.4582
33.17969	5.55283	172.1072
33.17910	5.55720	171.7591
33.17839	5.56162	171.4112
33.17507	5.56624	171.0724
33.17255	5.57041	170.7273
33.16972	5.57417	170.3945
33.16641	5.57769	170.0800
33.16266	5.58100	169.7805
33.16008	5.58407	169.4625
33.15726	5.58673	169.1540
33.15429	5.58954	168.8366
33.15006	5.59256	168.5187
33.14552	5.59597	168.1949
33.13919	5.59969	167.8589
33.13021	5.60366	167.5200
33.11925	5.60778	167.1782
33.11099	5.61175	166.8302
33.10436	5.61507	166.5002
33.09833	5.61748	166.1678
33.09384	5.61934	165.8378
33.08976	5.62085	165.5081
33.08626	5.62206	165.1811
33.08255	5.62276	164.8544
33.07945	5.62326	164.5305
33.07771	5.62377	164.2037
33.07712	5.62417	163.8892
33.07709	5.62507	163.5774
33.07646	5.62623	163.2721
33.07654	5.62774	162.9693
33.07666	5.62950	162.6699
33.07762	5.63191	162.3700
33.07885	5.63543	162.0587
33.07889	5.64132	161.7377
33.07871	5.64916	161.3990
33.07301	5.65867	161.0572
33.06251	5.66783	160.6998
33.04868	5.67528	160.3248
33.03677	5.67941	159.9495
33.02658	5.68042	159.5682
33.02374	5.67916	159.2233
33.01834	5.67734	158.8782
33.01627	5.67573	158.5483
33.01666	5.67478	158.2214
33.01445	5.67468	157.9010
33.01311	5.67548	157.5770
33.01481	5.67679	157.2592
33.01875	5.67971	156.9357
33.02675	5.68454	156.6088
33.02839	5.69270	156.2671
33.02865	5.70227	155.9189
33.02272	5.71240	155.5739
33.01718	5.72041	155.2017
33.01803	5.72615	154.8293
33.01783	5.73195	154.4604
33.01701	5.73759	154.0820
33.01619	5.74294	153.7188
33.02626	5.74818	153.3706
33.03522	5.75635	153.0409
33.03844	5.76785	152.7263
33.05281	5.78122	152.4113
33.05429	5.79924	152.1211
33.05159	5.81893	151.8457
33.04689	5.83859	151.5674
33.03899	5.85683	151.2829
33.02881	5.87246	150.9801
33.01997	5.88485	150.6686
33.01391	5.89411	150.3416
33.00703	5.90170	149.9967
33.00353	5.90762	149.6515
32.99958	5.91293	149.2885
32.99587	5.91764	148.9344
32.99230	5.92149	148.5803
32.99021	5.92488	148.2475
32.98736	5.92797	147.9238
32.98486	5.93075	147.6239
32.98222	5.93319	147.3182
32.97963	5.93491	147.0248
32.97638	5.93587	146.7282
32.97453	5.93648	146.4257
32.97363	5.93683	146.1260
32.97388	5.93673	145.8114
32.97510	5.93709	145.4996
32.97608	5.93805	145.1726
32.97522	5.93947	144.8217
32.97226	5.94124	144.4676
32.97056	5.94281	144.1075
32.96774	5.94408	143.7472
32.96668	5.94499	143.3992
32.96435	5.94575	143.0511
32.96149	5.94676	142.7213
32.95792	5.94879	142.3852
32.95226	5.95188	142.0704
32.94546	5.95613	141.7679
32.93840	5.96064	141.4806
32.93252	5.96475	141.1927
32.92921	5.96865	140.9147
32.92755	5.97225	140.6116
32.92634	5.97610	140.3032
32.92322	5.98026	139.9944
32.91938	5.98437	139.6828
32.91075	5.98771	139.3526
32.89954	5.98969	138.9897
32.88896	5.99000	138.6386
32.88377	5.98873	138.2874
32.87975	5.98660	137.9666
32.87656	5.98427	137.6550
32.87697	5.98183	137.3434
32.87643	5.97970	137.0617
32.87664	5.97783	136.7865
32.87595	5.97651	136.5019
32.87567	5.97514	136.2083
32.87479	5.97402	135.9057
32.87453	5.97301	135.5816
32.87350	5.97215	135.2489
32.86974	5.97114	134.9039
32.86635	5.96946	134.5466
32.86383	5.96718	134.1804
32.85882	5.96465	133.8111
32.85564	5.96130	133.4752
32.85387	5.95750	133.1453
32.85236	5.95350	132.8456
32.85094	5.94975	132.5761
32.84885	5.94625	132.3131
32.84858	5.94311	132.0617
32.84465	5.94043	131.7983
32.84128	5.93759	131.5440
32.83798	5.93470	131.2628
32.83459	5.93227	130.9569
32.83160	5.93010	130.6391
32.82773	5.92817	130.3091
32.82172	5.92630	129.9552
32.81262	5.92372	129.6011
32.80749	5.92058	129.2467
32.80491	5.91799	128.8745
32.80316	5.91607	128.5172
32.80093	5.91491	128.2146
32.79787	5.91430	127.9483
32.79478	5.91400	127.6851
32.78926	5.91374	127.4338
32.78577	5.91283	127.1978
32.77927	5.91141	126.9465
32.77623	5.90934	126.6739
32.77314	5.90731	126.3833
32.77092	5.90615	126.0658
32.77002	5.90544	125.7265
32.77009	5.90554	125.3727
32.76891	5.90630	125.0001
32.76721	5.90716	124.6127
32.76557	5.90833	124.2253
32.76373	5.90969	123.8592
32.76238	5.91126	123.5110
32.76170	5.91248	123.2050
32.76037	5.91400	122.9238
32.75964	5.91562	122.6513
32.75839	5.91703	122.3999
32.75759	5.91870	122.1487
32.75739	5.92012	121.8976
32.75653	5.92144	121.6343
32.75462	5.92291	121.3497
32.75131	5.92503	121.0410
32.74633	5.92782	120.7019
32.73988	5.93111	120.3537
32.73164	5.93511	119.9814
32.72294	5.94002	119.6091
32.71505	5.94519	119.2368
32.70709	5.95036	118.8524
32.69678	5.95547	118.5163
32.68747	5.96100	118.2044
32.67636	5.96657	117.9230
32.66576	5.97225	117.6656
32.65633	5.97788	117.4052
32.65046	5.98300	117.1785
32.64510	5.98695	116.9241
32.64155	5.99005	116.6515
32.63900	5.99248	116.3459
32.63690	5.99410	116.0158
32.63486	5.99568	115.6588
32.63293	5.99715	115.2803
32.63155	5.99841	114.8839
32.62794	5.99953	114.4991
32.62393	6.00136	114.1056
32.61951	6.00359	113.7425
32.61536	6.00597	113.3972
32.61103	6.00881	113.0855
32.60620	6.01181	112.7890
32.60261	6.01465	112.5284
32.59885	6.01724	112.2771
32.59538	6.01952	112.0228
32.59281	6.02160	111.7566
32.59089	6.02373	111.4873
32.58838	6.02541	111.1814
32.58591	6.02713	110.8514
32.58421	6.02871	110.5153
32.58272	6.03008	110.1459
32.58125	6.03130	109.7645
32.58030	6.03226	109.3801
32.57900	6.03307	109.0106
32.57735	6.03424	108.6535
32.57521	6.03592	108.3144
32.57261	6.03769	107.9905
32.57030	6.03952	107.6999
32.56800	6.04140	107.4307
32.56621	6.04267	107.1759
32.56571	6.04404	106.9248
32.56491	6.04602	106.6614
32.56470	6.04856	106.3770
32.56298	6.05161	106.0651
32.56092	6.05501	105.7227
32.55872	6.05821	105.3567
32.55599	6.06126	104.9660
32.55385	6.06405	104.5693
32.55263	6.06654	104.1726
32.55127	6.06923	103.7943
32.55056	6.07198	103.4252
32.54789	6.07492	103.0950
32.54487	6.07787	102.7770
32.53994	6.08097	102.4925
32.53433	6.08377	102.2228
32.53197	6.08671	101.9657
32.53286	6.09093	101.7114
32.52953	6.09774	101.4450
32.52550	6.10573	101.1572
32.51859	6.11381	100.8636
32.51014	6.12099	100.5335
32.50336	6.12643	100.1733
32.49889	6.13055	99.8131
32.49409	6.13365	99.4288
32.49063	6.13528	99.0528
32.48697	6.13610	98.6807
32.48347	6.13630	98.3143
32.47899	6.13650	97.9691
32.47602	6.13620	97.6573
32.47382	6.13610	97.3665
32.46827	6.13666	97.0941
32.46511	6.13813	96.8308
32.46115	6.13971	96.5704
32.45929	6.14180	96.3070
32.45640	6.14460	96.0223
32.45313	6.14745	95.7256
32.44383	6.15050	95.4018
32.43358	6.15172	95.0534
32.42326	6.15086	94.6901
32.41618	6.14841	94.3146
32.41152	6.14628	93.9331
32.41047	6.14582	93.5670
32.40904	6.14714	93.1974
32.40341	6.15030	92.8522
32.39218	6.15437	92.5283
32.38052	6.15742	92.2288
32.36384	6.15890	91.9349
32.35632	6.15972	91.6589
32.36890	6.16466	91.3839
32.37063	6.17769	91.1140
32.37268	6.19542	90.8448
32.36930	6.21530	90.5449
32.35935	6.23524	90.2332
32.34972	6.25239	89.9122
32.34556	6.26663	89.5790
32.34441	6.27924	89.2339
32.34337	6.29241	88.8586
32.33173	6.30733	88.4890
32.30834	6.32210	88.1077
32.26645	6.33401	87.7382
32.23452	6.33841	87.4048
32.21898	6.33805	87.0811
32.20631	6.33575	86.7722
32.19894	6.33289	86.4755
32.19221	6.33079	86.2028
32.18542	6.33094	85.9274
32.17899	6.33248	85.6548
32.17243	6.33452	85.3793
32.16684	6.33657	85.0946
32.16269	6.33825	84.7978
32.15934	6.33948	84.4831
32.15863	6.34040	84.1468
32.15985	6.34214	83.7986
32.16119	6.34485	83.4352
32.16895	6.34910	83.0717
32.17042	6.35672	82.7146
32.17574	6.36639	82.3664
32.18026	6.37939	82.0303
32.17637	6.39669	81.7123
32.16680	6.41605	81.4003
32.15148	6.43568	81.0975
32.13814	6.45285	80.8039
32.12628	6.46705	80.5098
32.11858	6.47788	80.2133
32.11273	6.48681	79.9226
32.10550	6.49466	79.6138
32.09311	6.50149	79.3017
32.08437	6.50662	78.9900
32.07433	6.51206	78.6507
32.05028	6.51941	78.3207
32.02818	6.52798	77.9723
32.00208	6.53512	77.6150
31.98229	6.54016	77.2850
31.96685	6.54237	76.9764
31.94292	6.54170	76.6672
31.92614	6.53816	76.3766
31.91808	6.53209	76.0947
31.90393	6.52572	75.8163
31.89300	6.51920	75.5408
31.88683	6.51340	75.2531
31.88443	6.50847	74.9654
31.88423	6.50487	74.6595
31.88403	6.50231	74.3507
31.88388	6.50087	74.0176
31.88397	6.49984	73.6692
31.88336	6.49959	73.2999
31.88314	6.49964	72.9334
31.88264	6.50036	72.5760
31.88216	6.50215	72.2247
31.88032	6.50503	71.8765
31.87620	6.50924	71.5645
31.86967	6.51514	71.2585
31.86289	6.52197	70.9616
31.85479	6.52978	70.6742
31.84671	6.53785	70.4048
31.83857	6.54710	70.1261
31.83049	6.55768	69.8413
31.82230	6.56884	69.5444
31.81416	6.58062	69.2297
31.80224	6.59507	68.9056
31.79559	6.61144	68.5816
31.78548	6.63404	68.2574
31.77038	6.66057	67.9123
31.75429	6.68804	67.5549
31.74543	6.71899	67.2218
31.71912	6.76211	66.8916
31.68532	6.80542	66.5675
31.66454	6.84080	66.2405
31.63900	6.87192	65.9344
31.62303	6.89638	65.6287
31.60857	6.91623	65.3411
31.59490	6.93200	65.0534
31.58526	6.94331	64.7776
31.57776	6.95161	64.4991
31.57104	6.95768	64.2112
31.56650	6.96204	63.9055
31.56265	6.96604	63.5843
31.55856	6.97029	63.2513
31.55524	6.97409	62.9123
31.55089	6.97834	62.5577
31.54746	6.98219	62.2095
31.54458	6.98587	61.8793
31.54077	6.98946	61.5461
31.53923	6.99315	61.2252
31.53596	6.99798	60.9161
31.53043	7.00343	60.6194
31.52571	7.00837	60.3226
31.52007	7.01393	60.0409
31.51517	7.01944	59.7441
31.51122	7.02427	59.4592
31.50742	7.02895	59.1443
31.50406	7.03353	58.8323
31.50016	7.03759	58.5145
31.49655	7.04097	58.1722
31.49620	7.04476	57.8450
31.49387	7.05126	57.5056
31.49115	7.06011	57.1634
31.48417	7.07125	56.8365
31.47678	7.08275	56.5185
31.46945	7.09457	56.2187
31.46188	7.10702	55.9186
31.45450	7.11895	55.6463
31.43981	7.13224	55.3764
31.41601	7.14793	55.1039
31.38975	7.16457	54.8283
31.35923	7.18043	54.5436
31.33764	7.19666	54.2469
31.32243	7.21656	53.9380
31.30357	7.24519	53.6199
31.27752	7.27965	53.2868
31.25722	7.31105	52.9655
31.23724	7.34137	52.6415
31.21361	7.37088	52.3206
31.19627	7.39527	52.0144
31.18032	7.41568	51.7115
31.16716	7.43085	51.4148
31.15904	7.44078	51.1299
31.15431	7.44729	50.8516
31.15142	7.45244	50.5728
31.14816	7.45696	50.2941
31.14585	7.46116	50.0034
31.14449	7.46573	49.7126
31.14197	7.47204	49.4218
31.13526	7.48108	49.1278
31.12493	7.49170	48.8281
31.11231	7.50332	48.5313
31.09787	7.51485	48.2160
31.08374	7.52563	47.9161
31.07154	7.53690	47.5954
31.06194	7.55032	47.2893
31.05550	7.56528	46.9954
31.04837	7.58162	46.7049
31.04349	7.59938	46.4229
31.03367	7.61784	46.1566
31.02226	7.63404	45.8990
31.01347	7.64628	45.6326
31.00917	7.65489	45.3810
31.00603	7.66228	45.1177
31.00461	7.66983	44.8540
31.00024	7.67860	44.5814
30.99496	7.68758	44.3056
30.98971	7.69625	44.0150
30.98518	7.70402	43.7271
30.98157	7.71084	43.4333
30.97733	7.71792	43.1455
30.97352	7.72459	42.8638
30.97027	7.73025	42.5942
30.96719	7.73527	42.3246
30.96691	7.74088	42.0490
30.96646	7.74966	41.7763
30.96323	7.76374	41.4977
30.95756	7.78132	41.2311
30.94757	7.80071	40.9644
30.93768	7.81948	40.6949
30.93366	7.83634	40.4223
30.93234	7.85427	40.1407
30.92802	7.87438	39.8558
30.92014	7.89637	39.5590
30.91012	7.91826	39.2500
30.90294	7.93798	38.9408
30.90065	7.95734	38.6078
30.89129	7.97889	38.2595
30.87996	8.00146	37.9355
30.86462	8.02314	37.6202
30.85527	8.04169	37.3082
30.85108	8.06029	37.0204
30.84557	8.08377	36.7417
30.83121	8.11393	36.4721
30.81708	8.14834	36.2238
30.79227	8.18641	35.9662
30.76826	8.22061	35.6936
30.74863	8.24948	35.4147
30.73099	8.27280	35.1361
30.71915	8.29055	34.8333
30.70913	8.30633	34.5152
30.70189	8.32259	34.1852
30.69095	8.34160	33.8699
30.67821	8.36201	33.5516
30.66145	8.38217	33.2336
30.64925	8.39814	32.9428
30.63875	8.41186	32.6551
30.63041	8.42310	32.3734
30.62341	8.43279	32.0976
30.61670	8.44178	31.8280
30.61014	8.44986	31.5463
30.60474	8.45735	31.2554
30.59994	8.46521	30.9647
30.59353	8.47427	30.6526
30.58660	8.48505	30.3315
30.57670	8.49815	29.9949
30.56344	8.51438	29.6619
30.54566	8.53434	29.3103
30.52909	8.55480	28.9683
30.51290	8.57522	28.6319
30.49548	8.59662	28.3078
30.48019	8.61528	27.9835
30.46968	8.62988	27.6897
30.46014	8.64184	27.4169
30.45358	8.65109	27.1564
30.44750	8.65867	26.9019
30.44453	8.66414	26.6292
30.44097	8.66880	26.3505
30.43840	8.67232	26.0386
30.43671	8.67519	25.7205
30.43346	8.67876	25.3841
30.43040	8.68174	25.0267
30.42813	8.68456	24.6752
30.42651	8.68700	24.3146
30.42598	8.68922	23.9634
30.42468	8.69204	23.6269
30.42373	8.69556	23.3148
30.42185	8.69941	23.0181
30.41899	8.70326	22.7330
30.41691	8.70656	22.4635
30.41632	8.70965	22.1846
30.41502	8.71274	21.9089
30.41637	8.71735	21.6090
30.41922	8.72657	21.3061
30.40916	8.74328	20.9851
30.39527	8.76265	20.6516
30.38065	8.78214	20.3122
30.36495	8.80208	19.9700
30.34757	8.82301	19.6278
30.33014	8.84356	19.2884
30.31317	8.86473	18.9612
30.29722	8.88433	18.6460
30.28272	8.90148	18.3310
30.27228	8.91608	18.0279
30.26356	8.92949	17.7310
30.25500	8.94160	17.4157
30.24585	8.95212	17.1158
30.24155	8.95998	16.8128
30.23718	8.96974	16.4978
30.22532	8.98612	16.1857
30.20903	9.00660	15.8706
30.19384	9.02769	15.5524
30.17494	9.05355	15.2313
30.15267	9.08183	14.9129
30.13316	9.10619	14.5981
30.11998	9.12459	14.2858
30.11063	9.13922	13.9799
30.10049	9.15216	13.6679
30.09164	9.16203	13.3677
30.08727	9.16927	13.0557
30.08216	9.17585	12.7651
30.07861	9.18172	12.4830
30.07351	9.18716	12.2012
30.06971	9.19286	11.9162
30.06453	9.20000	11.6133
30.05986	9.20752	11.3072
30.05997	9.21631	10.9741
30.05845	9.22998	10.6407
30.05125	9.24888	10.2984
30.03908	9.26999	9.9498
30.02617	9.28963	9.6104
30.01513	9.30713	9.2771
29.99930	9.32464	8.9558
29.97814	9.34249	8.6469
29.97704	9.36062	8.3592
29.97326	9.39216	8.0712
29.94828	9.44112	7.7984
29.90778	9.49921	7.5259
29.86926	9.55590	7.2531
29.83606	9.59980	6.9712
29.81587	9.63076	6.6894
29.79823	9.65285	6.4077
29.78808	9.66746	6.1167
29.78066	9.67780	5.8197
29.77688	9.68441	5.5288
29.77383	9.68825	5.2379
29.77344	9.68925	4.9439
29.77379	9.68819	4.6652
29.77506	9.68602	4.4047
29.77641	9.68452	4.1379
29.77777	9.68452	3.8893
29.77752	9.68686	3.6562
29.77608	9.69025	3.3985
29.77406	9.69397	3.1348
29.77099	9.69781	2.8742
29.76784	9.70098	2.6135
29.76330	9.70354	2.3590
29.75743	9.70793	2.0923
29.75325	9.71327	1.8348
29.75059	9.71778	1.5620
29.74765	9.72184	1.3076
29.74684	9.72562	1.0499
29.74571	9.72940	0.8077
29.74317	9.73258	0.6014
29.74199	9.73486	0.4194
29.74046	9.73603	0.2439
29.74098	9.73664	0.0712
29.73796	9.73770	-0.0833
23.95568	9.73786	-0.0927
6.18318	9.73597	-0.0957
4.35200	9.73480	-0.1016
3.79186	9.73185	-0.0955
3.94751	9.72473	-0.0926
12.67028	9.71577	-0.0987
28.71760	9.70760	-0.0957
29.43774	9.68752	-0.0986
13.96901	9.66980	-0.0956
4.98111	9.66046	-0.0955
5.61975	9.65363	-0.0927
5.07846	9.64802	-0.0927
4.64178	9.64353	-0.0988
4.91209	9.63797	-0.0898
4.18145	9.63137	-0.0959
3.56329	9.62365	-0.0989
3.15037	9.61527	-0.0958
3.17819	9.60734	-0.0989
2.84592	9.59935	-0.1019
2.84233	9.59198	-0.0959
3.27559	9.58449	-0.0990
2.76741	9.57729	-0.0960
2.34773	9.57019	-0.0930
1.97603	9.56293	-0.0961
1.77325	9.55712	-0.0992
1.66348	9.55152	-0.0931
1.58371	9.54615	-0.1024
1.47528	9.54144	-0.0991
1.58838	9.53740	-0.0992
1.92648	9.53308	-0.0961
2.47964	9.52959	-0.0991
2.72005	9.52671	-0.0961
2.38728	9.52444	-0.0961
2.14569	9.52267	-0.0963
2.06219	9.52146	-0.0961
1.95927	9.52074	-0.0992
1.81261	9.51930	-0.0994
1.66711	9.51852	-0.0963
1.51990	9.51653	-0.0934
1.41791	9.51349	-0.0995
1.34446	9.50995	-0.1025
1.35319	9.50613	-0.1024
1.28699	9.50463	-0.1024
1.20511	9.50458	-0.1055
1.14249	9.50436	-0.0967
1.07796	9.50524	-0.1027
1.04611	9.50624	-0.0965
0.99221	9.50696	-0.0936
1.15403	9.50823	-0.0997
1.20239	9.50862	-0.0967
1.19981	9.50862	-0.0967
1.15161	9.50906	-0.0998
1.12612	9.51028	-0.0967
1.12518	9.51183	-0.0998
1.11600	9.51321	-0.1000
