Salinity, Practical [PSU]	Temperature [ITS-90, deg C]	Depth [salt water, m]
0.28564	15.91184	-0.3045
0.28430	15.92563	-0.3075
0.27860	15.93724	-0.3046
0.27446	15.94543	-0.3076
0.27039	15.95177	-0.2986
0.26663	15.95916	-0.3076
0.26327	15.96623	-0.3046
0.26036	15.97257	-0.3015
0.25819	15.97931	-0.3016
0.26593	15.98010	-0.3106
0.26921	15.96313	-0.3106
0.27185	15.93889	-0.3015
0.27732	15.90848	-0.3046
0.28186	15.88811	-0.3047
0.29825	15.89266	-0.3016
0.30420	15.90756	-0.2955
0.30906	15.92260	-0.3017
0.31252	15.93553	-0.2955
0.30789	15.94728	-0.3017
0.30322	15.95758	-0.3017
0.30114	15.96683	-0.2986
0.29644	15.80352	-0.2805
0.75154	15.24900	-0.2593
8.84576	14.45238	-0.2016
5.57182	13.73364	-0.2381
1.37695	13.30230	-0.2926
1.07206	13.22532	-0.2805
0.90130	13.30707	-0.2865
0.80679	13.44198	-0.2804
0.78609	13.59023	-0.2775
0.76776	13.68476	-0.2804
0.75790	13.72539	-0.2713
1.29650	13.57140	-0.2532
0.87178	13.15345	-0.2472
0.76208	12.82687	-0.2592
0.75040	12.61134	-0.2774
0.75021	12.55195	-0.2836
0.74128	12.56203	-0.2744
1.03760	12.53707	-0.2592
0.79693	12.41971	-0.2745
0.70302	12.36177	-0.2805
0.65668	12.37926	-0.2714
0.63240	12.42647	-0.2775
16.76709	12.46254	-0.0898
28.26602	12.33379	0.2010
28.42512	12.14788	0.4768
28.58295	11.99711	0.6979
28.79303	11.90020	0.8130
28.83138	11.84937	0.9433
28.99205	11.82001	1.0613
29.10045	11.80401	1.1735
29.13082	11.79526	1.2612
29.08036	11.82036	1.2703
29.06113	11.93287	1.2400
28.90548	12.02845	1.2552
28.83106	12.04194	1.2855
28.88635	12.00545	1.3249
29.01573	11.97248	1.3794
29.16373	11.95524	1.4127
29.22238	11.93818	1.4249
29.11134	11.92042	1.4187
28.98564	11.90002	1.4066
28.91816	11.86992	1.3824
28.92007	11.84684	1.3642
28.92442	11.83813	1.3460
28.93981	11.83436	1.3369
28.94722	11.83013	1.3218
28.96605	11.82413	1.3097
28.96697	11.81601	1.3158
28.95995	11.80666	1.3339
28.97733	11.79972	1.3733
28.99900	11.79514	1.3915
29.02478	11.79144	1.4279
29.12795	11.78967	1.4611
29.26371	11.80243	1.4611
29.32794	11.82524	1.4309
29.21988	11.83495	1.3915
29.07490	11.83066	1.3370
28.98962	11.81524	1.2823
28.93080	11.79866	1.2370
28.88100	11.79355	1.2279
28.85023	11.80055	1.2641
28.86128	11.80660	1.3309
28.93284	11.80942	1.4006
29.18886	11.81078	1.4612
29.30751	11.80631	1.5004
29.34341	11.82860	1.5157
29.27293	11.92874	1.4885
29.18018	12.05738	1.4249
29.08141	12.15987	1.3430
28.89460	12.22748	1.2552
28.78743	12.25771	1.1703
28.67315	12.23926	1.1340
28.62653	12.15370	1.1583
28.66442	12.06283	1.2492
28.75254	11.98860	1.3673
29.03704	11.94249	1.4612
29.18109	11.91376	1.5157
29.11746	11.94467	1.5278
28.99228	12.08243	1.5036
28.88722	12.21607	1.4460
28.79331	12.29028	1.3581
28.76785	12.31912	1.2854
28.74466	12.30821	1.2309
28.75957	12.24688	1.2219
28.73010	12.16901	1.2673
28.71600	12.08616	1.3370
28.88845	12.01656	1.4127
29.10028	11.97945	1.4794
29.15169	11.95376	1.5067
29.08434	12.01621	1.5036
29.00388	12.13074	1.4522
28.92942	12.23646	1.3735
28.83547	12.31209	1.2886
28.76010	12.35813	1.1916
28.70465	12.36696	1.1311
28.59782	12.29969	1.1553
28.55071	12.18647	1.2522
28.59936	12.07816	1.3765
28.73987	11.99227	1.4885
29.01408	11.94154	1.5552
29.09560	11.90916	1.5613
29.05233	11.95949	1.5219
28.96895	12.07568	1.4281
28.85846	12.16634	1.2856
28.77027	12.22225	1.1554
28.66990	12.23837	1.0979
28.49878	12.16812	1.1584
28.51021	12.05791	1.2705
28.57683	11.96120	1.3796
28.65155	11.88788	1.4523
28.76518	11.83819	1.4857
28.84909	11.81001	1.5068
28.85955	11.79138	1.4918
28.85483	11.80301	1.4463
28.90422	11.84178	1.3828
28.92000	11.88341	1.3009
28.90929	11.92862	1.2525
28.86140	11.97171	1.2282
28.79146	11.99563	1.2524
28.76430	12.00314	1.2949
28.76463	11.98199	1.3464
28.78689	11.94107	1.3889
28.86186	11.91122	1.4221
28.95220	11.89737	1.4403
28.99731	11.88618	1.4434
29.01676	11.89920	1.4404
28.98707	11.95730	1.4252
28.94995	12.01745	1.4010
28.92319	12.06354	1.3708
28.90072	12.10376	1.3374
28.88161	12.13530	1.3071
28.84107	12.15637	1.2981
28.78715	12.16426	1.3193
28.76305	12.15459	1.3526
28.77481	12.13115	1.3799
28.82313	12.09523	1.4132
28.89823	12.07787	1.4345
28.94654	12.06247	1.4557
28.94503	12.07828	1.4436
28.89276	12.14670	1.4132
28.84469	12.20804	1.3800
28.79567	12.25205	1.3497
28.76002	12.28414	1.3225
28.75413	12.30660	1.3074
28.73931	12.32001	1.3014
28.77117	12.32556	1.3104
28.78336	12.32920	1.3166
28.75415	12.33534	1.3225
28.73048	12.35712	1.3135
28.71580	12.37944	1.3075
28.70931	12.39037	1.3074
28.71723	12.39205	1.3226
28.73397	12.38727	1.3468
28.75654	12.37825	1.3711
28.77733	12.37383	1.4045
28.79877	12.38350	1.4348
28.80201	12.41326	1.4165
28.77372	12.46188	1.3652
28.76205	12.50644	1.2440
28.74745	12.53923	1.1047
28.69559	12.57169	1.0138
28.65303	12.59379	1.0261
28.59533	12.56017	1.1441
28.62758	12.44609	1.2956
28.85293	12.34614	1.3987
28.92621	12.28813	1.4047
28.87613	12.35921	1.3320
28.81003	12.46577	1.2261
28.74265	12.55303	1.0958
28.66774	12.62185	0.9958
28.61743	12.66203	0.9626
28.60809	12.68304	0.9838
28.63847	12.69454	1.0413
28.62709	12.70912	1.1081
28.57863	12.73872	1.1838
28.53722	12.77034	1.2535
28.49301	12.79594	1.2809
28.44021	12.80977	1.2808
28.42534	12.80210	1.2536
28.43175	12.76478	1.2082
28.42949	12.72100	1.1204
28.42994	12.67582	1.0326
28.45382	12.62089	0.9447
28.48398	12.56941	0.9235
28.49754	12.53653	0.9629
28.50768	12.50950	1.0477
28.52373	12.47571	1.1205
28.52979	12.43227	1.2083
28.54420	12.39246	1.2660
28.54957	12.36708	1.2992
28.55507	12.34095	1.2872
28.57149	12.30631	1.2236
28.57281	12.27348	1.0994
28.58445	12.24753	0.9662
28.60235	12.22207	0.8814
28.60330	12.20608	0.9027
28.61110	12.19521	0.9693
28.60171	12.17424	1.0360
28.60701	12.14581	1.0905
28.61582	12.12392	1.1420
28.61701	12.11058	1.1845
28.61699	12.09493	1.2027
28.62380	12.07686	1.2088
28.62632	12.06010	1.1996
28.62799	12.04040	1.1512
28.63599	12.01615	1.0635
28.64733	11.99114	0.9697
28.65683	11.97478	0.9484
28.65835	11.96740	0.9757
28.65734	11.96179	1.0302
28.65826	11.95063	1.0728
28.65680	11.93865	1.1303
28.65273	11.93322	1.1455
28.65445	11.92426	1.1454
28.66206	11.91005	1.1425
28.66698	11.90044	1.1455
28.66772	11.89672	1.1638
28.66550	11.89248	1.1819
28.66415	11.88830	1.1820
28.66098	11.88170	1.1638
28.66108	11.87769	1.0943
28.65926	11.87964	1.0003
28.65902	11.88358	0.9308
28.65988	11.88647	0.9035
28.65863	11.88688	0.9761
28.65977	11.87964	1.0762
28.65292	11.87598	1.1762
28.64974	11.86780	1.2489
28.65641	11.85520	1.2762
28.66190	11.84331	1.2429
28.66704	11.83377	1.1520
28.67236	11.82824	1.0461
28.67432	11.82730	0.9583
28.67340	11.82695	0.9098
28.67170	11.82360	0.9279
28.66924	11.81895	0.9735
28.66974	11.81460	1.0312
28.67493	11.81142	1.1008
28.67442	11.80925	1.1371
28.67284	11.80895	1.1372
28.66847	11.80948	1.1008
28.66935	11.80836	1.0495
28.66819	11.80637	1.0253
28.66895	11.80301	1.0435
28.66915	11.79837	1.0707
28.66828	11.79596	1.1072
28.66716	11.79537	1.1133
28.66616	11.79355	1.1012
28.66535	11.79061	1.0891
28.66761	11.78644	1.0589
28.67149	11.78150	1.0316
28.67456	11.77751	1.0377
28.67731	11.77510	1.0710
28.67690	11.77404	1.1317
28.67413	11.77369	1.1892
28.67035	11.77616	1.2226
28.66775	11.77915	1.2105
28.66636	11.78021	1.1409
28.66844	11.77974	1.0560
28.66373	11.78174	0.9895
28.66589	11.78333	0.9592
28.66895	11.78209	0.9744
28.66790	11.78186	1.0320
28.66430	11.78321	1.1139
28.65831	11.78515	1.2017
28.65613	11.78515	1.2532
28.65740	11.78192	1.2805
28.65772	11.77798	1.2806
28.65781	11.77545	1.2413
28.65787	11.77346	1.1535
28.65806	11.77211	1.0322
28.66207	11.77046	0.9414
28.66657	11.76940	0.9112
28.67113	11.76917	0.9627
28.66688	11.76970	1.0870
28.66257	11.77369	1.1780
28.65001	11.78244	1.2658
28.64443	11.78450	1.3204
28.64679	11.77962	1.3265
28.64950	11.77440	1.2992
28.65331	11.77105	1.2387
28.65694	11.76676	1.1721
28.66056	11.76365	1.1236
28.66280	11.76153	1.0934
28.66297	11.76054	1.0844
28.66115	11.76054	1.1086
28.66064	11.76118	1.1571
28.65913	11.76194	1.2116
28.65868	11.76194	1.2693
28.65872	11.76165	1.3027
28.65864	11.76136	1.3057
28.65880	11.76077	1.2845
28.65769	11.76106	1.2360
28.65696	11.76124	1.1937
28.65755	11.76089	1.1574
28.65915	11.75960	1.1424
28.66026	11.75854	1.1605
28.66167	11.75631	1.1848
28.66268	11.75490	1.2212
28.66035	11.75519	1.2242
28.65830	11.75472	1.2242
28.65720	11.75537	1.2092
28.65734	11.75560	1.1699
28.65976	11.75419	1.1457
28.66273	11.75173	1.1669
28.66361	11.74979	1.1972
28.66291	11.74873	1.2246
28.66148	11.74785	1.2276
28.66176	11.74633	1.1914
28.66347	11.74492	1.1519
28.66539	11.74322	1.1277
28.66717	11.74169	1.1187
28.66741	11.74099	1.1399
28.66746	11.74081	1.1855
28.66430	11.74099	1.2158
28.66261	11.74198	1.2552
28.66217	11.74216	1.2675
28.66249	11.74175	1.2523
28.66382	11.74146	1.2250
28.66323	11.74122	1.1918
28.66318	11.74128	1.1797
28.66252	11.74058	1.1888
28.66272	11.73952	1.2040
28.66101	11.73946	1.2253
28.65918	11.74011	1.2404
28.65830	11.74046	1.2557
28.65878	11.74022	1.2618
28.65944	11.73975	1.2800
28.65869	11.73899	1.3102
28.65849	11.73823	1.3346
28.65763	11.73817	1.3256
28.65658	11.73758	1.2984
28.65624	11.73688	1.2408
28.65745	11.73541	1.1893
28.66001	11.73400	1.1349
28.66180	11.73365	1.1047
28.66141	11.73336	1.1198
28.66132	11.73306	1.1835
28.66157	11.73348	1.2563
28.65808	11.73524	1.3320
28.65555	11.73647	1.3533
28.65467	11.73723	1.3259
28.65393	11.73705	1.2595
28.65478	11.73670	1.1776
28.65561	11.73776	1.1202
28.65603	11.73917	1.1292
28.65337	11.73987	1.1597
28.65266	11.74116	1.2051
28.65191	11.74416	1.2202
28.64871	11.74463	1.2264
28.64781	11.74463	1.2325
28.64857	11.74363	1.2567
28.64851	11.74251	1.2842
28.64853	11.74169	1.3023
28.64936	11.74022	1.3084
28.64923	11.73923	1.2964
28.64922	11.73846	1.2752
28.64964	11.73793	1.2541
28.65008	11.73752	1.2268
28.64962	11.73758	1.2147
28.64832	11.73811	1.2026
28.64744	11.73846	1.2057
28.64602	11.73905	1.2118
28.64489	11.73934	1.2240
28.64502	11.73917	1.2332
28.64415	11.73911	1.2482
28.64359	11.73905	1.2635
28.64345	11.73923	1.2786
28.64257	11.73958	1.2849
28.64208	11.73999	1.2848
28.64160	11.74046	1.2758
28.64106	11.74116	1.2637
28.64018	11.74193	1.2516
28.63887	11.74245	1.2244
28.63876	11.74286	1.1730
28.63874	11.74345	1.1457
28.63874	11.74421	1.1731
28.63663	11.74498	1.2277
28.63595	11.74545	1.2792
28.63460	11.74592	1.3336
28.63286	11.74621	1.3672
28.63209	11.74645	1.3218
28.63243	11.74603	1.2491
28.63295	11.74580	1.1644
28.63429	11.74533	1.1037
28.63628	11.74551	1.0736
28.63511	11.74545	1.1039
28.63369	11.74562	1.1615
28.63276	11.74680	1.2251
28.63050	11.74750	1.2948
28.63012	11.74744	1.3130
28.63174	11.74691	1.3010
28.63241	11.74645	1.2587
28.63102	11.74633	1.2133
28.63102	11.74750	1.1951
28.62964	11.74797	1.1920
28.62996	11.74809	1.2134
28.62980	11.74750	1.2316
28.62900	11.74697	1.2377
28.62865	11.74627	1.2165
28.62901	11.74574	1.1863
28.62976	11.74486	1.1318
28.63045	11.74398	1.1075
28.63098	11.74328	1.1349
28.63119	11.74298	1.1774
28.63026	11.74298	1.2562
28.63028	11.74292	1.3319
28.62957	11.74304	1.3684
28.63001	11.74286	1.3533
28.63023	11.74222	1.3018
28.63046	11.74157	1.2019
28.63124	11.74140	1.1019
28.63157	11.74140	1.0112
28.63303	11.74146	1.0142
28.63442	11.74116	1.1204
28.63157	11.74128	1.2596
28.63031	11.74328	1.3354
28.62792	11.74598	1.3477
28.62732	11.74551	1.3446
28.62785	11.74445	1.3114
28.62888	11.74351	1.2841
28.63002	11.74251	1.2479
28.63061	11.74175	1.2358
28.63089	11.74093	1.2267
28.63104	11.74034	1.2328
28.63121	11.74011	1.2541
28.63166	11.73928	1.2662
28.63211	11.73852	1.2906
28.63203	11.73823	1.3148
28.63217	11.73764	1.3331
28.63277	11.73688	1.3209
28.63322	11.73647	1.2755
28.63337	11.73653	1.2422
28.63376	11.73641	1.2272
28.63342	11.73647	1.2333
28.63372	11.73606	1.2667
28.63359	11.73582	1.3001
28.63342	11.73617	1.3334
28.63262	11.73664	1.3759
28.63219	11.73641	1.4153
28.63216	11.73606	1.4184
28.63227	11.73553	1.3880
28.63211	11.73529	1.3307
28.63241	11.73541	1.2549
28.63212	11.73582	1.1853
28.63281	11.73612	1.1490
28.63342	11.73612	1.1460
28.63286	11.73588	1.1884
28.63272	11.73659	1.2430
28.63218	11.73764	1.3036
28.63171	11.73823	1.3733
28.63081	11.73858	1.4249
28.63072	11.73893	1.4341
28.63020	11.73899	1.4099
28.63031	11.73887	1.3615
28.63034	11.73887	1.2706
28.63007	11.73887	1.1858
28.63030	11.73899	1.1373
28.63004	11.73917	1.1465
28.62933	11.73905	1.2041
28.62956	11.73911	1.2799
28.62876	11.73934	1.3285
28.62700	11.74005	1.3617
28.62675	11.73999	1.3285
28.62739	11.73958	1.2800
28.62797	11.73923	1.2438
28.62812	11.73905	1.2226
28.62846	11.73899	1.2227
28.62768	11.73882	1.2682
28.62801	11.73876	1.3106
28.62647	11.73917	1.3470
28.62535	11.73946	1.3409
28.62492	11.73917	1.3168
28.62518	11.73870	1.2624
28.62559	11.73835	1.2048
28.62539	11.73823	1.1837
28.62789	11.73817	1.2201
28.62765	11.73840	1.3746
28.62518	11.73752	1.5745
28.62624	11.73441	1.7776
28.62942	11.73183	1.9685
28.62941	11.73019	2.1442
28.62843	11.72825	2.3078
28.63064	11.72608	2.4927
28.63273	11.72485	2.6654
28.63300	11.72403	2.8351
28.63191	11.72262	2.9896
28.63174	11.72121	3.1410
28.63320	11.71963	3.2895
28.63441	11.71893	3.4320
28.63331	11.71816	3.5956
28.63272	11.71681	3.7774
28.63093	11.71552	3.9682
28.62950	11.71453	4.1925
28.63146	11.71306	4.4046
28.63420	11.71072	4.6289
28.63690	11.70814	4.8407
28.63814	11.70602	5.0499
28.63977	11.70421	5.2437
28.64140	11.70239	5.4378
28.64340	11.70057	5.6224
28.64393	11.69893	5.7982
28.64136	11.69670	5.9709
28.64113	11.69489	6.1467
28.64135	11.69295	6.3285
28.64196	11.69207	6.5132
28.64292	11.69207	6.6920
28.64619	11.69195	6.8860
28.64892	11.69067	7.0859
28.65238	11.68844	7.2737
28.65411	11.68609	7.4767
28.65399	11.68475	7.6707
28.65488	11.68451	7.8676
28.65403	11.68475	8.0524
28.65121	11.68557	8.2432
28.64840	11.68756	8.4463
28.64362	11.69061	8.6432
28.64104	11.69371	8.8311
28.63877	11.69617	9.0219
28.63707	11.69829	9.2037
28.63597	11.69963	9.3825
28.64029	11.70028	9.5674
28.65528	11.69741	9.7491
28.66445	11.68809	9.9279
28.67123	11.67883	10.1005
28.67714	11.67303	10.2884
28.68614	11.66840	10.4672
28.69581	11.66284	10.6460
28.69612	11.65686	10.8429
28.69804	11.65429	11.0338
28.71825	11.65212	11.2185
28.76038	11.64211	11.4095
28.81235	11.61894	11.5973
28.86835	11.58912	11.7820
28.92047	11.55763	11.9699
28.96581	11.51636	12.1518
29.01731	11.46989	12.3274
29.05906	11.42552	12.5031
29.09111	11.39249	12.6880
29.12152	11.37144	12.8820
29.14899	11.35773	13.0727
29.19031	11.34588	13.2575
29.22444	11.32127	13.4453
29.26633	11.27812	13.6303
29.30967	11.21957	13.8120
29.34717	11.14995	13.9907
29.39145	11.07205	14.1817
29.44783	11.00109	14.3695
29.50342	10.94659	14.5513
29.54185	10.90611	14.7361
29.57179	10.87432	14.9057
29.60044	10.84503	15.0754
29.62208	10.81909	15.2512
29.63951	10.79567	15.4329
29.65260	10.77205	15.6208
29.64612	10.74535	15.8086
29.65929	10.70246	15.9965
29.68265	10.65112	16.1813
29.70380	10.60093	16.3812
29.72789	10.55376	16.5903
29.73241	10.51250	16.7812
29.75725	10.47294	16.9721
29.76674	10.44050	17.1447
29.77278	10.41097	17.3235
29.78030	10.37966	17.4931
29.80733	10.34634	17.6779
29.84250	10.30705	17.8627
29.87287	10.27154	18.0445
29.89925	10.24519	18.2353
29.92237	10.22743	18.4051
29.93675	10.21418	18.5867
29.95156	10.20460	18.7747
29.96321	10.19621	18.9443
29.97074	10.18968	19.1170
29.97685	10.18495	19.2836
29.98288	10.18207	19.4504
29.98791	10.18100	19.6261
29.98906	10.18067	19.8139
29.99054	10.18039	20.0048
29.99200	10.17982	20.1986
29.99449	10.17847	20.3864
29.99782	10.17588	20.5742
30.00034	10.17312	20.7440
30.00332	10.17020	20.9258
30.00565	10.16654	21.1105
30.01009	10.16108	21.2953
30.01553	10.15365	21.4772
30.02215	10.14442	21.6589
30.03409	10.12856	21.8407
30.04788	10.11131	22.0194
30.05814	10.09771	22.2073
30.06507	10.08653	22.3920
30.07511	10.07283	22.5738
30.08625	10.05941	22.7555
30.09310	10.04751	22.9251
30.08616	10.03584	23.1009
30.08622	10.01835	23.2737
30.10166	9.99492	23.4372
30.11754	9.97598	23.6098
30.12806	9.96092	23.7795
30.13609	9.94855	23.9493
30.13950	9.93898	24.1189
30.14285	9.93048	24.2916
30.14524	9.92237	24.4582
30.14458	9.91426	24.6310
30.13409	9.90297	24.8006
30.14471	9.87944	24.9824
30.17135	9.84711	25.1521
30.20974	9.81687	25.3308
30.23590	9.79278	25.5216
30.24817	9.77350	25.7336
30.25444	9.75830	25.9154
30.26045	9.74371	26.0791
30.27540	9.72440	26.2548
30.31840	9.69920	26.4244
30.37407	9.67596	26.5849
30.38879	9.66185	26.7577
30.39642	9.65274	26.9213
30.41011	9.64525	27.0849
30.43058	9.63670	27.2514
30.44548	9.62543	27.4303
30.45685	9.61472	27.5999
30.46348	9.60673	27.7848
30.46823	9.60030	27.9514
30.47192	9.59547	28.1361
30.47494	9.59259	28.3059
30.47536	9.59065	28.4905
30.47665	9.58926	28.6723
30.47682	9.58860	28.8481
30.47709	9.58660	29.0268
30.47844	9.58266	29.1933
30.47957	9.57657	29.3631
30.47674	9.56698	29.5387
30.48721	9.54499	29.6963
30.50474	9.51288	29.8630
30.52046	9.47599	30.0326
30.54542	9.43747	30.2052
30.56706	9.40441	30.3659
30.58940	9.37892	30.5294
30.60708	9.35891	30.6961
30.61814	9.34265	30.8779
30.62691	9.32871	31.0414
30.63685	9.31627	31.2020
30.64369	9.30520	31.3596
30.64976	9.29579	31.4989
30.65766	9.28644	31.6231
30.66460	9.27874	31.7564
30.66678	9.27379	31.9139
30.66775	9.26768	32.0927
30.67398	9.25845	32.2715
30.68049	9.24822	32.4531
30.70155	9.23416	32.6289
30.73578	9.21856	32.7955
30.76941	9.20483	32.9469
30.77657	9.19456	33.1046
30.79030	9.18765	33.2621
30.79628	9.18364	33.4226
30.80344	9.18172	33.5772
30.80907	9.18008	33.7468
30.81249	9.17904	33.9135
30.80596	9.17744	34.0650
30.80771	9.17234	34.2165
30.81731	9.16379	34.3467
30.80951	9.15496	34.5102
30.79439	9.14087	34.6588
30.80028	9.12076	34.8193
30.81144	9.10170	34.9738
30.82461	9.08714	35.1313
30.83492	9.07740	35.2979
30.83722	9.07182	35.4434
30.83707	9.06689	35.5979
30.84300	9.06148	35.7373
30.84469	9.05562	35.8948
30.84903	9.04791	36.0463
30.85547	9.03889	36.2100
30.86420	9.02911	36.3917
30.87759	9.01965	36.5704
30.88446	9.01277	36.7581
30.88650	9.00764	36.9399
30.88944	9.00288	37.1157
30.87858	8.99808	37.2882
30.86912	8.98432	37.4549
30.88442	8.96025	37.6186
30.90170	8.93871	37.7882
30.91224	8.92350	37.9700
30.92104	8.91254	38.1609
30.92755	8.90497	38.3516
30.93226	8.89870	38.5546
30.93758	8.89288	38.7455
30.94017	8.88944	38.9211
30.94132	8.88738	39.0848
30.94237	8.88601	39.2454
30.94268	8.88558	39.4149
30.94298	8.88514	39.5998
30.94235	8.88427	39.7875
30.94127	8.88122	39.9815
30.94498	8.87425	40.1754
30.95112	8.86674	40.3693
30.95378	8.86097	40.5570
30.95600	8.85602	40.7417
30.95780	8.85161	40.9326
30.95655	8.84704	41.1206
30.96031	8.84144	41.3203
30.96482	8.83655	41.5143
30.96706	8.83350	41.7203
30.96104	8.83089	41.9051
30.94848	8.82290	42.0960
30.93919	8.80300	42.2776
30.94461	8.76879	42.4535
30.92634	8.72386	42.6260
30.92061	8.65331	42.7958
30.96977	8.56145	42.9806
31.03205	8.47615	43.1683
31.06725	8.41159	43.3561
31.09615	8.36061	43.5470
31.12537	8.31813	43.7347
31.14837	8.28535	43.9197
31.16033	8.26095	44.0984
31.16595	8.24038	44.2771
31.18142	8.22061	44.4436
31.18781	8.20551	44.6133
31.19172	8.19283	44.7860
31.19354	8.18020	44.9646
31.19459	8.16560	45.1435
31.20082	8.14919	45.3282
31.20621	8.13300	45.5102
31.21267	8.11708	45.7071
31.22163	8.10245	45.9038
31.22325	8.09012	46.0978
31.22662	8.07731	46.2887
31.22899	8.06413	46.4733
31.22613	8.05022	46.6642
31.20371	8.03033	46.8520
31.18869	7.99262	47.0307
31.20980	7.93617	47.2308
31.25493	7.87820	47.4094
31.29115	7.83506	47.5912
31.31199	7.80728	47.7699
31.32357	7.78916	47.9456
31.33147	7.77545	48.1364
31.33847	7.76422	48.3304
31.34466	7.75538	48.5302
31.34703	7.74892	48.7484
31.35109	7.74326	48.9635
31.35356	7.73892	49.1755
31.35409	7.73527	49.3693
31.35398	7.73157	49.5875
31.35741	7.72691	49.8024
31.35806	7.72311	50.0267
31.35840	7.71898	50.2389
31.35868	7.71486	50.4539
31.35895	7.70962	50.6719
31.36323	7.70402	50.8929
31.36720	7.69921	51.1112
31.36619	7.69651	51.3263
31.36541	7.69318	51.5413
31.36482	7.68853	51.7623
31.34272	7.68203	51.9805
31.30205	7.66001	52.2016
31.28114	7.60471	52.4257
31.32680	7.52158	52.6622
31.37844	7.44225	52.8983
31.42095	7.37754	53.1467
31.44677	7.32624	53.3770
31.47843	7.28143	53.6252
31.50402	7.24550	53.8555
31.52347	7.21896	54.0795
31.52771	7.19844	54.3068
31.53980	7.17850	54.5431
31.54927	7.16076	54.7854
31.55760	7.14642	55.0309
31.56710	7.13354	55.2881
31.57405	7.12374	55.5427
31.57576	7.11666	55.7971
31.57607	7.10962	56.0305
31.58411	7.10071	56.2697
31.59007	7.09483	56.4907
31.59102	7.09155	56.7117
31.59151	7.08869	56.9361
31.59413	7.08572	57.1359
31.59592	7.08296	57.2631
31.59810	7.08093	57.3178
31.60358	7.08004	57.3269
31.60296	7.08181	57.3362
31.59575	7.08348	57.3332
31.59530	7.08140	57.3272
31.60028	7.07817	57.3395
31.59796	7.07671	57.3424
31.60000	7.07484	57.3606
31.59897	7.07374	57.3668
31.59958	7.07270	57.3759
31.60093	7.07197	57.3760
31.60029	7.07156	57.3883
31.59999	7.07114	57.4064
31.60060	7.07083	57.4308
31.60102	7.07073	57.4582
31.60015	7.07130	57.4764
31.60112	7.07208	57.4825
31.60258	7.07270	57.4824
31.60655	7.07421	57.4798
31.60252	7.07713	57.4798
31.59964	7.07879	57.4828
31.59913	7.07900	57.4466
31.59996	7.07890	57.3225
31.60357	7.07931	57.1742
31.60513	7.08108	57.0259
31.60315	7.08405	56.8837
31.59639	7.08634	56.7293
31.59527	7.08697	56.5871
31.59754	7.08707	56.4448
31.59689	7.08785	56.2965
31.59648	7.08837	56.1483
31.59681	7.08957	56.0029
31.59423	7.09061	55.8485
31.59523	7.09072	55.6881
31.59482	7.09160	55.5337
31.59549	7.09243	55.3794
31.59427	7.09420	55.2312
31.59314	7.09618	55.0737
31.59122	7.09769	54.9132
31.58922	7.09848	54.7559
31.59012	7.09868	54.5954
31.59251	7.09978	54.4351
31.59394	7.10191	54.2687
31.59417	7.10655	54.1083
31.59111	7.11322	53.9507
31.58822	7.11978	53.7843
31.58594	7.12598	53.6180
31.58438	7.13286	53.4545
31.58114	7.14047	53.2820
31.57778	7.14830	53.1214
31.57359	7.15659	52.9459
31.56984	7.16373	52.7614
31.57027	7.17067	52.5797
31.57099	7.17980	52.3981
31.57329	7.19238	52.2135
31.57334	7.21029	52.0471
31.56768	7.23343	51.8743
31.57678	7.26051	51.6927
31.59094	7.30184	51.5020
31.57370	7.36407	51.3234
31.53094	7.43316	51.1480
31.49150	7.49170	50.9814
31.46305	7.53753	50.8181
31.44133	7.57377	50.6455
31.42222	7.60344	50.4730
31.40688	7.62644	50.3065
31.39413	7.64354	50.1581
31.38717	7.65578	50.0037
31.38149	7.66513	49.8525
31.37869	7.67268	49.6981
31.37515	7.67966	49.5498
31.37113	7.68568	49.3954
31.36878	7.69059	49.2411
31.36675	7.69477	49.0988
31.36472	7.69820	48.9686
31.36393	7.70101	48.8293
31.36240	7.70381	48.6993
31.36213	7.70640	48.5784
31.36080	7.70867	48.4573
31.35919	7.71089	48.3391
31.35799	7.71295	48.2272
31.35673	7.71449	48.1122
31.35649	7.71591	48.0003
31.35521	7.71702	47.8823
31.35502	7.71803	47.7763
31.35593	7.71893	47.6674
31.35651	7.72057	47.5615
31.35618	7.72321	47.4554
31.35445	7.72660	47.3557
31.35431	7.72977	47.2498
31.35198	7.73353	47.1498
31.35470	7.73686	47.0471
31.35737	7.74316	46.9289
31.35694	7.75363	46.8079
31.36095	7.76734	46.6868
31.37500	7.78837	46.5627
31.36517	7.82266	46.4478
31.35523	7.86042	46.3450
31.33904	7.89817	46.2632
31.31298	7.93346	46.1906
31.29180	7.95946	46.1180
31.28544	7.97665	46.0425
31.28017	7.99150	45.9517
31.27245	8.00540	45.8428
31.26455	8.01728	45.7247
31.25973	8.02602	45.6007
31.25494	8.03294	45.4614
31.25214	8.03801	45.3282
31.25171	8.04227	45.1860
31.25057	8.04659	45.0498
31.24844	8.05091	44.9167
31.24748	8.05464	44.8047
31.24781	8.05843	44.6867
31.24978	8.06296	44.5776
31.25260	8.07027	44.4567
31.25517	8.08158	44.3295
31.25134	8.09748	44.1782
31.24754	8.11521	44.0207
31.24000	8.13455	43.8574
31.22829	8.15299	43.6908
31.22228	8.16801	43.5334
31.21772	8.18208	43.3608
31.21721	8.19620	43.1975
31.21684	8.21344	43.0460
31.20389	8.23368	42.8887
31.19808	8.25147	42.7435
31.19105	8.26840	42.5861
31.18337	8.28428	42.4407
31.18602	8.29924	42.2924
31.21997	8.32216	42.1350
31.22701	8.37303	41.9748
31.20250	8.44717	41.8112
31.15361	8.52695	41.6265
31.10438	8.59641	41.4388
31.07092	8.64882	41.2511
31.04607	8.68895	41.0604
31.03152	8.72104	40.8697
31.01274	8.74892	40.6790
30.99828	8.77161	40.4823
30.98968	8.78986	40.2612
30.97914	8.80502	40.0372
30.97101	8.81675	39.8191
30.96674	8.82551	39.5801
30.96141	8.83285	39.3410
30.95764	8.83878	39.1170
30.95430	8.84422	38.8958
30.95114	8.84944	38.6811
30.94753	8.85406	38.4721
30.94537	8.85776	38.2600
30.94241	8.86201	38.0481
30.94003	8.86560	37.8272
30.93833	8.86886	37.6001
30.93663	8.87175	37.3549
30.93603	8.87398	37.1128
30.93573	8.87632	36.8645
30.93581	8.87861	36.5979
30.94316	8.88160	36.3377
30.95063	8.89037	36.0773
30.94700	8.90731	35.8198
30.94179	8.92808	35.5716
30.93106	8.95152	35.3385
30.91589	8.97433	35.1053
30.90079	8.99376	34.8753
30.88712	9.00895	34.6391
30.87594	9.01993	34.4030
30.88063	9.03015	34.1668
30.88075	9.04414	33.9246
30.87783	9.06000	33.6671
30.88493	9.07554	33.4219
30.88404	9.09294	33.1736
30.87041	9.11030	32.9253
30.85190	9.12536	32.6620
30.83777	9.13785	32.3835
30.82549	9.14860	32.0987
30.80235	9.15737	31.7989
30.75994	9.16307	31.4750
30.74047	9.16839	31.1571
30.73163	9.17662	30.8422
30.71689	9.18886	30.5545
30.70289	9.20527	30.2729
30.68981	9.22059	30.0427
30.67837	9.23515	29.8126
30.67158	9.24954	29.6190
30.66806	9.26714	29.4160
30.65792	9.28892	29.1919
30.64307	9.31396	28.9438
30.62419	9.34337	28.6651
30.60327	9.37611	28.3563
30.58127	9.40948	28.0171
30.56025	9.44189	27.6811
30.53859	9.47162	27.3478
30.52061	9.49750	27.0269
30.50306	9.51980	26.7151
30.48891	9.53696	26.4424
30.47866	9.54953	26.1853
30.46782	9.55939	25.9612
30.45106	9.56853	25.7461
30.43216	9.57817	25.5190
30.39754	9.58810	25.2859
30.36782	9.59780	25.0286
30.35682	9.61134	24.7590
30.34205	9.63087	24.4409
30.31701	9.65308	24.1110
30.28996	9.67391	23.7748
30.27267	9.69425	23.4084
30.25914	9.71778	23.0753
30.24704	9.74454	22.7421
30.24055	9.77311	22.4606
30.22841	9.80454	22.2123
30.21679	9.83612	21.9823
30.20059	9.87090	21.7702
30.17178	9.90850	21.5461
30.14453	9.94010	21.3130
30.12596	9.96439	21.0587
30.11374	9.98192	20.8012
30.09858	9.99716	20.5135
30.08466	10.01510	20.2107
30.07520	10.03439	19.8897
30.05681	10.05980	19.5626
30.04057	10.08456	19.2205
30.02509	10.10681	18.8994
30.00583	10.12474	18.5753
29.98712	10.13644	18.2877
29.96383	10.14392	18.0030
29.94147	10.15067	17.7366
29.92700	10.16023	17.4791
29.91531	10.17132	17.2247
29.90413	10.18286	16.9795
29.89586	10.19339	16.7342
29.88958	10.20190	16.4979
29.88322	10.21013	16.2315
29.87743	10.21858	15.9802
29.87150	10.22653	15.7106
29.87620	10.23408	15.4412
29.88427	10.24716	15.1806
29.88455	10.26894	14.9233
29.87856	10.29514	14.6719
29.87576	10.32271	14.4419
29.86730	10.35160	14.2327
29.85991	10.38124	14.0299
29.85236	10.41783	13.8210
29.83001	10.46783	13.6120
29.79210	10.52125	13.3879
29.75001	10.57094	13.1911
29.71509	10.61943	12.9730
29.67609	10.67872	12.7762
29.61817	10.75764	12.5946
29.53165	10.85483	12.4220
29.43516	10.95044	12.2676
29.34907	11.04041	12.0919
29.27920	11.11894	11.9314
29.22546	11.17965	11.7679
29.18513	11.22362	11.5831
29.15305	11.25824	11.3894
29.12751	11.28496	11.2015
29.10469	11.30578	10.9957
29.08279	11.32470	10.7776
29.04027	11.34292	10.5627
28.98998	11.36802	10.3385
28.95600	11.39743	10.1024
28.92249	11.42506	9.8691
28.87888	11.44957	9.6329
28.83890	11.47479	9.4089
28.80748	11.50061	9.2180
28.78641	11.52383	9.0423
28.77013	11.54174	8.9062
28.75517	11.55476	8.7790
28.74039	11.56639	8.6790
28.72989	11.57743	8.5490
28.72327	11.58590	8.3672
28.71778	11.59116	8.1341
28.70901	11.59590	7.8674
28.69070	11.60128	7.5706
28.67187	11.61274	7.2557
28.65588	11.62812	6.9255
28.64463	11.64246	6.6228
28.63479	11.65458	6.3259
28.62978	11.66278	6.0563
28.62684	11.66787	5.8262
28.62521	11.67133	5.6383
28.62450	11.67344	5.4687
28.62319	11.67561	5.3143
28.62136	11.67807	5.1386
28.61733	11.68064	4.9570
28.61261	11.68404	4.7571
28.60813	11.68850	4.5269
28.60622	11.69266	4.2846
28.60446	11.69506	4.0272
28.60819	11.69465	3.7636
28.60865	11.69301	3.4912
28.60899	11.69137	3.2397
28.61433	11.68979	3.0065
28.61447	11.69020	2.7642
28.61364	11.69090	2.5675
28.61416	11.69154	2.4099
28.61311	11.69219	2.2735
28.61588	11.69225	2.1585
28.61894	11.69061	2.0405
28.61921	11.68797	1.9133
28.62023	11.68633	1.7709
28.62268	11.68598	1.5801
28.62135	11.68633	1.3288
28.61855	11.68809	1.0047
28.61673	11.69102	0.6503
28.61458	11.69360	0.2927
28.61286	11.69518	0.0202
28.61208	11.69623	-0.0828
28.61016	11.69817	-0.0524
28.60808	11.70098	0.0355
28.60555	11.70385	0.0961
28.60163	11.70614	0.0568
28.59955	11.70778	-0.1613
28.59068	11.70714	-0.2521
28.58349	11.70591	-0.2428
28.58718	11.70063	-0.2398
28.59207	11.68996	-0.2429
28.59683	11.68182	-0.2397
28.59760	11.67408	-0.2426
28.60001	11.66430	-0.2426
28.60378	11.65001	-0.2426
13.02611	11.63409	-0.2395
4.90179	11.61607	-0.2424
5.95204	11.60092	-0.2395
5.25359	11.59368	-0.2393
4.20111	11.58730	-0.2423
3.08692	11.57667	-0.2422
2.39727	11.56323	-0.2362
1.97741	11.54881	-0.2361
1.79984	11.53340	-0.2542
1.88916	11.51537	-0.2512
1.96222	11.50015	-0.2512
1.90358	11.48749	-0.2480
1.81671	11.47590	-0.2509
1.75210	11.46413	-0.2510
1.83795	11.45137	-0.2539
2.33800	11.43944	-0.2570
2.61898	11.42948	-0.2599
2.76504	11.42378	-0.2568
2.87704	11.42459	-0.2568
2.36374	11.42582	-0.2567
1.95950	11.42413	-0.2566
1.70487	11.41592	-0.2566
1.47888	11.40644	-0.2534
1.54771	11.39551	-0.2625
1.40746	11.38388	-0.2563
1.32852	11.37284	-0.2533
1.25914	11.36064	-0.2594
1.21557	11.34919	-0.2594
1.16352	11.33874	-0.2533
1.21932	11.32882	-0.2593
1.54138	11.31959	-0.2501
1.55753	11.31025	-0.2592
1.57457	11.30253	-0.2561
1.53472	11.29749	-0.2530
1.40253	11.29099	-0.2590
1.43644	11.28409	-0.2529
1.36474	11.27673	-0.2559
1.22155	11.27018	-0.2498
1.13513	11.27314	-0.2558
1.11999	11.27748	-0.2527
1.08552	11.27290	-0.2526
1.07824	11.26879	-0.2617
1.04779	11.26294	-0.2556
0.96661	11.25552	-0.2527
0.95093	11.25048	-0.2556
1.00539	11.26630	-0.2494
1.07113	11.28948	-0.2524
1.11103	11.31680	-0.2524
1.09880	11.34008	-0.2523
1.06923	11.35855	-0.2524
1.08278	11.37266	-0.2553
1.07325	11.38150	-0.2522
