Salinity, Practical [PSU]	Temperature [ITS-90, deg C]	Depth [salt water, m]
0.01178	16.13860	-0.0764
0.01181	16.13734	-0.0703
0.01181	16.12911	-0.0734
0.01178	16.11889	-0.0766
0.01176	16.11617	-0.0764
0.01180	16.11531	-0.0734
0.01180	16.11518	-0.0703
0.01176	16.11478	-0.0735
0.01178	16.11431	-0.0764
0.01176	16.11411	-0.0704
0.01176	16.11398	-0.0765
0.01173	16.11252	-0.0764
0.01176	16.11146	-0.0734
0.01177	16.11033	-0.0734
0.01176	16.10927	-0.0764
0.01176	16.10907	-0.0734
0.01177	16.10940	-0.0734
0.01176	16.10947	-0.0735
0.01180	16.10934	-0.0764
0.01176	16.10947	-0.0765
0.01176	16.10894	-0.0704
0.01177	16.10848	-0.0765
0.01176	16.10788	-0.0765
0.01177	16.10682	-0.0734
0.01180	16.10543	-0.0765
0.01176	16.10423	-0.0704
0.01177	16.10237	-0.0734
0.01176	16.10065	-0.0764
0.01177	16.09899	-0.0705
0.01176	16.09554	-0.0734
0.01176	16.09243	-0.0765
0.01173	16.09044	-0.0765
0.01171	16.08865	-0.0765
0.01177	16.08659	-0.0735
0.01175	16.08361	-0.0704
0.01175	16.08096	-0.0704
0.01172	16.07891	-0.0734
0.01179	16.07785	-0.0704
0.01177	16.07798	-0.0704
0.01175	16.07732	-0.0704
0.01175	16.07632	-0.0704
0.01176	16.07573	-0.0644
0.01175	16.07553	-0.0704
0.01176	16.07447	-0.0735
0.01175	16.07460	-0.0734
0.01179	16.07493	-0.0643
0.01172	16.07546	-0.0674
0.01175	16.07639	-0.0734
0.01177	16.07692	-0.0674
0.01175	16.07493	-0.0643
0.01175	16.06539	-0.0643
0.01158	16.04751	-0.0553
0.01141	15.63791	-0.0249
11.47550	14.73653	0.0387
24.32938	14.00195	0.1204
24.81071	13.50912	0.1931
25.15238	13.15053	0.2386
25.39189	12.87672	0.2628
25.59210	12.67491	0.2779
25.75764	12.52364	0.2749
25.90084	12.41380	0.2719
25.94280	12.33433	0.3144
25.95943	12.28509	0.4173
26.02771	12.26544	0.5596
26.10525	12.24343	0.7141
26.16148	12.21577	0.8777
26.09337	12.18487	1.0171
26.23508	12.17210	1.0897
26.20742	12.27062	1.0867
26.14129	12.40059	1.0685
26.05001	12.46637	1.0533
24.55323	12.50608	1.0564
24.02837	12.50872	1.0685
26.10094	12.45452	1.0745
26.19073	12.39545	1.0716
26.25601	12.35276	1.0806
26.31144	12.30404	1.0807
26.38930	12.25045	1.0746
26.45295	12.20971	1.0746
26.49326	12.17044	1.0716
26.52134	12.13655	1.0685
26.55127	12.11087	1.0655
26.57994	12.09558	1.0746
26.60420	12.09369	1.0746
26.61925	12.10477	1.0746
26.58752	12.11799	1.0685
26.54472	12.12166	1.0625
26.54667	12.11704	1.0655
26.55281	12.11147	1.0716
26.56097	12.11129	1.0838
26.57541	12.11923	1.0837
26.59528	12.13068	1.0898
26.60186	12.13869	1.0869
26.57567	12.13981	1.0747
26.54229	12.13275	1.0746
26.55546	12.11360	1.0686
26.60892	12.06662	1.0626
26.67906	12.01260	1.0686
26.74790	11.96645	1.0686
26.79311	11.94786	1.0716
26.80877	11.93659	1.0777
26.82994	11.91223	1.0777
26.87536	11.87846	1.0838
26.92276	11.84537	1.0868
26.95495	11.81613	1.0777
26.98584	11.77857	1.0686
27.04271	11.72919	1.0596
27.08012	11.69705	1.0535
27.14903	11.63450	1.0535
27.24539	11.55371	1.0656
27.34098	11.48085	1.0808
27.40794	11.43391	1.0838
27.43828	11.41400	1.0868
27.43260	11.42983	1.0868
27.46851	11.46989	1.0747
27.45581	11.47607	1.0717
27.52991	11.43396	1.0597
27.58694	11.38196	1.0687
27.63563	11.33845	1.0687
27.67958	11.30903	1.0778
27.69552	11.29517	1.0839
27.69790	11.31071	1.0808
27.73290	11.34856	1.0778
27.66587	11.35698	1.0748
27.70128	11.32562	1.0748
27.74927	11.28659	1.0717
27.78614	11.25448	1.0778
27.76594	11.24301	1.0808
27.75108	11.26317	1.0748
27.78249	11.27905	1.0779
27.87241	11.28003	1.0688
27.94061	11.27233	1.0687
27.94184	11.26294	1.0688
27.88697	11.26074	1.0778
27.88199	11.26456	1.0748
27.94481	11.26757	1.0809
28.00006	11.26972	1.0839
27.98093	11.27128	1.0870
27.92150	11.27499	1.0870
27.92925	11.27569	1.0779
27.99959	11.27667	1.0688
28.06963	11.28148	1.0658
28.07397	11.28438	1.0718
28.08889	11.28421	1.0688
28.10230	11.28687	1.0809
28.03095	11.29499	1.0809
28.01946	11.30230	1.0900
27.98204	11.33886	1.0840
27.93111	11.41243	1.0719
27.92481	11.46384	1.0719
27.93005	11.48971	1.0629
27.93246	11.50650	1.0628
27.93237	11.52033	1.0690
27.92545	11.53538	1.0780
27.90574	11.55838	1.0870
27.88469	11.59385	1.0871
27.86548	11.63356	1.0811
27.84531	11.66278	1.0689
27.83679	11.67613	1.0629
27.85372	11.67514	1.0660
27.87849	11.64679	1.0781
27.88713	11.61695	1.0841
27.86164	11.61748	1.0872
27.83429	11.65118	1.0811
27.76132	11.74727	1.0751
27.70679	11.81848	1.0721
27.68167	11.85737	1.0661
27.67335	11.88317	1.0691
27.67356	11.89979	1.0690
27.67053	11.92556	1.0782
27.66349	11.95004	1.0872
27.66337	11.96161	1.0812
27.67155	11.96126	1.0842
27.68133	11.95636	1.0783
27.67646	11.95423	1.0752
27.66678	11.95470	1.0722
27.66706	11.95783	1.0723
27.67321	11.96332	1.0752
27.67885	11.96911	1.0843
27.68164	11.97443	1.0873
27.68984	11.98075	1.0904
27.69028	11.98724	1.0965
27.68691	11.99339	1.0874
27.68425	11.99977	1.0814
27.67766	12.00627	1.0815
27.67374	12.00958	1.0663
27.66541	12.00663	1.0723
27.68349	11.99250	1.0815
27.70426	11.98027	1.0784
27.70525	11.98205	1.0875
27.68202	11.99091	1.0786
27.64552	12.03821	1.0785
27.59589	12.08841	1.0724
27.58576	12.11324	1.0725
27.57169	12.13786	1.0725
27.55247	12.16165	1.0786
27.52713	12.18933	1.0816
27.50400	12.21179	1.0876
27.50075	12.22094	1.0816
27.50865	12.21690	1.0757
27.50880	12.21357	1.0756
27.51376	12.21393	1.0817
27.51581	12.21113	1.0847
27.50992	12.20644	1.0908
27.49134	12.20727	1.0848
27.47337	12.22106	1.0848
27.42909	12.27051	1.0727
27.40747	12.30684	1.0727
27.40530	12.32168	1.0759
27.39546	12.33236	1.0728
27.36694	12.35127	1.0729
27.35586	12.36255	1.0819
27.35790	12.36368	1.0789
27.35948	12.36905	1.0820
27.36181	12.37299	1.0820
27.36430	12.37240	1.0730
27.36450	12.37485	1.0730
27.36049	12.38356	1.0729
27.35713	12.39211	1.0790
27.35695	12.39557	1.0851
27.35561	12.39700	1.0882
27.34128	12.40202	1.0761
27.33415	12.40830	1.0670
27.33648	12.41063	1.0701
27.34450	12.40674	1.0731
27.34981	12.39784	1.0792
27.34543	12.39318	1.0883
27.33526	12.39479	1.0853
27.33651	12.39629	1.0793
27.32923	12.40149	1.0883
27.32300	12.40973	1.0883
27.32045	12.41398	1.0793
27.31671	12.42073	1.0672
27.30930	12.43215	1.0612
27.30147	12.43939	1.0733
27.30494	12.43693	1.0734
27.31222	12.43012	1.0795
27.30752	12.42904	1.0886
27.29492	12.43371	1.0857
27.29185	12.43801	1.0857
27.29125	12.44190	1.0796
27.28977	12.44555	1.0797
27.29165	12.44651	1.0675
27.29872	12.44471	1.0736
27.29662	12.44166	1.0767
27.28471	12.44256	1.0797
27.26998	12.45057	1.0889
27.26441	12.45746	1.0919
27.26462	12.45877	1.0828
27.26899	12.45829	1.0767
27.27171	12.45775	1.0799
27.27673	12.45638	1.0768
27.27828	12.45464	1.0708
27.27213	12.45357	1.0770
27.26425	12.45728	1.0830
27.25395	12.46715	1.0861
27.24671	12.47715	1.0800
27.24076	12.48457	1.0831
27.23660	12.49032	1.0710
27.24123	12.49350	1.0710
27.25639	12.48961	1.0741
27.26533	12.47565	1.0832
27.25970	12.45961	1.0893
27.24569	12.45434	1.0924
27.24184	12.45410	1.0863
27.22655	12.46727	1.0773
27.22306	12.48128	1.0682
27.22549	12.48823	1.0713
27.22607	12.48380	1.0743
27.22464	12.46871	1.0865
27.21581	12.46344	1.0895
27.21899	12.45704	1.0926
27.21154	12.46500	1.0986
27.19448	12.48104	1.0896
27.18686	12.48685	1.0775
27.19971	12.48218	1.0746
27.20648	12.47475	1.0685
27.20597	12.46829	1.0776
27.19991	12.47062	1.0807
27.19870	12.47278	1.0898
27.20037	12.46967	1.0898
27.20359	12.46368	1.0929
27.20812	12.45781	1.0869
27.20973	12.45398	1.0869
27.21047	12.45135	1.0808
27.21195	12.44890	1.0749
27.21384	12.44669	1.0779
27.21450	12.44537	1.0749
27.21438	12.44513	1.0840
27.21362	12.44579	1.0810
27.21233	12.44716	1.0811
27.21058	12.44926	1.0780
27.20899	12.45105	1.0872
27.20730	12.45219	1.0872
27.20595	12.45285	1.0872
27.20434	12.45386	1.0903
27.20265	12.45500	1.0782
27.20145	12.45626	1.0782
27.19891	12.45704	1.0783
27.19707	12.45716	1.0813
27.19692	12.45584	1.0783
27.19740	12.45357	1.0784
27.19884	12.45237	1.0875
27.19624	12.45267	1.0936
27.19213	12.45369	1.0906
27.18800	12.45464	1.0906
27.18304	12.45596	1.0816
27.17814	12.45799	1.0756
27.17853	12.45907	1.0757
27.18312	12.45626	1.0756
27.18188	12.45201	1.0817
27.17809	12.44968	1.0878
27.17262	12.45016	1.0970
27.17311	12.45022	1.0848
27.16807	12.45010	1.0850
27.16287	12.45093	1.0819
27.16487	12.44938	1.0819
27.17184	12.44447	1.0790
27.17125	12.43933	1.0850
27.16776	12.43699	1.0882
27.16372	12.43783	1.0942
27.16115	12.43825	1.0882
27.15794	12.43867	1.0852
27.15668	12.44082	1.0792
27.16361	12.44040	1.0732
27.17491	12.43466	1.0792
27.17452	12.42683	1.0793
27.16519	12.42306	1.0883
27.15445	12.42246	1.0945
27.15891	12.41870	1.1006
27.15160	12.42366	1.0945
27.13827	12.43699	1.0764
27.14152	12.44322	1.0644
27.15195	12.44028	1.0644
27.15629	12.43185	1.0674
27.15287	12.42545	1.0797
27.13477	12.42796	1.0887
27.12438	12.43083	1.1039
27.12239	12.43078	1.1070
27.11351	12.43915	1.1010
27.10907	12.44902	1.0949
27.11206	12.45512	1.0889
27.10728	12.46015	1.0799
27.10482	12.46356	1.0708
27.10645	12.46565	1.0708
27.10455	12.46272	1.0800
27.09256	12.45871	1.0922
27.08346	12.46063	1.0952
27.07854	12.46350	1.0892
27.07828	12.46266	1.0892
27.08911	12.45793	1.0862
27.10149	12.45147	1.0953
27.10232	12.44435	1.0923
27.09437	12.43837	1.0894
27.08862	12.43562	1.0864
27.08779	12.43371	1.0864
27.09088	12.43167	1.0804
27.09822	12.42826	1.0835
27.10506	12.42312	1.0745
27.10782	12.41768	1.0805
27.10452	12.41314	1.0897
27.09756	12.41135	1.0897
27.09153	12.41212	1.0958
27.08781	12.41374	1.1018
27.08352	12.41655	1.0929
27.08260	12.41864	1.0899
27.08754	12.41888	1.0778
27.09869	12.41607	1.0778
27.10342	12.40991	1.0808
27.10036	12.40310	1.0809
27.09074	12.39975	1.0840
27.08317	12.39993	1.0870
27.07930	12.40053	1.0962
27.07818	12.40137	1.0962
27.08061	12.40154	1.0902
27.08270	12.39945	1.0812
27.08364	12.39653	1.0813
27.08462	12.39396	1.0843
27.08518	12.39205	1.0843
27.08489	12.39043	1.0814
27.07950	12.38912	1.0905
27.07406	12.38924	1.0934
27.06993	12.39175	1.0875
27.06993	12.39497	1.0936
27.07330	12.39539	1.0876
27.07201	12.39282	1.0876
27.06826	12.38972	1.0907
27.06452	12.38942	1.0907
27.06250	12.39061	1.0817
27.06053	12.39133	1.0817
27.05948	12.39085	1.0787
27.06155	12.39031	1.0818
27.06630	12.38864	1.0849
27.06555	12.38476	1.0850
27.06076	12.38076	1.0910
27.05606	12.37968	1.0941
27.05125	12.38088	1.0941
27.04715	12.38303	1.0881
27.04389	12.38553	1.0851
27.04858	12.38613	1.0852
27.05608	12.38249	1.0791
27.05499	12.37610	1.0792
27.04909	12.37120	1.0853
27.04243	12.37037	1.0853
27.03859	12.37150	1.0854
27.03720	12.37222	1.0884
27.03854	12.37156	1.0946
27.03993	12.36923	1.0886
27.04048	12.36613	1.0947
27.03885	12.36362	1.0886
27.03671	12.36183	1.0856
27.03689	12.36118	1.0887
27.03844	12.36064	1.0918
27.03897	12.35927	1.0827
27.03675	12.35742	1.0828
27.03486	12.35568	1.0889
27.03341	12.35455	1.0890
27.03136	12.35383	1.0921
27.02828	12.35336	1.0921
27.02593	12.35348	1.0891
27.02689	12.35407	1.0861
27.02890	12.35372	1.0861
27.02682	12.35151	1.0891
27.02451	12.34906	1.0831
27.02399	12.34745	1.0832
27.02360	12.34638	1.0802
27.02437	12.34530	1.0803
27.02711	12.34351	1.0863
27.02628	12.34071	1.0895
27.02092	12.33749	1.0986
27.01643	12.33582	1.0955
27.01215	12.33635	1.0956
27.00979	12.33713	1.0896
27.01468	12.33623	1.0805
27.02357	12.33260	1.0867
27.02924	12.32634	1.0927
27.02373	12.31888	1.0867
27.01432	12.31459	1.0929
27.01001	12.31459	1.0990
27.01010	12.31447	1.0900
27.01554	12.31119	1.0870
27.01868	12.30577	1.0960
27.01961	12.30052	1.0931
27.01734	12.29689	1.0991
27.01284	12.29522	1.0932
27.00942	12.29570	1.0811
27.00698	12.29707	1.0751
27.01090	12.29761	1.0842
27.01716	12.29480	1.0812
27.01559	12.28938	1.0904
27.01074	12.28474	1.0873
27.00400	12.28343	1.0874
27.00534	12.28390	1.0905
27.00357	12.28718	1.0874
26.99380	12.29326	1.0784
26.99651	12.29546	1.0755
27.00847	12.29266	1.0786
27.00459	12.28754	1.0908
26.99169	12.28509	1.0967
26.98611	12.28575	1.1029
26.98731	12.28611	1.0908
26.99587	12.28325	1.0970
27.00558	12.27646	1.0940
27.00718	12.26955	1.0970
27.00523	12.26515	1.0971
27.00179	12.26306	1.0850
26.99908	12.26181	1.0851
26.99797	12.26021	1.0820
26.99786	12.25794	1.0791
26.99842	12.25562	1.0791
26.99778	12.25336	1.0852
26.99593	12.25116	1.0913
26.99121	12.24979	1.0914
26.98839	12.25015	1.0975
26.98154	12.25378	1.0823
26.97963	12.25765	1.0824
26.98471	12.25884	1.0855
26.98819	12.25675	1.0795
26.98324	12.25336	1.0886
26.97463	12.25110	1.0888
26.97158	12.25122	1.0887
26.96909	12.25170	1.0858
26.96747	12.25241	1.0859
26.98277	12.25086	1.0920
27.01173	12.24503	1.1313
26.94109	12.19146	1.2374
26.94083	12.00633	1.3737
27.04873	11.82518	1.5253
27.12376	11.68756	1.6980
27.17917	11.58508	1.8889
27.24145	11.50475	2.0797
27.28974	11.43798	2.2887
27.30448	11.39132	2.5008
27.31973	11.36389	2.7402
27.42919	11.32371	2.9583
27.58331	11.24568	3.1947
27.72123	11.14677	3.4098
27.87411	11.03638	3.6491
28.01764	10.92804	3.8762
28.09987	10.83546	4.1217
28.15559	10.76850	4.3733
28.20691	10.72141	4.6125
28.30877	10.66930	4.8730
28.38536	10.60468	5.1215
28.45174	10.54665	5.3669
28.54977	10.48843	5.6123
28.64785	10.42174	5.8638
28.72933	10.35131	6.1213
28.79280	10.29169	6.3636
28.84629	10.24260	6.6091
28.88762	10.20387	6.8605
28.93189	10.16963	7.1150
28.97428	10.13863	7.3513
29.00949	10.11209	7.6057
29.03415	10.08771	7.8572
29.05993	10.06659	8.1056
29.08339	10.04718	8.3540
29.10067	10.03012	8.6025
29.11795	10.01465	8.8448
29.13387	10.00047	9.0993
29.14615	9.98819	9.3507
29.15561	9.97789	9.5992
29.17791	9.96613	9.8447
29.20448	9.94995	10.1020
29.22867	9.93288	10.3505
29.24732	9.91622	10.5929
29.27241	9.89693	10.8474
29.30558	9.87497	11.1018
29.34249	9.85046	11.3653
29.37390	9.82507	11.6107
29.40190	9.80053	11.8531
29.43600	9.77155	12.0955
29.52236	9.72378	12.3438
29.62517	9.64997	12.5863
29.70300	9.57080	12.8317
29.77869	9.49982	13.0922
29.85386	9.43245	13.3405
29.89923	9.36199	13.5921
29.95773	9.29233	13.8495
30.01413	9.23443	14.0889
30.05807	9.19758	14.3403
30.08994	9.17591	14.5857
30.10660	9.15945	14.8311
30.12369	9.14054	15.0734
30.14287	9.12038	15.3249
30.15962	9.10082	15.5762
30.17488	9.08571	15.8278
30.18400	9.07482	16.0671
30.18778	9.06684	16.3155
30.18874	9.05989	16.5700
30.19344	9.05355	16.8123
30.19599	9.04851	17.0698
30.19733	9.04529	17.3242
30.19838	9.04277	17.6121
30.19961	9.04081	17.8756
30.20145	9.03927	18.1272
30.20567	9.03796	18.3876
30.21037	9.03714	18.6451
30.21156	9.03638	18.8966
30.21086	9.03556	19.1510
30.21110	9.03446	19.4085
30.21123	9.03381	19.6752
30.21200	9.03354	19.9266
30.21201	9.03370	20.1780
30.21264	9.03359	20.4356
30.21211	9.03190	20.6778
30.21427	9.02922	20.9353
30.21516	9.02616	21.1869
30.22443	9.02299	21.4413
30.23294	9.02004	21.7018
30.23956	9.01698	21.9471
30.24906	9.01097	22.2046
30.25940	9.00201	22.4560
30.27612	8.99245	22.7105
30.27899	8.97427	22.9620
30.29188	8.94471	23.2225
30.31226	8.91205	23.4679
30.33459	8.88237	23.7163
30.35179	8.86097	23.9708
30.36254	8.84753	24.2161
30.37001	8.83867	24.4768
30.37544	8.83258	24.7402
30.37762	8.82877	24.9856
30.37805	8.82513	25.2280
30.40185	8.81980	25.4824
30.42779	8.81947	25.7369
30.41926	8.82627	25.9913
30.42448	8.82980	26.2397
30.43071	8.82844	26.4973
30.43247	8.82665	26.7426
30.43311	8.82502	27.0122
30.43403	8.82344	27.2515
30.43357	8.82197	27.5060
30.43471	8.81991	27.7695
30.43665	8.81773	28.0481
30.43446	8.81599	28.3239
30.42690	8.81344	28.5662
30.42742	8.80969	28.8206
30.42988	8.80632	29.0690
30.43104	8.80409	29.3175
30.43127	8.80257	29.5629
30.43839	8.80094	29.8204
30.45766	8.79942	30.0747
30.49347	8.80002	30.3202
30.55294	8.80969	30.5778
30.52335	8.83084	30.8230
30.48512	8.84133	31.0775
30.48746	8.83622	31.3320
30.46929	8.82904	31.5773
30.44247	8.81398	31.8288
30.47405	8.78410	32.0832
30.42457	8.75760	32.3316
30.43986	8.71681	32.5710
30.46257	8.67194	32.8345
30.48101	8.63275	33.0920
30.49535	8.60181	33.3494
30.51527	8.57446	33.6008
30.52891	8.55183	33.8554
30.51820	8.52825	34.1068
30.51636	8.48052	34.3551
30.57873	8.40696	34.6005
30.63119	8.34751	34.8611
30.65943	8.31239	35.1094
30.67899	8.29275	35.3640
30.68928	8.28235	35.6062
30.69984	8.27537	35.8637
30.70739	8.27028	36.1091
30.71365	8.26674	36.3636
30.71769	8.26454	36.6089
30.72143	8.26315	36.8483
30.72617	8.26240	37.1058
30.72709	8.26272	37.3512
30.72689	8.26320	37.5994
30.72646	8.26358	37.8449
30.72883	8.26412	38.0934
30.73083	8.26396	38.3477
30.73384	8.26444	38.6143
30.73534	8.26594	38.9173
30.73648	8.26744	39.1626
30.73386	8.26889	39.4110
30.73112	8.26964	39.6775
30.73060	8.26937	39.9229
30.73558	8.26873	40.1713
30.73706	8.26840	40.4289
30.73981	8.26776	40.6833
30.74096	8.26669	40.9377
30.74123	8.26438	41.1860
30.74168	8.26224	41.4404
30.74199	8.26026	41.7010
30.74403	8.25779	41.9524
30.74646	8.25602	42.2008
30.74654	8.25506	42.4523
30.74956	8.25447	42.7097
30.75511	8.25393	42.9611
30.75772	8.25345	43.2155
30.75925	8.25307	43.4579
30.76008	8.25275	43.7124
30.76001	8.25270	43.9758
30.75981	8.25243	44.2272
30.76082	8.25227	44.4788
30.76327	8.25190	44.7271
30.76391	8.25216	44.9816
30.76521	8.25243	45.2390
30.76810	8.25275	45.4967
30.77543	8.25356	45.7329
30.79010	8.25527	45.9933
30.80181	8.25961	46.2508
30.81029	8.26615	46.4931
30.81419	8.27387	46.7476
30.81242	8.28063	47.0021
30.81245	8.28138	47.2505
30.81672	8.27511	47.4959
30.81193	8.26299	47.7474
30.82099	8.24279	47.9985
30.82428	8.21628	48.2531
30.82216	8.18657	48.5076
30.84441	8.15256	48.7831
30.87837	8.11681	49.0376
30.89786	8.09006	49.2831
30.90736	8.07139	49.5314
30.91223	8.05645	49.7889
30.90860	8.04227	50.0373
30.91629	8.02378	50.2947
30.92276	8.00668	50.5521
30.92222	7.99235	50.8067
30.91580	7.97803	51.0550
30.91294	7.96042	51.3186
30.91390	7.93962	51.5578
30.93037	7.91422	51.8093
30.94258	7.88951	52.0698
30.95541	7.86722	52.3091
30.97018	7.84594	52.5726
30.98396	7.82812	52.8179
30.99556	7.81455	53.0694
31.00354	7.80395	53.3177
31.01110	7.79568	53.5723
31.01551	7.78948	53.8174
31.01911	7.78418	54.0780
31.02323	7.77979	54.3294
31.02552	7.77635	54.5808
31.02904	7.77375	54.8352
31.03267	7.77216	55.0776
31.03664	7.77190	55.3443
31.05645	7.77280	55.5925
31.07083	7.77793	55.8350
31.07187	7.78514	56.0894
31.07168	7.78858	56.3316
31.07099	7.78625	56.5831
31.07399	7.78201	56.8346
31.07609	7.77804	57.0858
31.07951	7.77370	57.3404
31.08140	7.77042	57.5887
31.08431	7.76703	57.8341
31.08693	7.76321	58.0885
31.08959	7.75861	58.3370
31.09083	7.75120	58.6004
31.10230	7.73559	58.8730
31.11837	7.71380	59.1428
31.13881	7.69118	59.3819
31.15314	7.67279	59.6363
31.16076	7.65937	59.8877
31.16521	7.64728	60.1331
31.16343	7.63441	60.3815
31.17308	7.61800	60.6359
31.17997	7.60207	60.8873
31.18615	7.58768	61.1327
31.19334	7.57366	61.3842
31.19888	7.56112	61.6263
31.18065	7.55006	61.8778
31.17766	7.52974	62.1383
31.19741	7.50285	62.3927
31.21282	7.48119	62.6412
31.21589	7.46442	62.8866
31.22798	7.44571	63.1379
31.24082	7.42844	63.3802
31.25475	7.41500	63.6348
31.26482	7.40482	63.8891
31.27206	7.39815	64.1345
31.27939	7.39390	64.3919
31.28338	7.39123	64.6312
31.28882	7.38834	64.8825
31.29364	7.38399	65.1279
31.29723	7.37654	65.3854
31.30182	7.36621	65.6337
31.30607	7.35411	65.8792
31.30901	7.34048	66.1275
31.31198	7.32608	66.3851
31.32055	7.31173	66.6393
31.32689	7.29948	66.8757
31.32840	7.28886	67.1271
31.33775	7.27803	67.3753
31.34280	7.27055	67.6360
31.34757	7.26516	67.8783
31.35038	7.26155	68.1296
31.35369	7.25852	68.3780
31.34532	7.25554	68.6264
31.34536	7.24765	68.8900
31.34822	7.23448	69.1868
31.35853	7.21786	69.4381
31.37088	7.20235	69.6745
31.37746	7.19061	69.9197
31.38867	7.17991	70.1863
31.39833	7.17250	70.4226
31.39261	7.16806	70.6740
31.37179	7.15727	70.9223
31.38643	7.12791	71.1767
31.40111	7.09712	71.4283
31.40902	7.06563	71.6794
31.42529	7.02401	71.9249
31.45985	6.97803	72.1703
31.47849	6.93967	72.4217
31.49779	6.90685	72.6670
31.50191	6.87715	72.9154
31.49318	6.84593	73.1728
31.51415	6.80837	73.4334
31.53993	6.77440	73.6756
31.55591	6.74966	73.9148
31.56835	6.73092	74.1725
31.57740	6.71667	74.4206
31.58384	6.70594	74.6692
31.56712	6.69568	74.9146
31.58101	6.67582	75.1628
31.59603	6.65542	75.4143
31.60743	6.64042	75.6626
31.61454	6.62935	75.9109
31.61762	6.62080	76.1594
31.61645	6.61272	76.3987
31.61785	6.60258	76.6561
31.62284	6.59168	76.8984
31.62787	6.58139	77.1378
31.62870	6.57172	77.4042
31.62191	6.56087	77.6435
31.61708	6.54324	77.8828
31.62838	6.51591	78.1402
31.64065	6.48578	78.3976
31.65937	6.45536	78.6309
31.66274	6.42748	78.9004
31.67340	6.39536	79.1731
31.68903	6.35938	79.4578
31.70757	6.32348	79.7030
31.72809	6.29175	79.9453
31.71563	6.26499	80.1999
31.72158	6.23483	80.4513
31.70157	6.19813	80.6904
31.70323	6.14745	80.9358
31.73113	6.09159	81.1903
31.78268	6.03759	81.4357
31.82066	5.99735	81.6928
31.81745	5.96814	81.9414
31.84812	5.93187	82.1868
31.86364	5.89998	82.4383
31.87653	5.87332	82.6864
31.89594	5.84829	82.9289
31.90923	5.82732	83.2014
31.92337	5.80833	83.4529
31.92950	5.79278	83.6830
31.94052	5.77895	83.9375
31.95079	5.76760	84.1889
31.95570	5.75943	84.4343
31.95714	5.75368	84.6825
31.95883	5.74838	84.9461
31.95820	5.74218	85.1824
31.96324	5.73497	85.4275
31.96656	5.72812	85.6880
31.96929	5.72182	85.9244
31.97088	5.71517	86.1818
31.98301	5.70650	86.4272
32.00266	5.69381	86.6604
32.02931	5.68057	86.9148
32.05484	5.66919	87.1510
32.06111	5.65998	87.4146
32.06470	5.65148	87.6568
32.06810	5.64353	87.9022
32.07159	5.63659	88.1535
32.07561	5.63005	88.4020
32.10202	5.62211	88.6443
32.11406	5.61507	88.8806
32.13360	5.61039	89.1561
32.15397	5.60909	89.4591
32.15586	5.60909	89.7226
32.15603	5.60602	89.9527
32.16445	5.59708	90.2102
32.17780	5.58517	90.4555
32.19164	5.57437	90.7069
32.21190	5.56513	90.9490
32.22622	5.55861	91.1943
32.23483	5.55409	91.4429
32.24059	5.55073	91.6911
32.24725	5.54797	91.9426
32.25293	5.54440	92.1819
32.26034	5.54114	92.4393
32.26742	5.53823	92.6784
32.27903	5.53622	92.9361
32.28512	5.53552	93.1722
32.29304	5.53597	93.4175
32.29538	5.53698	93.6751
32.29936	5.53803	93.9265
32.30365	5.53803	94.1657
32.31170	5.53733	94.4141
32.31928	5.53748	94.6624
32.32411	5.53903	94.9167
32.32587	5.54174	95.1651
32.32783	5.54490	95.4045
32.32707	5.54812	95.6590
32.32645	5.55068	95.9013
32.32673	5.55273	96.1557
32.32949	5.55469	96.4100
32.32963	5.55690	96.6434
32.33232	5.55886	96.8915
32.33039	5.56082	97.1370
32.32958	5.56117	97.3883
32.32838	5.55981	97.6365
32.34376	5.55680	97.8821
32.34852	5.55319	98.1244
32.34965	5.55058	98.3698
32.35695	5.54877	98.6090
32.36411	5.54761	98.8512
32.36812	5.54681	99.0996
32.36621	5.54656	99.3540
32.37007	5.54591	99.6115
32.37233	5.54526	99.8598
32.37761	5.54460	100.0991
32.38474	5.54385	100.3412
32.38543	5.54265	100.5898
32.38626	5.54129	100.8443
32.38707	5.53989	101.0865
32.38665	5.53888	101.3381
32.39844	5.53788	101.5773
32.41326	5.53723	101.8196
32.41647	5.53698	102.0710
32.41799	5.53673	102.3163
32.41765	5.53622	102.5646
32.41433	5.53532	102.8190
32.41165	5.53266	103.0582
32.41117	5.52875	103.3036
32.40816	5.52469	103.5430
32.41121	5.51957	103.7943
32.40642	5.51496	104.0425
32.39475	5.50874	104.2820
32.39203	5.49796	104.5363
32.40165	5.48473	104.7819
32.41294	5.47355	105.0240
32.43012	5.46589	105.2784
32.44086	5.46163	105.5207
32.44275	5.45933	105.7661
32.44361	5.45722	106.0204
32.44738	5.45537	106.2688
32.45356	5.45417	106.5050
32.45525	5.45397	106.7505
32.45668	5.45382	106.9897
32.45941	5.45342	107.2381
32.46239	5.45232	107.4864
32.46867	5.45136	107.7316
32.47275	5.45051	107.9801
32.47715	5.45041	108.2255
32.47748	5.44966	108.4707
32.47766	5.44826	108.7040
32.47790	5.44651	108.9493
32.48441	5.44495	109.2128
32.49489	5.44495	109.4885
32.50047	5.44721	109.7428
32.51328	5.45121	109.9850
32.51530	5.45787	110.2153
32.51374	5.46539	110.4727
32.52177	5.47215	110.7211
32.51961	5.47926	110.9756
32.52262	5.48418	111.2149
32.52857	5.48713	111.4572
32.52922	5.48989	111.7054
32.52784	5.49184	111.9629
32.52439	5.49179	112.2054
32.52045	5.48899	112.4566
32.53876	5.48237	112.6960
32.55279	5.47350	112.9443
32.56096	5.46378	113.1896
32.57349	5.45502	113.4379
32.58510	5.44786	113.6925
32.59341	5.44200	113.9346
32.59855	5.43694	114.1801
32.60210	5.43244	114.4284
32.60500	5.42889	114.6829
32.60845	5.42528	114.9221
32.61041	5.42278	115.1644
32.61289	5.42083	115.4127
32.61436	5.41883	115.6672
32.61584	5.41653	115.9154
32.62108	5.41347	116.1605
32.62563	5.40902	116.4152
32.64794	5.40257	116.6544
32.65732	5.39992	116.8998
32.66947	5.40072	117.1391
32.68043	5.40282	117.3844
32.68294	5.40547	117.6417
32.68515	5.40627	117.8810
32.70933	5.40662	118.1265
32.72149	5.41017	118.3718
32.72440	5.41518	118.6171
32.71673	5.41973	118.8623
32.71631	5.42148	119.1170
32.72405	5.42188	119.3682
32.73198	5.42353	119.6530
32.73494	5.42708	119.9254
32.73440	5.43114	120.1678
32.73170	5.43444	120.4041
32.74919	5.43730	120.6614
32.76723	5.44350	120.9159
32.76568	5.45452	121.1640
32.76883	5.46434	121.4095
32.76884	5.47165	121.6639
32.76806	5.47696	121.9124
32.76700	5.48147	122.1576
32.76769	5.48483	122.4091
32.76630	5.48743	122.6545
32.76791	5.48899	122.9027
32.76765	5.48949	123.1480
32.76808	5.48964	123.4023
32.77080	5.48919	123.6447
32.77398	5.48899	123.8930
32.77628	5.48904	124.1415
32.77784	5.48869	124.3926
32.77987	5.48828	124.6351
32.78139	5.48768	124.8894
32.78282	5.48718	125.1288
32.78498	5.48658	125.3772
32.79095	5.48598	125.6254
32.79272	5.48513	125.8769
32.79499	5.48448	126.1252
32.79716	5.48387	126.3676
32.80210	5.48367	126.6189
32.80493	5.48347	126.8582
32.81129	5.48327	127.1005
32.81641	5.48282	127.3427
32.83268	5.47957	127.5881
32.84406	5.47676	127.8454
32.84822	5.47621	128.0938
32.85116	5.47626	128.3361
32.85390	5.47616	128.5693
32.85675	5.47601	128.8237
32.85962	5.47541	129.0689
32.86354	5.47445	129.3113
32.86714	5.47380	129.5960
32.88010	5.47320	129.8808
32.88799	5.47390	130.1351
32.89081	5.47481	130.3594
32.89373	5.47531	130.6045
32.89982	5.47641	130.8500
32.89821	5.47821	131.0982
32.89824	5.47987	131.3406
32.89831	5.48112	131.5709
32.89781	5.48187	131.8161
32.89750	5.48242	132.0584
32.89732	5.48212	132.3098
32.89894	5.48142	132.5610
32.89975	5.48047	132.8064
32.90231	5.47946	133.0488
32.90318	5.47881	133.2879
32.90225	5.47826	133.5394
32.90430	5.47706	133.7786
32.90623	5.47641	134.0330
32.90737	5.47621	134.2753
32.90843	5.47601	134.5206
32.90541	5.47616	134.7630
32.90417	5.47521	135.0051
32.90725	5.47330	135.2535
32.91681	5.47230	135.4927
32.92066	5.47395	135.7351
32.91820	5.47706	135.9864
32.91960	5.47941	136.2257
32.91845	5.48082	136.4711
32.92015	5.48142	136.7193
32.92165	5.48157	136.9585
32.92645	5.48117	137.2011
32.93022	5.48037	137.4553
32.93372	5.47957	137.6976
32.93555	5.47821	137.9461
32.93537	5.47726	138.1972
32.93392	5.47631	138.4485
32.93336	5.47481	138.6940
32.93389	5.47305	138.9486
32.93518	5.47125	139.1937
32.93778	5.46954	139.4572
32.93901	5.46879	139.7417
32.94119	5.46824	140.0051
32.93971	5.46819	140.2355
32.94044	5.46769	140.4778
32.94075	5.46689	140.7200
32.94186	5.46599	140.9774
32.94655	5.46534	141.2259
32.95278	5.46529	141.4651
32.95423	5.46549	141.7103
32.96035	5.46584	141.9495
32.98109	5.46694	142.1980
32.99758	5.46899	142.4494
33.00044	5.46869	142.6946
33.01026	5.46744	142.9399
33.02158	5.46539	143.1913
33.02991	5.46248	143.4366
33.03626	5.45943	143.6909
33.03960	5.45662	143.9363
33.04145	5.45462	144.1937
33.04316	5.45347	144.4453
33.04423	5.45262	144.6905
33.04566	5.45212	144.9449
33.04629	5.45171	145.1871
33.04616	5.45136	145.4293
33.04679	5.45131	145.6898
33.04782	5.45086	145.9320
33.04799	5.45056	146.1774
33.04946	5.45031	146.4227
33.04915	5.44986	146.6619
33.05022	5.44966	146.9010
33.04713	5.44951	147.1434
33.05033	5.44931	147.3827
33.05197	5.44896	147.6280
33.05210	5.44871	147.8643
33.05191	5.44841	148.1126
33.05194	5.44826	148.3549
33.05349	5.44836	148.6062
33.05463	5.44816	148.8483
33.05519	5.44711	149.0939
33.05680	5.44606	149.3512
33.05740	5.44531	149.6298
33.05786	5.44470	149.8992
33.05881	5.44390	150.1476
33.05742	5.44310	150.3868
33.05600	5.44190	150.6352
33.05573	5.43960	150.8805
33.05709	5.43664	151.1348
33.06033	5.43359	151.3773
33.06535	5.43089	151.6283
33.08129	5.42914	151.8679
33.08434	5.42909	152.1162
33.08630	5.42949	152.3646
33.08609	5.42994	152.6097
33.08675	5.42979	152.8581
33.08983	5.42834	153.1034
33.09566	5.42553	153.3547
33.09966	5.42308	153.6059
33.10319	5.42118	153.8483
33.10647	5.41988	154.1028
33.11494	5.41873	154.3481
33.12205	5.41658	154.5994
33.12683	5.41412	154.8536
33.13256	5.41207	155.1081
33.13696	5.41037	155.3472
33.14078	5.40882	155.5928
33.14354	5.40662	155.8439
33.14782	5.40432	156.0953
33.15037	5.40262	156.3408
33.15209	5.40147	156.5951
33.15276	5.40067	156.8405
33.15349	5.40017	157.0734
33.15352	5.40002	157.3156
33.15400	5.39977	157.5608
33.15437	5.39962	157.8123
33.15516	5.39942	158.0607
33.15569	5.39912	158.3030
33.15546	5.39887	158.5422
33.15523	5.39862	158.7905
33.15535	5.39802	159.0299
33.15597	5.39762	159.2781
33.15724	5.39692	159.5507
33.15724	5.39642	159.8291
33.15801	5.39587	160.0865
33.15818	5.39557	160.3289
33.15933	5.39537	160.5713
33.16152	5.39512	160.8074
33.16593	5.39412	161.0618
33.17138	5.39237	161.3068
33.18117	5.39017	161.5612
33.18690	5.38742	161.7947
33.19198	5.38432	162.0338
33.19444	5.38207	162.2792
33.19720	5.38052	162.5243
33.20040	5.37932	162.7664
33.20345	5.37842	163.0088
33.20578	5.37752	163.2481
33.21021	5.37652	163.4933
33.21326	5.37547	163.7385
33.21553	5.37442	163.9840
33.22373	5.37277	164.2293
33.22908	5.37047	164.4714
33.23239	5.36837	164.7108
33.23492	5.36677	164.9531
33.23681	5.36582	165.2041
33.23794	5.36527	165.4435
33.23857	5.36487	165.6858
33.23876	5.36492	165.9339
33.23864	5.36492	166.1734
33.23937	5.36477	166.4216
33.23905	5.36497	166.6638
33.23919	5.36507	166.9123
33.23917	5.36497	167.1513
33.23859	5.36507	167.3938
33.23887	5.36502	167.6422
33.23829	5.36512	167.8841
33.23872	5.36492	168.1323
33.23886	5.36502	168.3686
33.24040	5.36507	168.6079
33.24074	5.36497	168.8442
33.24076	5.36482	169.0894
33.24201	5.36487	169.3377
33.24194	5.36482	169.5890
33.24292	5.36477	169.8645
33.24334	5.36457	170.1220
33.24711	5.36452	170.3641
33.24958	5.36407	170.5973
33.25258	5.36372	170.8456
33.25839	5.36312	171.0878
33.26321	5.36237	171.3393
33.26678	5.36152	171.5754
33.26824	5.36058	171.8206
33.26954	5.36023	172.0568
33.27200	5.35978	172.3022
33.27525	5.35953	172.5536
33.27689	5.35883	172.7960
33.27771	5.35823	173.0531
33.27860	5.35793	173.2923
33.27893	5.35748	173.5285
33.28053	5.35718	173.7797
33.28198	5.35703	174.0191
33.28559	5.35678	174.2672
33.28674	5.35658	174.5127
33.28768	5.35658	174.7580
33.28990	5.35638	174.9911
33.29435	5.35638	175.2244
33.29909	5.35643	175.4696
33.30146	5.35643	175.7116
33.30280	5.35638	175.9752
33.30368	5.35638	176.2172
33.30457	5.35643	176.4687
33.30516	5.35643	176.7107
33.30830	5.35638	176.9472
33.31096	5.35638	177.1863
33.31185	5.35643	177.4407
33.31852	5.35633	177.7009
33.32220	5.35643	177.9885
33.32451	5.35638	178.3067
33.32610	5.35643	178.5880
33.32668	5.35643	178.8515
33.32717	5.35653	179.0966
33.32715	5.35643	179.3328
33.32810	5.35643	179.5811
33.32858	5.35653	179.8478
33.33004	5.35663	180.1352
33.33154	5.35643	180.3985
33.33273	5.35653	180.6531
33.33454	5.35638	180.9013
33.33569	5.35653	181.1558
33.33779	5.35673	181.4129
33.33919	5.35663	181.6583
33.34054	5.35658	181.9004
33.34113	5.35658	182.1456
33.34238	5.35663	182.4031
33.34426	5.35668	182.6724
33.34530	5.35658	182.9238
33.34006	5.35678	183.1810
33.34847	5.35673	183.4174
33.34902	5.35678	183.6567
33.34997	5.35678	183.8837
33.35015	5.35683	184.1410
33.35043	5.35678	184.3952
33.35094	5.35678	184.6558
33.35127	5.35668	184.8980
33.35212	5.35678	185.1371
33.35159	5.35683	185.3795
33.35311	5.35698	185.6248
33.35308	5.35688	185.8729
33.35407	5.35683	186.1273
33.35420	5.35693	186.3785
33.35448	5.35688	186.6298
33.35430	5.35693	186.8871
33.35510	5.35708	187.1323
33.35750	5.35698	187.3776
33.35773	5.35698	187.6292
33.35832	5.35698	187.8862
33.36033	5.35698	188.1437
33.36015	5.35703	188.3951
33.35993	5.35713	188.6432
33.36066	5.35698	188.8945
33.36013	5.35703	189.1397
33.35996	5.35708	189.3850
33.35983	5.35708	189.6455
33.35996	5.35718	189.8996
33.36024	5.35713	190.1569
33.36072	5.35723	190.4082
33.36166	5.35723	190.6778
33.36197	5.35713	190.9593
33.36215	5.35718	191.2225
33.36246	5.35738	191.4768
33.36310	5.35733	191.7282
33.36405	5.35733	191.9733
33.36468	5.35728	192.2248
33.36497	5.35723	192.4700
33.36484	5.35723	192.7184
33.36502	5.35728	192.9697
33.36525	5.35728	193.2209
33.36503	5.35738	193.4751
33.36576	5.35723	193.7236
33.36585	5.35738	193.9748
33.36694	5.35723	194.2261
33.36783	5.35728	194.4742
33.36791	5.35743	194.7286
33.36825	5.35733	194.9738
33.36876	5.35733	195.2310
33.37118	5.35728	195.4824
33.37274	5.35738	195.7278
33.37501	5.35748	195.9728
33.37706	5.35738	196.2209
33.37769	5.35733	196.4694
33.37833	5.35728	196.7268
33.37922	5.35733	196.9840
33.37986	5.35728	197.2353
33.38137	5.35743	197.4808
33.38378	5.35738	197.7380
33.38430	5.35738	197.9801
33.38499	5.35728	198.2314
33.38639	5.35718	198.4798
33.38688	5.35728	198.7277
33.38747	5.35728	198.9820
33.38771	5.35728	199.2153
33.38839	5.35718	199.4696
33.38955	5.35733	199.7149
33.39044	5.35738	199.9662
33.39113	5.35728	200.2083
33.39124	5.35733	200.4718
33.39192	5.35723	200.7288
33.39235	5.35738	201.0014
33.39277	5.35718	201.2620
33.39281	5.35738	201.5070
33.39335	5.35743	201.7491
33.39409	5.35728	201.9975
33.39381	5.35743	202.2519
33.39404	5.35743	202.4998
33.39397	5.35738	202.7420
33.39344	5.35743	202.9875
33.39358	5.35753	203.2206
33.39387	5.35748	203.4447
33.39382	5.35743	203.6504
33.39374	5.35743	203.8109
33.39365	5.35748	203.8990
33.39364	5.35748	203.9140
33.39499	5.35758	203.8720
33.39634	5.35803	203.8327
33.39686	5.35888	203.8147
33.39542	5.36003	203.8361
33.39141	5.36082	203.8574
33.39165	5.36023	203.8546
33.39353	5.35943	203.8276
33.39409	5.35923	203.8156
33.39434	5.35933	203.8188
33.39513	5.35963	203.7826
33.39499	5.36018	203.6858
33.39451	5.36072	203.5470
33.39688	5.36122	203.3899
33.39515	5.36232	203.2294
33.39398	5.36287	203.0604
33.39307	5.36287	202.8760
33.39276	5.36257	202.6767
33.39315	5.36227	202.4862
33.39381	5.36207	202.2805
33.39370	5.36192	202.0843
33.39207	5.36187	201.8662
33.39238	5.36132	201.6367
33.39401	5.36087	201.4071
33.39453	5.36082	201.1830
33.39277	5.36127	200.9624
33.39161	5.36112	200.7205
33.39075	5.36067	200.4877
33.39151	5.36003	200.2519
33.39274	5.35963	200.0221
33.39240	5.35973	199.7925
33.39135	5.35983	199.5565
33.39040	5.35983	199.3145
33.39051	5.35948	199.0757
33.39002	5.35938	198.8279
33.38919	5.35933	198.5888
33.38860	5.35933	198.3443
33.38822	5.35913	198.0902
33.38762	5.35913	197.8513
33.38618	5.35913	197.5943
33.38548	5.35903	197.3464
33.38566	5.35898	197.0894
33.38314	5.35913	196.8262
33.38157	5.35913	196.5572
33.38007	5.35898	196.2788
33.37965	5.35883	195.9977
33.37939	5.35888	195.7103
33.37810	5.35888	195.4321
33.37519	5.35908	195.1510
33.37479	5.35898	194.8607
33.37290	5.35923	194.5763
33.37132	5.35953	194.2921
33.36999	5.35958	194.0078
33.36881	5.35983	193.7239
33.36668	5.35968	193.4363
33.36605	5.35938	193.1491
33.36630	5.35928	192.8618
33.36669	5.35903	192.5776
33.36638	5.35913	192.2871
33.36576	5.35918	192.0060
33.36570	5.35903	191.7156
33.36625	5.35898	191.4282
33.36537	5.35893	191.1438
33.36394	5.35908	190.8537
33.36378	5.35903	190.5604
33.36260	5.35893	190.2761
33.36224	5.35908	189.9796
33.36063	5.35913	189.6714
33.36042	5.35878	189.3688
33.35899	5.35893	189.0846
33.35917	5.35853	188.7914
33.35937	5.35848	188.4981
33.35911	5.35853	188.2166
33.35854	5.35853	187.9294
33.35879	5.35843	187.6331
33.35756	5.35838	187.3397
33.35674	5.35863	187.0433
33.35628	5.35853	186.7467
33.35528	5.35868	186.4534
33.35450	5.35853	186.1630
33.35398	5.35848	185.8757
33.35423	5.35838	185.5795
33.35342	5.35863	185.2862
33.35245	5.35868	184.9925
33.35056	5.35858	184.6934
33.35116	5.35848	184.4028
33.35100	5.35843	184.1095
33.34957	5.35858	183.8132
33.34856	5.35838	183.5257
33.34805	5.35833	183.2262
33.34763	5.35818	182.9300
33.34716	5.35808	182.6427
33.34610	5.35823	182.3400
33.34386	5.35848	182.0467
33.34235	5.35843	181.7414
33.34006	5.35838	181.4359
33.33720	5.35818	181.1303
33.33544	5.35803	180.8220
33.33432	5.35788	180.5135
33.33258	5.35798	180.2138
33.33212	5.35788	179.9145
33.32942	5.35788	179.6090
33.32893	5.35788	179.3067
33.32797	5.35793	179.0040
33.32741	5.35793	178.6864
33.32717	5.35798	178.3569
33.32631	5.35793	178.0421
33.32575	5.35793	177.7368
33.32422	5.35783	177.4404
33.32164	5.35778	177.1349
33.31625	5.35763	176.8080
33.31298	5.35758	176.4632
33.30985	5.35733	176.1063
33.30809	5.35753	175.7948
33.30560	5.35768	175.4925
33.30387	5.35778	175.1989
33.29926	5.35763	174.8905
33.29576	5.35743	174.5968
33.29391	5.35728	174.3038
33.28972	5.35743	173.9978
33.28565	5.35738	173.6896
33.28262	5.35743	173.3811
33.28129	5.35748	173.0817
33.28022	5.35763	172.7881
33.27865	5.35793	172.4948
33.27588	5.35808	172.1800
33.27313	5.35813	171.8745
33.27207	5.35828	171.5720
33.26778	5.35888	171.2638
33.26100	5.35948	170.9704
33.25509	5.36028	170.6679
33.25094	5.36102	170.3622
33.24732	5.36202	170.0598
33.24526	5.36282	169.7540
33.24289	5.36357	169.4546
33.24178	5.36412	169.1551
33.24112	5.36457	168.8618
33.24048	5.36502	168.5562
33.23962	5.36532	168.2507
33.23903	5.36542	167.9543
33.23919	5.36542	167.6366
33.23899	5.36542	167.3159
33.23880	5.36542	166.9983
33.23935	5.36537	166.6988
33.23838	5.36542	166.3994
33.23854	5.36542	166.0907
33.23859	5.36552	165.7912
33.23833	5.36557	165.4917
33.23762	5.36572	165.1953
33.23767	5.36582	164.8959
33.23645	5.36577	164.5964
33.23490	5.36577	164.2818
33.23139	5.36587	163.9822
33.22609	5.36642	163.6797
33.22090	5.36757	163.3775
33.21667	5.36912	163.0748
33.21166	5.37082	162.7721
33.20728	5.37252	162.4728
33.20421	5.37397	162.1732
33.20102	5.37527	161.8706
33.19861	5.37642	161.5655
33.19625	5.37752	161.2629
33.19193	5.37852	160.9631
33.18705	5.37972	160.6546
33.18252	5.38122	160.3492
33.17646	5.38327	160.0316
33.17296	5.38517	159.7230
33.16786	5.38732	159.4232
33.16416	5.38942	159.1147
33.16173	5.39132	158.8033
33.15984	5.39302	158.5007
33.15826	5.39442	158.1860
33.15732	5.39552	157.8836
33.15598	5.39632	157.5719
33.15564	5.39682	157.2662
33.15500	5.39727	156.9485
33.15407	5.39772	156.6309
33.15409	5.39787	156.3043
33.15435	5.39812	155.9986
33.15370	5.39857	155.6930
33.15214	5.39887	155.3845
33.15118	5.39892	155.0755
33.15001	5.39917	154.7733
33.14952	5.39947	154.4585
33.14631	5.40007	154.1559
33.14213	5.40122	153.8504
33.13646	5.40287	153.5389
33.12929	5.40497	153.2271
33.12253	5.40737	152.9156
33.11511	5.40972	152.6069
33.11030	5.41187	152.2983
33.10592	5.41402	151.9926
33.10197	5.41603	151.6812
33.09855	5.41828	151.3815
33.09477	5.42083	151.0667
33.09280	5.42298	150.7614
33.08452	5.42513	150.4438
33.07603	5.42613	150.1321
33.07123	5.42648	149.8206
33.06829	5.42754	149.5118
33.06674	5.42999	149.2033
33.06369	5.43324	148.8946
33.06089	5.43624	148.5861
33.05802	5.43895	148.2743
33.05620	5.44060	147.9657
33.05502	5.44195	147.6573
33.05404	5.44310	147.3515
33.05290	5.44405	147.0401
33.05151	5.44490	146.7251
33.05027	5.44561	146.4165
33.04902	5.44596	146.0991
33.04858	5.44621	145.7750
33.04795	5.44636	145.4574
33.04751	5.44646	145.1426
33.04671	5.44686	144.8309
33.04576	5.44726	144.5225
33.04415	5.44761	144.2047
33.04356	5.44801	143.8900
33.04208	5.44831	143.5753
33.04138	5.44881	143.2668
33.04070	5.44931	142.9458
33.03895	5.45016	142.6374
33.03590	5.45126	142.3197
33.03186	5.45272	142.0049
33.02565	5.45422	141.6874
33.01864	5.45617	141.3726
33.00575	5.45843	141.0549
32.99176	5.46143	140.7402
32.97852	5.46484	140.4254
32.96980	5.46709	140.1137
32.96058	5.46814	139.7960
32.95313	5.46809	139.4872
32.94999	5.46749	139.1606
32.94616	5.46694	138.8428
32.94528	5.46699	138.5281
32.94500	5.46779	138.2104
32.94298	5.46929	137.8897
32.93981	5.47125	137.5660
32.93659	5.47325	137.2480
32.93329	5.47541	136.9214
32.92961	5.47716	136.6096
32.92653	5.47836	136.3037
32.92336	5.47921	136.0134
32.92020	5.47977	135.7352
32.91736	5.47992	135.4626
32.91350	5.48012	135.1572
32.91118	5.47982	134.8574
32.90920	5.47916	134.5701
32.90771	5.47831	134.2824
32.90487	5.47746	133.9919
32.90347	5.47586	133.6924
32.90362	5.47440	133.4048
32.90449	5.47330	133.1175
32.90529	5.47300	132.8239
32.90452	5.47320	132.5516
32.90371	5.47380	132.2852
32.90335	5.47465	132.0342
32.90259	5.47556	131.7920
32.90088	5.47671	131.5379
32.89888	5.47751	131.2837
32.89665	5.47811	131.0233
32.89432	5.47816	130.7634
32.89067	5.47776	130.5060
32.88866	5.47676	130.2640
32.88584	5.47581	130.0036
32.88037	5.47516	129.7585
32.87541	5.47465	129.4984
32.87149	5.47380	129.2443
32.86562	5.47320	128.9961
32.86226	5.47250	128.7479
32.85766	5.47235	128.5029
32.85452	5.47250	128.2577
32.84747	5.47275	128.0037
32.83911	5.47255	127.7462
32.82833	5.47235	127.4951
32.81947	5.47265	127.2469
32.81382	5.47365	126.9959
32.80877	5.47460	126.7537
32.80491	5.47586	126.5057
32.80146	5.47706	126.2546
32.79910	5.47816	126.0001
32.79645	5.47992	125.7491
32.79414	5.48177	125.4797
32.79070	5.48362	125.2105
32.78697	5.48513	124.9318
32.78543	5.48613	124.6504
32.78319	5.48683	124.3601
32.78074	5.48733	124.0543
32.77703	5.48773	123.7699
32.77412	5.48803	123.4853
32.76879	5.48793	123.1949
32.75915	5.48768	122.9104
32.74757	5.48588	122.6290
32.74539	5.48182	122.3535
32.74631	5.47746	122.0812
32.74598	5.47476	121.8119
32.73850	5.47300	121.5575
32.72439	5.47060	121.3004
32.71918	5.46579	121.0522
32.71464	5.45993	120.8010
32.71034	5.45382	120.5530
32.70679	5.44731	120.3018
32.70725	5.44095	120.0474
32.70893	5.43544	119.7963
32.70874	5.43149	119.5479
32.70368	5.42834	119.2970
32.70061	5.42553	119.0396
32.70001	5.42308	118.7976
32.69143	5.42108	118.5463
32.69028	5.41848	118.2980
32.68292	5.41588	118.0409
32.67774	5.41247	117.7958
32.67735	5.40837	117.5414
32.67893	5.40462	117.2935
32.68018	5.40187	117.0454
32.67824	5.39972	116.7850
32.67391	5.39792	116.5337
32.66479	5.39647	116.2855
32.65764	5.39502	116.0377
32.64702	5.39367	115.7833
32.63793	5.39197	115.5319
32.63859	5.39092	115.2776
32.64000	5.39177	115.0325
32.63586	5.39397	114.7813
32.63197	5.39672	114.5243
32.62773	5.40012	114.2791
32.62327	5.40382	114.0307
32.61885	5.40762	113.7795
32.61525	5.41087	113.5284
32.61081	5.41347	113.2532
32.60645	5.41593	112.9898
32.60080	5.41838	112.7506
32.59454	5.42103	112.5024
32.58892	5.42383	112.2391
32.58378	5.42708	111.9727
32.57555	5.43214	111.7185
32.56564	5.43965	111.4583
32.55587	5.44776	111.1918
32.54673	5.45587	110.9285
32.53997	5.46298	110.6593
32.53230	5.46899	110.4019
32.52227	5.47375	110.1355
32.50535	5.47611	109.8783
32.49389	5.47501	109.6088
32.48039	5.47100	109.3335
32.47278	5.46484	109.0578
32.47004	5.45858	108.7858
32.46734	5.45337	108.5102
32.46613	5.44981	108.2256
32.46495	5.44761	107.9473
32.46433	5.44666	107.6628
32.46355	5.44651	107.3841
32.46094	5.44681	107.0996
32.45823	5.44736	106.8210
32.45526	5.44846	106.5399
32.45333	5.44951	106.2673
32.45121	5.45046	105.9797
32.44870	5.45116	105.7010
32.44854	5.45176	105.4199
32.44735	5.45242	105.1320
32.44692	5.45302	104.8386
32.44330	5.45407	104.5478
32.43855	5.45492	104.2572
32.43133	5.45512	103.9728
32.43129	5.45487	103.6853
32.43725	5.45597	103.3977
32.44273	5.45998	103.1008
32.44646	5.46624	102.7984
32.44166	5.47486	102.4955
32.43614	5.48247	102.1899
32.43268	5.48838	101.8903
32.43211	5.49335	101.5966
32.43155	5.49801	101.2969
32.43147	5.50247	100.9973
32.43199	5.50673	100.7005
32.43207	5.51109	100.4070
32.43218	5.51536	100.0983
32.42796	5.51952	99.8014
32.42261	5.52238	99.5078
32.41543	5.52393	99.2052
32.41093	5.52343	98.9175
32.40998	5.52188	98.6209
32.40615	5.51982	98.3120
32.39644	5.51731	98.0157
32.38879	5.51440	97.7159
32.38566	5.51350	97.4253
32.37584	5.51541	97.1194
32.36658	5.51877	96.8197
32.35891	5.52193	96.5229
32.35164	5.52469	96.2234
32.34335	5.52704	95.9175
32.33907	5.52880	95.6208
32.33511	5.53015	95.3211
32.33265	5.53156	95.0156
32.33188	5.53251	94.7158
32.32947	5.53372	94.4132
32.32687	5.53482	94.1256
32.32346	5.53597	93.8167
32.31709	5.53647	93.5230
32.30924	5.53627	93.2202
32.30155	5.53517	92.9176
32.29423	5.53412	92.6238
32.28091	5.53311	92.3212
32.27051	5.53076	92.0214
32.26671	5.52780	91.7186
32.25875	5.52494	91.4128
32.25577	5.52213	91.1222
32.25386	5.51982	90.8195
32.25358	5.51837	90.5229
32.25044	5.51822	90.2229
32.24649	5.52037	89.9265
32.23812	5.52428	89.6357
32.22876	5.53025	89.3359
32.22030	5.53683	89.0393
32.21024	5.54390	88.7458
32.19310	5.55414	88.4460
32.16265	5.56559	88.1523
32.13034	5.57477	87.8465
32.11285	5.58045	87.5499
32.10109	5.58517	87.2563
32.09387	5.59040	86.9627
32.08595	5.59607	86.6747
32.06897	5.60225	86.3783
32.05390	5.60798	86.0873
32.04728	5.61296	85.8001
32.04047	5.61990	85.5032
32.03155	5.63111	85.2095
32.02057	5.64640	84.9159
32.00847	5.66250	84.6221
32.00128	5.67659	84.3346
31.99500	5.69038	84.0468
31.98556	5.70378	83.7563
31.97730	5.71542	83.4687
31.97143	5.72499	83.1690
31.96670	5.73321	82.8842
31.96154	5.74173	82.5937
31.96003	5.75095	82.3092
31.95843	5.76276	82.0185
31.95648	5.77809	81.7310
31.95473	5.79763	81.4372
31.94394	5.82298	81.1254
31.92334	5.85102	80.8256
31.89985	5.87670	80.5409
31.88104	5.89643	80.2533
31.87092	5.91349	79.9627
31.88327	5.93217	79.6750
31.89219	5.95993	79.3935
31.89663	5.99715	79.1088
31.87913	6.04130	78.8182
31.86219	6.08290	78.5334
31.84636	6.12012	78.2459
31.83283	6.15366	77.9615
31.82484	6.18630	77.6825
31.81176	6.22270	77.3982
31.78705	6.26111	77.1196
31.76518	6.29374	76.8380
31.75202	6.31903	76.5533
31.74536	6.34142	76.2689
31.74642	6.36700	75.9871
31.72784	6.40007	75.7057
31.71205	6.43127	75.4211
31.69617	6.45890	75.1396
31.68294	6.48265	74.8639
31.67588	6.50339	74.5762
31.66533	6.52362	74.2948
31.65413	6.54160	74.0100
31.64370	6.55589	73.7346
31.63913	6.56642	73.4529
31.64272	6.57604	73.1714
31.63989	6.58972	72.8866
31.63545	6.60588	72.6172
31.62310	6.62256	72.3357
31.61339	6.63579	72.0630
31.60772	6.64599	71.7785
31.60663	6.65454	71.4969
31.61510	6.66397	71.2001
31.61482	6.67814	70.9215
31.60674	6.69361	70.6399
31.61539	6.70682	70.3645
31.62654	6.72601	70.0858
31.62073	6.76066	69.8012
31.60334	6.80831	69.5286
31.57367	6.86141	69.2470
31.54256	6.91213	68.9745
31.52549	6.95597	68.6898
31.49654	6.99980	68.4176
31.47084	7.03857	68.1418
31.44888	7.07010	67.8632
31.43359	7.09613	67.5815
31.42383	7.11973	67.3060
31.40967	7.14491	67.0398
31.39272	7.16879	66.7610
31.38281	7.18784	66.4945
31.37001	7.20371	66.2130
31.35987	7.21562	65.9373
31.35581	7.22424	65.6711
31.35184	7.23134	65.4074
31.34799	7.23714	65.1289
31.34783	7.24153	64.8562
31.35211	7.24645	64.5838
31.35602	7.25465	64.3113
31.35024	7.26814	64.0418
31.34036	7.28504	63.7724
31.32672	7.30351	63.5030
31.31016	7.32157	63.2364
31.29698	7.33629	62.9668
31.28645	7.34771	62.6975
31.27759	7.35626	62.4188
31.27127	7.36265	62.1612
31.26694	7.36758	61.8857
31.26585	7.37146	61.5980
31.26616	7.37639	61.3224
31.26237	7.38294	61.0590
31.26134	7.38986	60.7896
31.25858	7.39915	60.5260
31.25876	7.41038	60.2626
31.25736	7.42382	59.9933
31.25967	7.43899	59.7237
31.25438	7.45675	59.4632
31.24738	7.47461	59.1937
31.24221	7.49149	58.9210
31.23828	7.50811	58.6606
31.23072	7.52505	58.3942
31.22589	7.54164	58.1305
31.21415	7.55886	57.8643
31.20194	7.57408	57.5946
31.19379	7.58768	57.3404
31.18262	7.60355	57.0739
31.17015	7.62206	56.8135
31.15532	7.64465	56.5410
31.13588	7.66978	56.2867
31.09994	7.69435	56.0199
31.06952	7.71306	55.7808
31.05488	7.72369	55.5749
31.04421	7.72877	55.3660
31.03745	7.73168	55.1751
31.03381	7.73474	54.9812
31.02995	7.73776	54.7842
31.02668	7.74077	54.5968
31.02362	7.74469	54.4028
31.02021	7.75003	54.2150
31.01606	7.75517	54.0244
31.01185	7.75887	53.8428
31.01332	7.76104	53.6609
31.01057	7.76459	53.4915
31.00905	7.76819	53.3035
31.00664	7.77174	53.1188
31.00455	7.77529	52.9616
31.00199	7.77899	52.7950
31.00194	7.78249	52.6493
30.99945	7.78715	52.5009
30.99949	7.79271	52.3558
30.99405	7.80040	52.2044
30.98847	7.80713	52.0683
30.98727	7.81221	51.9167
30.98377	7.81736	51.7654
30.98012	7.82176	51.6353
30.98133	7.82510	51.4898
30.98150	7.83050	51.3474
30.98130	7.83857	51.2022
30.97887	7.84907	51.0629
30.98199	7.86117	50.9084
30.97785	7.87592	50.7660
30.97321	7.89116	50.6236
30.97128	7.90455	50.4724
30.96495	7.91655	50.3179
30.96253	7.92639	50.1634
30.96011	7.93511	49.9909
30.95666	7.94244	49.8332
30.95519	7.94824	49.6485
30.95259	7.95351	49.4701
30.95061	7.95734	49.2792
30.95219	7.96042	49.0884
30.94870	7.96335	48.8946
30.95012	7.96521	48.6886
30.94974	7.96723	48.4979
30.95020	7.96936	48.2856
30.95481	7.97202	48.0829
30.95825	7.97787	47.8738
30.95336	7.98799	47.6619
30.94739	8.00188	47.4438
30.93859	8.02010	47.2197
30.93887	8.03843	46.9986
30.93816	8.05939	46.7655
30.92305	8.08441	46.5353
30.90070	8.11003	46.2962
30.88810	8.13097	46.0598
30.87916	8.14866	45.8084
30.87313	8.16416	45.5722
30.86816	8.17930	45.3298
30.85640	8.19460	45.0876
30.84847	8.20750	44.8391
30.83701	8.22029	44.5878
30.82014	8.23373	44.3424
30.80494	8.24707	44.0940
30.78920	8.25849	43.8427
30.77193	8.26642	43.5943
30.76076	8.27039	43.3372
30.75123	8.27098	43.0975
30.74723	8.26974	42.8521
30.74664	8.26792	42.6069
30.74407	8.26647	42.3677
30.74162	8.26497	42.1253
30.74528	8.26315	41.8831
30.74883	8.26288	41.6498
30.74917	8.26449	41.4074
30.74726	8.26642	41.1713
30.74661	8.26840	40.9320
30.74372	8.26996	40.6895
30.74045	8.27157	40.4595
30.73734	8.27269	40.2141
30.73608	8.27275	39.9716
30.73333	8.27264	39.7324
30.73077	8.27269	39.4781
30.73101	8.27328	39.2477
30.73013	8.27478	39.0025
30.72982	8.27639	38.7631
30.72861	8.27865	38.5211
30.72394	8.28111	38.2784
30.71970	8.28315	38.0363
30.71691	8.28460	37.7879
30.71430	8.28621	37.5485
30.71281	8.28728	37.3125
30.70956	8.28819	37.0789
30.70224	8.28889	36.8336
30.69734	8.28825	36.5853
30.69605	8.28690	36.3429
30.69485	8.28540	36.1037
30.69425	8.28395	35.8734
30.69514	8.28267	35.6402
30.69316	8.28176	35.3980
30.69074	8.28090	35.1526
30.68810	8.27961	34.8979
30.68465	8.27843	34.6496
30.68347	8.27811	34.4102
30.68189	8.27891	34.1650
30.68160	8.28229	33.9286
30.68049	8.29007	33.6834
30.67906	8.30294	33.4380
30.67026	8.32173	33.1895
30.65963	8.34224	32.9443
30.64714	8.36303	32.6927
30.63513	8.38297	32.4444
30.62637	8.40250	32.2021
30.61648	8.42294	31.9595
30.60562	8.44227	31.7173
30.59635	8.45940	31.4629
30.58817	8.47534	31.2205
30.57853	8.48990	30.9752
30.57715	8.50246	30.7298
30.58197	8.51756	30.4874
30.59518	8.53855	30.2422
30.59396	8.56679	29.9966
30.59185	8.59554	29.7604
30.59293	8.62512	29.5089
30.59477	8.65683	29.2604
30.61039	8.69209	29.0151
30.59461	8.73373	28.7668
30.54197	8.77237	28.5213
30.48865	8.79578	28.2790
30.46897	8.80078	28.0215
30.45689	8.79768	27.7789
30.45235	8.79366	27.5248
30.44963	8.79100	27.2701
30.44673	8.79111	27.0128
30.44284	8.79388	26.7520
30.43810	8.79877	26.4976
30.43239	8.80518	26.2399
30.42598	8.81127	25.9734
30.41984	8.81757	25.7190
30.41303	8.82437	25.4553
30.40829	8.83002	25.1981
30.40449	8.83459	24.9403
30.40170	8.83834	24.6891
30.39870	8.84122	24.4314
30.39763	8.84335	24.1739
30.39648	8.84519	23.9225
30.39584	8.84645	23.6619
30.39511	8.84742	23.4047
30.39688	8.84851	23.1529
30.39711	8.85025	22.8985
30.39485	8.85189	22.6380
30.39222	8.85281	22.3986
30.39403	8.85346	22.1504
30.39505	8.85428	21.9047
30.38871	8.85689	21.6683
30.37644	8.86614	21.4320
30.36549	8.88019	21.2048
30.35320	8.89467	20.9775
30.32935	8.91009	20.7442
30.30727	8.92459	20.5079
30.28972	8.93854	20.2899
30.27701	8.95245	20.0597
30.26666	8.96282	19.8476
30.25924	8.97089	19.6232
30.25270	8.97793	19.4053
30.24367	8.98563	19.1870
30.23225	8.99507	18.9777
30.22092	9.00321	18.7568
30.21138	9.00933	18.5388
30.20551	9.01370	18.3205
30.20107	9.01791	18.0994
30.19843	9.02113	17.8721
30.19698	9.02446	17.6570
30.19624	9.02801	17.4388
30.19320	9.03140	17.2147
30.18993	9.03425	16.9754
30.18827	9.03594	16.7421
30.18674	9.03747	16.5300
30.18655	9.03856	16.3089
30.18590	9.04020	16.0815
30.17502	9.04480	15.8634
30.15120	9.05612	15.6482
30.13236	9.07242	15.4299
30.11640	9.09026	15.2149
30.09906	9.10937	14.9939
30.07644	9.13407	14.7846
30.04735	9.16072	14.5665
30.01769	9.18776	14.3725
29.99298	9.21125	14.1636
29.97350	9.23037	13.9726
29.95792	9.24636	13.7878
29.94611	9.25834	13.5939
29.93626	9.26714	13.3969
29.92881	9.27423	13.2061
29.92327	9.28055	13.0152
29.91875	9.28567	12.8152
29.91447	9.28974	12.6213
29.91006	9.29282	12.4334
29.90612	9.29541	12.2366
29.90331	9.29772	12.0455
29.90219	9.29954	11.8576
29.90171	9.30135	11.6638
29.89996	9.30317	11.4608
29.89683	9.30509	11.2667
29.89517	9.30642	11.0638
29.88775	9.30746	10.8698
29.88011	9.30801	10.6699
29.86485	9.31082	10.4729
29.82142	9.32442	10.2821
29.77101	9.35510	10.1063
29.72722	9.39618	9.9396
29.69070	9.43571	9.7849
29.65248	9.47101	9.6246
29.61136	9.50607	9.4669
29.56374	9.54643	9.3154
29.51346	9.58638	9.1608
29.47274	9.62315	9.0094
29.43766	9.65430	8.8548
29.41124	9.68213	8.6940
29.39013	9.70420	8.5395
29.37565	9.72056	8.3821
29.36277	9.72957	8.2214
29.34977	9.73836	8.0639
29.32887	9.74922	7.9124
29.29896	9.76325	7.7426
29.27134	9.78281	7.5881
29.24472	9.80388	7.4306
29.22510	9.82284	7.2609
29.20504	9.83857	7.0942
29.18927	9.85319	6.9154
29.17265	9.86503	6.7367
29.15427	9.87721	6.5487
29.13186	9.89190	6.3699
29.10947	9.90962	6.1821
29.08732	9.92807	5.9940
29.06560	9.94603	5.8033
29.04456	9.96277	5.6155
29.02519	9.98007	5.4305
29.00843	9.99570	5.2425
28.99288	10.00837	5.0548
28.97451	10.01952	4.8639
28.93495	10.03467	4.6730
28.87740	10.06177	4.4851
28.78952	10.10231	4.2941
28.69027	10.16260	4.1032
28.58384	10.23515	3.9244
28.49329	10.31446	3.7516
28.40911	10.38504	3.5609
28.27344	10.44934	3.3728
28.11032	10.53983	3.1759
27.93341	10.65402	2.9821
27.76562	10.78263	2.7910
27.62638	10.91001	2.5910
27.52273	11.01496	2.4001
27.43759	11.09736	2.2031
27.33223	11.16451	2.0031
27.21202	11.23716	1.8060
27.06650	11.32023	1.6121
26.93246	11.41930	1.4183
26.81403	11.51893	1.2212
26.73099	11.60736	1.0304
26.65963	11.67356	0.8303
26.61450	11.72731	0.6425
26.57662	11.76576	0.4454
26.54487	11.79725	0.2485
26.51871	11.82430	0.0666
26.48654	11.83889	0.0091
26.44914	11.84136	0.0059
26.45356	11.83701	0.0090
26.46581	11.81436	0.0088
26.48475	11.78967	0.0089
26.50024	11.77011	0.0089
26.51894	11.74433	0.0090
26.55842	11.70731	0.0089
26.59183	11.68328	0.0117
26.62765	11.65066	0.0121
26.70246	11.60455	0.0148
8.05051	11.54723	0.0150
3.62382	11.49035	0.0181
3.34160	11.45871	0.0120
3.42550	11.44468	0.0149
3.43577	11.43443	0.0118
3.17706	11.42279	0.0119
2.96802	11.40871	0.0150
3.00643	11.39342	0.0117
3.00581	11.38173	0.0117
3.05580	11.37063	0.0056
3.22340	11.35738	0.0024
3.30189	11.33625	0.0087
3.12069	11.32365	0.0025
2.54019	11.32011	0.0024
2.15259	11.31721	0.0055
1.87797	11.31384	-0.0036
1.74848	11.31019	0.0024
1.70467	11.30688	-0.0005
1.58659	11.30201	-0.0008
1.49868	11.29824	0.0023
1.45861	11.29627	-0.0008
1.39516	11.29627	-0.0008
1.51676	11.29621	0.0052
2.28242	11.29441	-0.0009
2.67426	11.29343	-0.0040
2.39306	11.29244	0.0050
2.08855	11.29117	-0.0040
1.85462	11.29209	0.0080
1.68996	11.29151	-0.0070
1.57577	11.29088	0.0020
1.48932	11.28908	-0.0012
1.42268	11.28716	-0.0041
1.36616	11.28537	0.0020
1.35113	11.28183	0.0047
1.50754	11.27830	-0.0043
1.64114	11.27488	0.0018
1.69677	11.27262	0.0078
1.67088	11.26885	0.0018
1.54191	11.26497	0.0047
1.43151	11.26207	-0.0014
1.28671	11.25940	0.0047
1.15800	11.25778	0.0015
1.08759	11.25564	0.0047
1.02731	11.25349	0.0075
0.99146	11.25100	0.0045
0.96210	11.24805	-0.0015
0.93076	11.24510	0.0015
0.89657	11.24243	0.0013
