Salinity, Practical [PSU]	Temperature [ITS-90, deg C]	Depth [salt water, m]
0.01145	16.91771	-0.0097
0.01149	16.91852	-0.0067
0.01145	16.91947	-0.0098
0.01146	16.92035	-0.0097
0.01134	16.92069	-0.0098
0.01134	16.92124	-0.0068
0.01132	16.92185	-0.0037
0.01130	16.92246	-0.0068
0.01125	16.92253	-0.0128
0.01123	16.92287	-0.0068
0.01123	16.92300	-0.0039
0.01123	16.92314	-0.0128
0.01119	16.92287	-0.0068
0.01112	16.92300	-0.0007
0.01111	16.92314	-0.0098
0.01115	16.92361	-0.0068
0.01106	16.92361	-0.0038
0.01108	16.92232	-0.0099
0.01102	16.92001	-0.0038
0.01100	16.91934	-0.0068
0.01100	16.92015	-0.0129
0.01095	16.92124	0.0022
0.01093	16.92232	-0.0038
0.01095	16.92341	-0.0068
0.01089	16.92450	-0.0068
0.01089	16.92538	-0.0039
0.01089	16.92606	-0.0038
0.01085	16.92687	-0.0069
0.01086	16.92749	-0.0039
0.01089	16.92783	-0.0068
0.01101	16.92837	-0.0098
0.01106	16.92918	-0.0008
0.01105	16.92980	-0.0068
0.01110	16.93048	-0.0068
0.01111	16.93061	-0.0099
0.01111	16.93088	-0.0068
0.01123	16.93143	-0.0038
0.01119	16.93204	-0.0099
0.01123	16.93258	-0.0068
0.01123	16.93326	-0.0068
0.01115	16.93394	-0.0009
0.01123	16.93496	-0.0008
0.01123	16.93550	-0.0039
0.01123	16.93618	-0.0099
0.01131	16.93652	-0.0099
0.01135	16.93741	-0.0009
0.01136	16.93795	0.0052
0.01144	16.88377	0.0234
0.01250	16.55361	0.0446
0.02345	16.25231	0.0628
9.18254	16.03407	0.0991
9.29218	15.84727	0.1355
20.90751	15.71180	0.2082
21.59217	15.59018	0.3354
21.84757	15.48806	0.4657
21.93648	15.41478	0.5171
22.03192	15.37190	0.5655
21.96274	15.34976	0.6686
21.95928	15.34684	0.7715
21.91682	15.33789	0.8261
21.94835	15.33328	0.8382
21.95153	15.35346	0.8443
21.94556	15.37411	0.8473
21.95903	15.38651	0.8442
21.97500	15.39580	0.8382
21.98404	15.40626	0.8412
21.98680	15.41511	0.8322
21.97044	15.41953	0.8382
21.96774	15.41966	0.8412
22.01495	15.40470	0.8443
22.22853	15.35340	0.8411
22.55248	15.27806	0.8351
22.81987	15.20948	0.8351
23.00935	15.15233	0.8321
23.09276	15.11067	0.8503
23.12997	15.08020	0.8472
23.24043	15.05027	0.8412
23.36266	15.01779	0.8412
23.43185	14.98515	0.8291
23.47801	14.96056	0.8321
23.52301	14.94843	0.8260
23.52638	14.94298	0.8412
23.51862	14.93939	0.8412
23.52850	14.93535	0.8443
23.52148	14.93375	0.8382
23.47747	14.93169	0.8381
23.46740	14.92451	0.8382
23.51378	14.91342	0.8352
23.58762	14.90138	0.8321
23.64710	14.88549	0.8291
23.69228	14.87205	0.8291
23.71174	14.86238	0.8260
23.71807	14.85489	0.8231
23.73064	14.84671	0.8321
23.74408	14.83526	0.8322
23.76312	14.82381	0.8442
23.78932	14.81429	0.8352
23.79737	14.80445	0.8321
23.80249	14.79378	0.8200
23.82269	14.78573	0.8140
23.84889	14.78088	0.8140
23.85877	14.77615	0.8170
23.88613	14.77047	0.8200
23.88670	14.76747	0.8170
23.86431	14.76907	0.8200
23.88451	14.77660	0.8200
23.94281	14.78522	0.8200
23.94043	14.78867	0.8140
24.00083	14.78375	0.8079
24.01903	14.77903	0.8169
24.02917	14.77558	0.8139
24.04136	14.77296	0.8170
24.04030	14.77469	0.8200
24.06164	14.78529	0.8170
24.02879	14.79340	0.8200
24.09377	14.79001	0.8200
24.13311	14.78337	0.8230
24.16121	14.77737	0.8170
24.19972	14.77130	0.8261
24.23507	14.76703	0.8230
24.25827	14.76447	0.8261
24.28286	14.76530	0.8200
24.29328	14.76805	0.8170
24.28004	14.76984	0.8230
24.27670	14.76971	0.8139
24.24554	14.76932	0.8261
24.19378	14.77194	0.8261
24.01983	14.77564	0.8201
23.70244	14.79442	0.8170
23.46296	14.84997	0.8140
23.46465	14.92464	0.8110
23.54284	15.00879	0.8079
23.54971	15.08921	0.8109
23.42503	15.15007	0.8261
23.31843	15.17867	0.8231
23.27135	15.19449	0.8261
23.23952	15.21718	0.8230
23.19951	15.24130	0.8230
23.18524	15.25521	0.8110
23.17951	15.26239	0.8079
23.18311	15.27003	0.8110
23.19452	15.27709	0.8140
23.18466	15.28318	0.8109
23.19169	15.28843	0.8170
23.19096	15.29400	0.8201
23.19763	15.29853	0.8170
23.20650	15.30268	0.8231
23.19838	15.30793	0.8201
23.19572	15.31227	0.8170
23.16536	15.31325	0.8232
23.15909	15.31889	0.8292
23.14472	15.33400	0.8322
23.10708	15.33970	0.8262
23.08093	15.34379	0.8140
23.08809	15.34658	0.8201
23.11642	15.34807	0.8231
23.13334	15.35119	0.8263
23.13910	15.35443	0.8262
23.14495	15.35710	0.8322
23.15960	15.35826	0.8323
23.18615	15.35807	0.8232
23.20350	15.35301	0.8262
23.22652	15.33717	0.8293
23.23704	15.32064	0.8323
23.23139	15.31013	0.8262
23.21690	15.30495	0.8353
23.19059	15.30281	0.8262
23.14374	15.30398	0.8292
23.10223	15.31979	0.8232
23.08487	15.34165	0.8293
23.08078	15.36287	0.8202
23.06609	15.37852	0.8263
23.04785	15.38930	0.8263
23.03858	15.39853	0.8263
23.03581	15.40522	0.8293
23.04180	15.41010	0.8293
23.04236	15.41303	0.8384
23.02347	15.41504	0.8415
22.98310	15.41842	0.8294
22.95191	15.42362	0.8293
22.92698	15.43078	0.8293
22.92383	15.44268	0.8293
22.93553	15.45225	0.8324
22.93252	15.45850	0.8354
22.90353	15.46293	0.8415
22.87773	15.46722	0.8384
22.86106	15.47159	0.8294
22.86216	15.47582	0.8324
22.88419	15.48077	0.8294
22.90564	15.48318	0.8264
22.90449	15.48429	0.8294
22.87477	15.48442	0.8355
22.82630	15.48500	0.8416
22.79614	15.48591	0.8416
22.79408	15.48689	0.8386
22.80896	15.48872	0.8295
22.83784	15.49048	0.8356
22.87305	15.49165	0.8356
22.86943	15.49276	0.8355
22.84589	15.49425	0.8386
22.82608	15.49608	0.8326
22.81753	15.49745	0.8387
22.79950	15.49816	0.8356
22.78212	15.49856	0.8356
22.75535	15.49986	0.8387
22.74853	15.50520	0.8326
22.73144	15.51022	0.8326
22.72297	15.50846	0.8387
22.71936	15.50475	0.8387
22.71664	15.50207	0.8387
22.71343	15.50168	0.8478
22.71470	15.50116	0.8448
22.70708	15.50051	0.8447
22.67781	15.50071	0.8448
22.64853	15.50221	0.8448
22.63589	15.50318	0.8387
22.62947	15.50449	0.8358
22.62613	15.50638	0.8418
22.62253	15.50820	0.8448
22.60038	15.50938	0.8419
22.56655	15.51088	0.8419
22.55391	15.51055	0.8418
22.54850	15.51179	0.8419
22.55022	15.51361	0.8358
22.54570	15.51492	0.8359
22.54595	15.51537	0.8328
22.55732	15.51577	0.8389
22.55530	15.51661	0.8449
22.54790	15.51805	0.8450
22.53673	15.51935	0.8541
22.52607	15.51987	0.8511
22.51708	15.51961	0.8541
22.51200	15.51948	0.8571
22.49676	15.51935	0.8541
22.48590	15.51935	0.8542
22.48234	15.51870	0.8451
22.47631	15.51935	0.8420
22.47354	15.52072	0.8421
22.47289	15.52170	0.8451
22.47147	15.52222	0.8421
22.47517	15.52261	0.8451
22.47650	15.52287	0.8513
22.46366	15.52294	0.8512
22.44102	15.52405	0.8452
22.43056	15.52326	0.8362
22.42465	15.52281	0.8422
22.42261	15.52255	0.8483
22.42690	15.52144	0.8513
22.43164	15.52000	0.8453
22.43434	15.51857	0.8483
22.43936	15.51681	0.8452
22.43778	15.51440	0.8453
22.43374	15.51198	0.8543
22.43117	15.50996	0.8484
22.42983	15.50846	0.8484
22.42935	15.50670	0.8484
22.43240	15.50527	0.8514
22.43667	15.50423	0.8423
22.43926	15.50442	0.8484
22.43777	15.50533	0.8515
22.43150	15.50631	0.8575
22.43050	15.50638	0.8515
22.42987	15.50533	0.8515
22.42916	15.50442	0.8485
22.43065	15.50397	0.8516
22.43271	15.50429	0.8365
22.43579	15.50416	0.8425
22.43822	15.50410	0.8425
22.43937	15.50377	0.8456
22.44248	15.50351	0.8486
22.44565	15.50357	0.8456
22.44713	15.50357	0.8487
22.44726	15.50325	0.8486
22.44169	15.50318	0.8608
22.43178	15.50286	0.8517
22.42567	15.50240	0.8517
22.42595	15.50227	0.8517
22.42918	15.50188	0.8518
22.42806	15.50116	0.8548
22.42166	15.50032	0.8518
22.41918	15.49947	0.8549
22.41838	15.49836	0.8518
22.41684	15.49712	0.8519
22.41686	15.49647	0.8487
22.41777	15.49549	0.8519
22.41800	15.49465	0.8459
22.41909	15.49406	0.8489
22.41960	15.49360	0.8489
22.41954	15.49282	0.8429
22.41933	15.49210	0.8550
22.41973	15.49158	0.8550
22.41975	15.49119	0.8520
22.41988	15.49132	0.8521
22.42017	15.49126	0.8521
22.41999	15.49113	0.8520
22.41912	15.49087	0.8522
22.41939	15.49048	0.8490
22.41810	15.49015	0.8521
22.41746	15.48956	0.8521
22.42247	15.48891	0.8522
22.42612	15.48813	0.8492
22.42651	15.48683	0.8492
22.42501	15.48533	0.8431
22.42468	15.48376	0.8493
22.42505	15.48220	0.8462
22.42671	15.48018	0.8462
22.43056	15.47816	0.8492
22.43690	15.47588	0.8493
22.44417	15.47198	0.8402
22.44892	15.46657	0.8463
22.45158	15.46234	0.8463
22.45202	15.45895	0.8433
22.44872	15.45524	0.8433
22.45647	15.45049	0.8493
22.47074	15.44516	0.8434
22.47600	15.44021	0.8465
22.47774	15.43715	0.8434
22.47649	15.43540	0.8464
22.47325	15.43292	0.8466
22.46949	15.42967	0.8525
22.46641	15.42629	0.8495
22.46939	15.42284	0.8465
22.47341	15.41875	0.8496
22.47669	15.41387	0.8557
22.47994	15.40952	0.8556
22.47986	15.40652	0.8467
22.47608	15.40373	0.8497
22.47735	15.40016	0.8526
22.48356	15.39580	0.8466
22.48643	15.39112	0.8436
22.48749	15.38800	0.8437
22.48880	15.38554	0.8437
22.48812	15.38216	0.8437
22.48626	15.37807	0.8467
22.48943	15.37339	0.8497
22.49759	15.36859	0.8468
22.50386	15.36404	0.8499
22.50741	15.36060	0.8528
22.50979	15.35885	0.8468
22.51125	15.35710	0.8408
22.51299	15.35450	0.8499
22.51402	15.35145	0.8470
22.51090	15.34820	0.8470
22.51207	15.34509	0.8530
22.51960	15.34210	0.8500
22.52741	15.33964	0.8500
22.53254	15.33711	0.8439
22.53495	15.33549	0.8500
22.53754	15.33490	0.8440
22.54014	15.33484	0.8470
22.53356	15.33451	0.8441
22.52210	15.33335	0.8502
22.52089	15.33205	0.8501
22.53023	15.33121	0.8441
22.54096	15.33017	0.8411
22.54598	15.32829	0.8410
22.54634	15.32686	0.8411
22.54371	15.32537	0.8412
22.53950	15.32414	0.8412
22.53213	15.32278	0.8442
22.52611	15.32096	0.8413
22.52288	15.31908	0.8413
22.52120	15.31726	0.8443
22.52136	15.31519	0.8444
22.52078	15.31325	0.8504
22.51462	15.31104	0.8565
22.50547	15.30877	0.8596
22.49988	15.30709	0.8565
22.49115	15.30599	0.8536
22.48376	15.30683	0.8535
22.48042	15.30748	0.8505
22.48019	15.30618	0.8414
22.47693	15.30437	0.8445
22.46955	15.30242	0.8506
22.46450	15.30132	0.8506
22.46012	15.30119	0.8476
22.47181	15.30106	0.8445
22.47835	15.30035	0.8506
22.47984	15.30035	0.8446
22.48058	15.30002	0.8446
22.48024	15.29963	0.8477
22.47935	15.29860	0.8447
22.48692	15.29743	0.8448
22.49774	15.29659	0.8478
22.50409	15.29542	0.8508
22.50707	15.29316	0.8509
22.51547	15.29082	0.8539
22.53143	15.28771	0.8569
22.54481	15.28376	0.8570
22.55486	15.27910	0.8570
22.56319	15.27405	0.8479
22.57195	15.26913	0.8510
22.57837	15.26518	0.8570
22.58285	15.26129	0.8450
22.58816	15.25812	0.8540
22.56938	15.25508	0.8602
22.57453	15.25165	0.8571
22.59119	15.24900	0.8511
22.59353	15.24706	0.8511
22.60049	15.24486	0.8511
22.59766	15.24156	0.8481
22.58722	15.23865	0.8481
22.58350	15.23690	0.8450
22.59747	15.23599	0.8421
22.61296	15.23522	0.8482
22.62265	15.23470	0.8453
22.62096	15.23425	0.8452
22.62986	15.23386	0.8453
22.65565	15.23405	0.8513
22.68305	15.23502	0.8513
22.70083	15.23399	0.8483
22.70894	15.23205	0.8514
22.71323	15.22978	0.8514
22.71988	15.22772	0.8515
22.71299	15.22539	0.8544
22.70131	15.22280	0.8545
22.72502	15.22015	0.8575
22.75486	15.21815	0.8454
22.76977	15.21543	0.8454
22.77950	15.21304	0.8455
22.78675	15.21129	0.8486
22.78229	15.21000	0.8485
22.78157	15.20813	0.8486
22.79511	15.20638	0.8456
22.81952	15.20483	0.8456
22.83740	15.20212	0.8456
22.84823	15.19901	0.8457
22.85547	15.19643	0.8456
22.85726	15.19423	0.8488
22.85626	15.19204	0.8426
22.85689	15.18971	0.8487
22.86137	15.18752	0.8518
22.88096	15.18545	0.8518
22.91105	15.18293	0.8549
22.93755	15.18022	0.8579
22.95951	15.17770	0.8459
22.98364	15.17512	0.8488
23.00497	15.17318	0.8519
23.02995	15.17131	0.8519
23.05797	15.16950	0.8520
23.08946	15.16808	0.8460
23.12626	15.16640	0.8550
23.16568	15.16466	0.8520
23.20151	15.16227	0.8490
23.23136	15.15885	0.8430
23.25536	15.15498	0.8491
23.27385	15.15091	0.8521
23.28545	15.14691	0.8461
23.29292	15.14336	0.8462
23.29779	15.14033	0.8431
23.30356	15.13807	0.8461
23.31850	15.13652	0.8461
23.33355	15.13498	0.8522
23.32762	15.13311	0.8493
23.30333	15.13098	0.8524
23.30169	15.12891	0.8553
23.31289	15.12743	0.8492
23.32021	15.12679	0.8523
23.32567	15.12498	0.8493
23.33870	15.12156	0.8494
23.35955	15.11802	0.8554
23.36355	15.11479	0.8555
23.36563	15.11209	0.8555
23.40490	15.11009	0.8555
23.43909	15.10938	0.8524
23.45943	15.10861	0.8495
23.48473	15.10577	0.8435
23.51373	15.10210	0.8495
23.54135	15.09843	0.8405
23.57325	15.09540	0.8496
23.60905	15.09301	0.8436
23.64231	15.09166	0.8466
23.66491	15.09050	0.8466
23.67811	15.08857	0.8436
23.68227	15.08638	0.8466
23.69213	15.08458	0.8468
23.72096	15.08290	0.8558
23.73548	15.08168	0.8497
23.72298	15.08000	0.8498
23.72573	15.07814	0.8528
23.73741	15.07640	0.8559
23.74219	15.07511	0.8559
23.74719	15.07286	0.8529
23.75918	15.06835	0.8560
23.77275	15.06307	0.8530
23.78335	15.05792	0.8560
23.78190	15.05310	0.8529
23.77353	15.04917	0.8470
23.76293	15.04641	0.8500
23.76041	15.04422	0.8531
23.76300	15.04152	0.8500
23.76439	15.03766	0.8470
23.77672	15.03399	0.8500
23.79867	15.03110	0.8471
23.81283	15.02853	0.8502
23.80559	15.02621	0.8471
23.80822	15.02447	0.8502
23.82448	15.02377	0.8441
23.83653	15.02364	0.8473
23.84450	15.02242	0.8442
23.85814	15.02055	0.8472
23.87895	15.01907	0.8533
23.89824	15.01785	0.8473
23.90618	15.01695	0.8473
23.90687	15.01625	0.8594
23.90884	15.01631	0.8564
23.90864	15.01637	0.8625
23.91097	15.01689	0.8595
23.90961	15.01695	0.8564
23.91398	15.01438	0.8505
23.90924	15.01020	0.8505
23.86291	15.00648	0.8505
23.77805	15.00416	0.8444
23.74150	15.00333	0.8506
23.77013	15.00339	0.8445
23.91391	15.00307	0.8476
23.94373	15.00211	0.8506
23.93429	15.00121	0.8446
23.91581	14.99986	0.8416
23.87253	14.99883	0.8417
23.83326	14.99793	0.8446
23.85021	14.99697	0.8477
23.92828	14.99633	0.8446
23.94857	14.99549	0.8508
23.93658	14.99485	0.8508
23.93128	14.99427	0.8539
23.93302	14.99350	0.8538
23.91521	14.99260	0.8660
23.90013	14.99202	0.8630
23.92728	14.99189	0.8630
23.94292	14.99035	0.8539
23.71220	14.98708	0.8540
24.49385	14.97802	0.8539
25.55205	14.84766	0.8419
25.77997	14.62753	0.8419
25.90801	14.46269	0.8418
25.97226	14.36279	0.8480
25.99889	14.30593	0.8479
26.01073	14.27438	0.8541
26.02648	14.25663	0.8511
26.06745	14.24682	0.8481
26.09917	14.23814	0.8541
26.11925	14.22959	0.8450
26.12247	14.22243	0.8421
26.11073	14.21728	0.8542
26.09637	14.21570	0.8603
26.13374	14.21596	0.8512
26.12070	14.21438	0.8573
26.11811	14.21451	0.8573
26.12559	14.21614	0.8483
26.10947	14.21759	0.8453
26.10543	14.21985	0.8483
26.10357	14.22343	0.8513
26.10163	14.22714	0.8514
26.01838	14.22941	0.8453
26.01666	14.23651	0.8514
26.04369	14.24361	0.8514
26.02955	14.24512	0.8515
25.96787	14.24588	0.8515
25.96226	14.25135	0.8515
25.94785	14.25695	0.8485
25.94522	14.26129	0.8456
26.01229	14.26387	0.8486
25.98653	14.26261	0.8456
25.92705	14.26507	0.8487
25.82152	14.27564	0.8546
25.74922	14.29484	0.8486
25.69264	14.31519	0.8517
25.67714	14.33284	0.8547
25.69202	14.34469	0.8486
25.69979	14.34929	0.8518
25.72110	14.34986	0.8518
25.74778	14.34601	0.8488
25.80654	14.33826	0.8519
25.86072	14.32395	0.8608
25.86873	14.31027	0.8549
25.90477	14.30252	0.8489
25.91805	14.29616	0.8488
25.91456	14.29194	0.8459
25.93255	14.28999	0.8489
25.93409	14.28728	0.8490
25.95395	14.28546	0.8399
25.96157	14.28344	0.8460
25.96721	14.27992	0.8430
25.97481	14.27677	0.8460
26.02481	14.27344	0.8430
26.03858	14.26890	0.8492
26.05271	14.26500	0.8460
26.05197	14.26123	0.8521
26.03417	14.25909	0.8491
26.04598	14.25865	0.8492
26.04809	14.25840	0.8431
26.03970	14.25947	0.8432
26.03069	14.26179	0.8431
26.00869	14.26551	0.8493
25.96127	14.27287	0.8554
25.86854	14.28401	0.8523
25.84562	14.29786	0.8463
25.82215	14.30857	0.8494
25.81044	14.31594	0.8554
25.79048	14.32143	0.8494
25.80526	14.32596	0.8464
25.79541	14.32748	0.8434
25.73122	14.32886	0.8433
25.67974	14.33542	0.8404
25.65731	14.34482	0.8404
25.67287	14.35238	0.8404
25.69947	14.35428	0.8435
25.71515	14.35226	0.8465
25.71131	14.34948	0.8496
25.70401	14.34784	0.8466
25.69330	14.34810	0.8375
25.65109	14.34955	0.8467
25.63257	14.35447	0.8466
25.60433	14.36002	0.8497
25.59576	14.36526	0.8527
25.64894	14.36929	0.8527
25.67656	14.36929	0.8527
25.67470	14.36677	0.8498
25.68945	14.36532	0.8527
25.68918	14.36248	0.8468
25.66927	14.36065	0.8499
25.62056	14.36122	0.8498
25.54823	14.36791	0.8408
25.51259	14.38078	0.8438
25.44309	14.39480	0.8499
25.31851	14.41097	0.8500
25.20271	14.43385	0.8469
25.24343	14.45871	0.8470
25.26155	14.47067	0.8470
25.25895	14.47307	0.8409
25.23842	14.47313	0.8500
25.25264	14.47453	0.8894
25.25809	14.47617	0.9986
25.48499	14.47421	1.1410
25.60723	14.44536	1.3257
25.70338	14.41268	1.5105
26.16647	14.37908	1.7074
26.40236	14.30366	1.9163
26.52548	14.21602	2.1315
26.54839	14.14816	2.3466
26.55511	14.12502	2.5525
26.70145	14.13775	2.7615
26.73991	14.12621	2.9646
26.76728	14.10215	3.1796
26.79235	14.08186	3.3977
26.83272	14.06334	3.6309
26.99636	14.03413	3.8582
27.20543	13.96269	4.0884
27.40541	13.84708	4.3126
27.57468	13.71368	4.5428
27.71495	13.58856	4.7699
27.86480	13.49095	4.9941
28.00689	13.40670	5.2304
28.09530	13.32423	5.4757
28.15290	13.25651	5.7060
28.20816	13.20925	5.9392
28.35648	13.17573	6.1725
28.55719	13.14675	6.3997
28.67956	13.12431	6.6360
28.68509	13.09226	6.8753
28.71240	13.02552	7.1176
28.75455	12.95732	7.3569
28.79071	12.89895	7.5810
28.80745	12.84985	7.8234
28.82499	12.80373	8.0536
28.80263	12.76098	8.2868
28.83081	12.70635	8.5110
28.83340	12.64621	8.7443
28.79387	12.57548	8.9745
28.78870	12.46865	9.2077
28.82534	12.34417	9.4409
28.86319	12.21975	9.6832
28.92057	12.10334	9.9135
28.95663	12.00580	10.1467
28.98227	11.91429	10.3830
29.00198	11.81736	10.6162
29.04092	11.71206	10.8555
29.04140	11.60467	11.0796
29.08908	11.47712	11.3251
29.15450	11.34467	11.5522
29.21956	11.21766	11.7794
29.30669	11.09494	12.0066
29.37645	11.00190	12.2368
29.42375	10.93975	12.4731
29.45238	10.90025	12.6942
29.47036	10.87622	12.9334
29.47895	10.86148	13.1636
29.48525	10.85008	13.3909
29.47625	10.83644	13.6301
29.47110	10.80632	13.8573
29.47583	10.74861	14.0905
29.51137	10.67718	14.3086
29.55003	10.61607	14.5388
29.57604	10.57094	14.7660
29.62801	10.53125	14.9932
29.66358	10.50251	15.2204
29.69122	10.48815	15.4567
29.60865	10.46573	15.6778
29.61390	10.32655	15.9020
29.74658	10.08973	16.1322
29.90818	9.85504	16.3623
30.05421	9.66569	16.5834
30.15848	9.53469	16.8076
30.22591	9.45067	17.0408
30.26898	9.39651	17.2741
30.30285	9.35273	17.5134
30.33946	9.30361	17.7435
30.38014	9.25174	17.9708
30.41070	9.21120	18.1979
30.43133	9.18348	18.4190
30.44277	9.16543	18.6401
30.45062	9.15348	18.8702
30.45056	9.14476	19.0945
30.45016	9.13002	19.3155
30.46091	9.09612	19.5428
30.50334	9.03851	19.7607
30.54731	8.98186	19.9850
30.58949	8.93233	20.1970
30.62749	8.88661	20.4121
30.65724	8.85053	20.6301
30.67882	8.82545	20.8542
30.69926	8.80284	21.0693
30.72343	8.77416	21.2843
30.75047	8.73980	21.5024
30.77644	8.70792	21.7175
30.79591	8.68429	21.9447
30.80950	8.66744	22.1597
30.82228	8.65342	22.3779
30.83331	8.64103	22.6050
30.84274	8.63085	22.8200
30.85279	8.61922	23.0320
30.86342	8.60657	23.2532
30.87591	8.59403	23.4682
30.88895	8.57900	23.6833
30.89987	8.56528	23.8953
30.90839	8.55432	24.1103
30.91357	8.54568	24.3224
30.91776	8.53704	24.5315
30.92108	8.52641	24.7433
30.92635	8.51244	24.9554
30.93794	8.49275	25.1675
30.95090	8.47076	25.3795
30.96696	8.44900	25.5915
30.97981	8.43091	25.8035
30.99076	8.41611	26.0095
30.99887	8.40416	26.2245
31.00665	8.39373	26.4305
31.01352	8.38507	26.6455
31.01756	8.37927	26.8545
31.01749	8.37475	27.0696
31.02400	8.36465	27.2907
31.03258	8.35293	27.5088
31.03923	8.34154	27.7268
31.04865	8.32366	27.9450
31.06717	8.29774	28.1510
31.09050	8.26862	28.3629
31.11062	8.24429	28.5810
31.12377	8.22709	28.7960
31.13298	8.21585	29.0081
31.13910	8.20921	29.2201
31.14126	8.20541	29.4320
31.14215	8.20332	29.6471
31.14188	8.20166	29.8592
31.14378	8.19979	30.0713
31.14336	8.19829	30.2802
31.14365	8.19674	30.4983
31.14456	8.19486	30.7072
31.14574	8.19342	30.9284
31.14603	8.19262	31.1403
31.14599	8.19256	31.3525
31.14557	8.19219	31.5584
31.14536	8.19187	31.7764
31.14600	8.19112	31.9884
31.14614	8.18973	32.2096
31.14738	8.18823	32.4156
31.14837	8.18700	32.6337
31.14790	8.18705	32.8426
31.14767	8.18684	33.0485
31.14891	8.18497	33.2606
31.15062	8.18218	33.4788
31.15466	8.17753	33.6846
31.15865	8.17256	33.8967
31.16244	8.16758	34.1117
31.16711	8.16245	34.3207
31.16987	8.15887	34.5298
31.17196	8.15603	34.7478
31.17339	8.15395	34.9537
31.17595	8.15096	35.1748
31.17865	8.14818	35.3929
31.18008	8.14609	35.6079
31.18131	8.14422	35.8230
31.18402	8.14069	36.0410
31.18939	8.13455	36.2592
31.19301	8.12985	36.4833
31.19614	8.12563	36.6984
31.19960	8.12162	36.9285
31.20220	8.11820	37.1618
31.20622	8.11468	37.4131
31.21278	8.10720	37.6221
31.22524	8.09236	37.8464
31.23892	8.07763	38.0736
31.24834	8.06584	38.2976
31.25519	8.05731	38.5097
31.26013	8.05166	38.7369
31.26486	8.04691	38.9671
31.26765	8.04115	39.1881
31.27891	8.02991	39.4274
31.28491	8.02197	39.6485
31.29695	8.00764	39.8726
31.31776	7.98501	40.0937
31.33449	7.96324	40.3148
31.35560	7.93957	40.5450
31.37939	7.91443	40.7571
31.40152	7.89042	40.9873
31.41942	7.86966	41.2205
31.43292	7.85469	41.4415
31.44448	7.84382	41.6718
31.45679	7.83522	41.8929
31.46571	7.82780	42.1291
31.47230	7.82186	42.3502
31.47784	7.81746	42.5895
31.48257	7.81396	42.8047
31.48719	7.81131	43.0409
31.48919	7.80824	43.2650
31.49234	7.80501	43.4982
31.49497	7.80199	43.7163
31.49554	7.79976	43.9495
31.50146	7.79605	44.1615
31.50700	7.79091	44.3978
31.51680	7.78403	44.6219
31.54720	7.77433	44.8431
31.57381	7.75887	45.0794
31.59278	7.74559	45.3004
31.60830	7.73686	45.5184
31.62003	7.73120	45.7517
31.63033	7.72676	45.9788
31.63589	7.72369	46.2060
31.64000	7.72141	46.4393
31.64996	7.71993	46.6695
31.66222	7.71851	46.9148
31.67654	7.71665	47.1510
31.68427	7.71137	47.3752
31.68930	7.68874	47.6085
31.71979	7.65109	47.8477
31.74184	7.62000	48.0808
31.76124	7.59696	48.3050
31.77096	7.58214	48.5443
31.77717	7.57192	48.7685
31.78140	7.56460	48.9987
31.78496	7.55912	49.2318
31.78707	7.55522	49.4622
31.78913	7.55211	49.6892
31.79048	7.55017	49.9164
31.79266	7.54869	50.1467
31.79253	7.54806	50.3859
31.79074	7.54769	50.6131
31.79174	7.54648	50.8403
31.79192	7.54580	51.0765
31.79254	7.54501	51.3007
31.79321	7.54453	51.5308
31.79320	7.54479	51.7641
31.79132	7.54416	51.9912
31.78842	7.54243	52.2244
31.78763	7.53869	52.4455
31.79125	7.53358	52.6847
31.79370	7.52895	52.9091
31.80154	7.52432	53.1421
31.80543	7.52142	53.3755
31.80542	7.52132	53.6087
31.80522	7.52179	53.8388
31.80892	7.51837	54.0781
31.81614	7.51185	54.3083
31.82100	7.50716	54.5326
31.82480	7.50438	54.7536
31.82793	7.50343	54.9838
31.82980	7.50311	55.2080
31.83201	7.50317	55.4350
31.83730	7.50390	55.6743
31.85846	7.50390	55.9046
31.87152	7.50206	56.1438
31.87653	7.49833	56.3771
31.87912	7.49591	56.6011
31.88046	7.49454	56.8587
31.88281	7.49259	57.1071
31.88849	7.48849	57.3372
31.89207	7.47935	57.5552
31.90095	7.46479	57.8007
31.91302	7.45007	58.0278
31.92581	7.43789	58.2641
31.93712	7.42880	58.4882
31.95197	7.42182	58.7245
31.97353	7.41374	58.9547
31.97774	7.40356	59.1818
31.98335	7.39223	59.4060
31.99747	7.38158	59.6454
31.99367	7.36716	59.8755
32.00290	7.33980	60.1056
32.01266	7.30786	60.3360
32.01543	7.27693	60.5721
32.01326	7.24791	60.7903
32.02517	7.21917	61.0265
32.00881	7.19489	61.2658
31.99973	7.16796	61.4960
32.01155	7.13683	61.7261
32.04959	7.11077	61.9474
32.06357	7.09634	62.1744
32.06224	7.08702	62.4137
32.09755	7.07489	62.6470
32.12314	7.06854	62.8741
32.14063	7.06922	63.0983
32.15808	7.07395	63.3375
32.16015	7.08223	63.5618
32.15593	7.09066	63.7888
32.16286	7.09556	64.0190
32.15179	7.09707	64.2463
32.14801	7.09186	64.4825
32.11021	7.08114	64.7066
32.16449	7.06079	64.9459
32.22749	7.05210	65.1670
32.24515	7.06417	65.3941
32.25617	7.08494	65.6304
32.25960	7.10702	65.8608
32.26905	7.12791	66.0969
32.25541	7.14788	66.3181
32.24429	7.16186	66.5602
32.23638	7.16984	66.7965
32.24150	7.17344	67.0601
32.25997	7.17641	67.2995
32.27038	7.18372	67.5084
32.27022	7.19363	67.7567
32.26625	7.20251	67.9960
32.26049	7.20893	68.2203
32.25536	7.21212	68.4505
32.25760	7.21071	68.6806
32.23154	7.20606	68.9168
32.18740	7.18894	69.1410
32.18298	7.15179	69.3773
32.15873	7.10780	69.6135
32.18384	7.05735	69.8438
32.22904	7.01144	70.0830
32.25411	6.97980	70.3132
32.34121	6.95695	70.5434
32.36196	6.95592	70.7766
32.37048	6.96490	71.0189
32.36314	6.97383	71.2491
32.34950	6.97902	71.4946
32.37532	6.97886	71.7307
32.39596	6.98094	71.9610
32.39875	6.98733	72.2093
32.39561	6.99309	72.4546
32.39962	6.99637	72.6877
32.41726	6.99959	72.9240
32.46364	7.00530	73.1724
32.44147	7.01668	73.4208
32.45653	7.02032	73.6541
32.45578	7.02245	73.8963
32.42907	7.02396	74.1327
32.43985	7.01611	74.3750
32.52407	7.01019	74.6113
32.57897	7.02651	74.8475
32.58634	7.05886	75.0805
32.54700	7.08905	75.3169
32.54712	7.10342	75.5532
32.59657	7.11207	75.7954
32.51655	7.12760	76.0407
32.56057	7.12254	76.2861
32.66894	7.12082	76.5344
32.58308	7.14324	76.7799
32.41527	7.13776	77.0343
32.44366	7.07281	77.3069
32.51849	7.00458	77.5765
32.56975	6.96230	77.8096
32.67709	6.94367	78.0519
32.67713	6.95555	78.3034
32.59248	6.97237	78.5486
32.52757	6.96292	78.7880
32.52162	6.92785	79.0394
32.55735	6.88772	79.2726
32.64914	6.85804	79.5209
32.67489	6.85675	79.7663
32.72161	6.86918	80.0268
32.77259	6.89586	80.2690
32.75715	6.93578	80.5205
32.73061	6.97050	80.7656
32.71480	6.99398	81.0172
32.70507	7.00946	81.2717
32.69645	7.02001	81.5169
32.69090	7.02646	81.7683
32.68964	7.03020	82.0137
32.68939	7.03259	82.2680
32.69022	7.03457	82.5165
32.68914	7.03623	82.7678
32.69154	7.03764	83.0253
32.69059	7.03925	83.2675
32.68874	7.04071	83.5159
32.68841	7.04143	83.7734
32.68890	7.04175	84.0126
32.68829	7.04227	84.2608
32.68713	7.04263	84.5155
32.68589	7.04237	84.7517
32.68894	7.04164	84.9970
32.69018	7.04159	85.2514
32.68982	7.04185	85.4938
32.68887	7.04237	85.7331
32.68900	7.04247	85.9754
32.69137	7.04232	86.2207
32.69232	7.04315	86.4690
32.71513	7.04424	86.7082
32.73035	7.04898	86.9628
32.72505	7.05537	87.2051
32.71955	7.05829	87.4474
32.71733	7.05798	87.6897
32.71597	7.05558	87.9471
32.71663	7.05257	88.2348
32.71919	7.04944	88.4954
32.72015	7.04716	88.7345
32.72260	7.04445	88.9738
32.72638	7.04216	89.2162
32.73126	7.04060	89.4705
32.73397	7.04024	89.7099
32.73570	7.04039	89.9582
32.73568	7.04029	90.2065
32.73914	7.03915	90.4459
32.74494	7.03691	90.6851
32.75045	7.03577	90.9305
32.75093	7.03623	91.1788
32.75066	7.03675	91.4120
32.75293	7.03649	91.6512
32.75823	7.03311	91.9027
32.76475	7.02745	92.1450
32.77220	7.02355	92.3842
32.77717	7.02110	92.6297
32.79648	7.01960	92.8688
32.81238	7.02017	93.1052
32.81453	7.02401	93.3596
32.81173	7.02791	93.6019
32.81562	7.03103	93.8351
32.81888	7.03379	94.0804
32.81796	7.03717	94.3256
32.82134	7.03972	94.5680
32.82973	7.04216	94.8103
32.83267	7.04424	95.0527
32.83093	7.04580	95.2888
32.83107	7.04554	95.5191
32.83308	7.04331	95.7614
32.83579	7.04013	96.0038
32.83118	7.03551	96.2400
32.83817	7.02661	96.4733
32.84590	7.01549	96.7065
32.85310	7.00442	96.9458
32.86189	6.99335	97.1819
32.87066	6.98297	97.4061
32.87767	6.97434	97.6483
32.88174	6.96837	97.8877
32.88455	6.96365	98.1209
32.88826	6.95965	98.3512
32.89087	6.95716	98.5873
32.89148	6.95560	98.8448
32.89251	6.95446	99.1143
32.89211	6.95368	99.3416
32.89016	6.95265	99.5687
32.88891	6.94979	99.7990
32.89020	6.94491	100.0413
32.89325	6.93952	100.2744
32.89479	6.93381	100.4925
32.89111	6.92655	100.7379
32.90122	6.91312	100.9712
32.91059	6.89866	101.1952
32.91951	6.88446	101.4194
32.92580	6.87083	101.6466
32.93275	6.85675	101.8799
32.94284	6.84365	102.1041
32.95147	6.83382	102.3248
32.95371	6.82704	102.5463
32.95348	6.81943	102.7765
32.96176	6.80795	102.9946
32.97085	6.79751	103.2248
32.97653	6.78960	103.4607
32.97683	6.78303	103.6911
32.98354	6.77580	103.9092
32.98762	6.77042	104.1333
32.98936	6.76634	104.3515
32.98830	6.76293	104.5726
32.99301	6.75828	104.7967
32.99459	6.75508	105.0147
32.99066	6.75214	105.2327
32.98786	6.74656	105.4570
32.99210	6.73763	105.6842
32.98711	6.72705	105.9022
32.99262	6.71218	106.1234
33.00236	6.69820	106.3444
33.00163	6.68686	106.5777
33.00498	6.67598	106.7958
33.00090	6.66552	107.0321
32.98870	6.65201	107.2532
32.99207	6.63187	107.4712
32.99517	6.61252	107.7015
33.00406	6.59445	107.9224
33.01111	6.57938	108.1437
33.01874	6.56812	108.3708
33.01904	6.55969	108.6010
33.02497	6.55234	108.8433
33.02606	6.54669	109.0855
33.02564	6.54196	109.3126
33.02344	6.53713	109.5400
33.02702	6.53122	109.7611
33.02834	6.52649	109.9882
33.03190	6.52233	110.2214
33.03422	6.51946	110.4454
33.03580	6.51735	110.6729
33.03754	6.51602	110.8909
33.03816	6.51504	111.1271
33.03929	6.51412	111.3542
33.04426	6.51319	111.5875
33.04993	6.51119	111.8056
33.05795	6.50898	112.0297
33.06085	6.50739	112.2598
33.06306	6.50600	112.4838
33.06473	6.50452	112.7173
33.06666	6.50349	112.9415
33.06906	6.50241	113.1653
33.07207	6.50179	113.3868
33.07522	6.50123	113.6168
33.07681	6.50092	113.8439
33.07824	6.50041	114.0741
33.07897	6.49989	114.3042
33.08207	6.49810	114.5313
33.08522	6.49517	114.7497
33.08595	6.49199	114.9737
33.08818	6.48814	115.2007
33.09109	6.48393	115.4342
33.09501	6.47978	115.6520
33.09729	6.47696	115.8792
33.09822	6.47516	116.1005
33.09895	6.47357	116.3427
33.10043	6.47193	116.5667
33.10027	6.47054	116.7790
33.10150	6.46916	117.0153
33.09988	6.46741	117.2303
33.10255	6.46382	117.4605
33.10636	6.46013	117.6905
33.10856	6.45818	117.9148
33.10930	6.45731	118.1327
33.10952	6.45690	118.3540
33.10953	6.45685	118.5933
33.10909	6.45675	118.8263
33.10951	6.45618	119.0957
33.11036	6.45562	119.3321
33.11075	6.45546	119.5563
33.10987	6.45582	119.7833
33.10983	6.45582	120.0196
33.10920	6.45557	120.2498
33.10883	6.45475	120.4830
33.10927	6.45239	120.7012
33.11154	6.44906	120.9433
33.11216	6.44557	121.1734
33.11538	6.44142	121.4038
33.11810	6.43778	121.6279
33.12048	6.43486	121.8459
33.12129	6.43275	122.0671
33.12246	6.43086	122.3004
33.12255	6.42871	122.5213
33.12403	6.42599	122.7424
33.12601	6.42312	122.9696
33.12784	6.42076	123.1907
33.12927	6.41882	123.4149
33.13011	6.41748	123.6389
33.13154	6.41590	123.8662
33.13262	6.41467	124.0871
33.13241	6.41369	124.3053
33.13230	6.41226	124.5295
33.13404	6.40949	124.7535
33.13675	6.40637	124.9807
33.13959	6.40371	125.1925
33.14167	6.40181	125.4139
33.14306	6.40063	125.6320
33.14330	6.39992	125.8501
33.14387	6.39935	126.0832
33.14398	6.39899	126.2922
33.14432	6.39889	126.5072
33.14501	6.39879	126.7404
33.14520	6.39884	126.9553
33.14561	6.39874	127.1855
33.14658	6.39756	127.4068
33.14936	6.39602	127.6248
33.15235	6.39357	127.8459
33.15428	6.39147	128.0731
33.15606	6.38988	128.2942
33.15715	6.38865	128.5153
33.15783	6.38783	128.7455
33.15799	6.38681	129.0179
33.15270	6.38450	129.2574
33.15121	6.37836	129.4784
33.15740	6.36930	129.6934
33.16547	6.36045	129.9234
33.17051	6.35416	130.1447
33.17478	6.34966	130.3746
33.17816	6.34679	130.5868
33.18214	6.34403	130.8080
33.18543	6.34076	131.0351
33.18841	6.33810	131.2503
33.19024	6.33611	131.4774
33.19097	6.33488	131.6984
33.19236	6.33335	131.9162
33.19229	6.33115	132.1464
33.19544	6.32701	132.3676
33.20283	6.32046	132.5947
33.20829	6.31295	132.8191
33.21385	6.30569	133.0432
33.22057	6.29834	133.2703
33.22688	6.29139	133.4971
33.23229	6.28480	133.7245
33.23797	6.27908	133.9549
33.24204	6.27444	134.1818
33.24563	6.27066	134.4028
33.24896	6.26714	134.6268
33.25289	6.26372	134.8450
33.25535	6.26116	135.0723
33.25681	6.25912	135.2993
33.25765	6.25815	135.5205
33.25839	6.25764	135.7448
33.25883	6.25708	135.9655
33.25919	6.25667	136.1775
33.25962	6.25642	136.3988
33.25965	6.25626	136.6260
33.25975	6.25606	136.8441
33.26059	6.25580	137.0650
33.26079	6.25550	137.2770
33.26099	6.25489	137.5042
33.26261	6.25305	137.7223
33.26384	6.25024	137.9524
33.27062	6.24499	138.1735
33.28044	6.23591	138.4007
33.28887	6.22718	138.6309
33.29543	6.22107	138.8942
33.29950	6.21643	139.1274
33.30294	6.21281	139.3486
33.30684	6.20980	139.5636
33.31253	6.20531	139.7847
33.31841	6.19991	140.0148
33.32236	6.19563	140.2358
33.32548	6.19247	140.4600
33.32742	6.19038	140.6840
33.32982	6.18890	140.9052
33.33459	6.18651	141.1354
33.34136	6.18014	141.3566
33.34921	6.17280	141.5866
33.35540	6.16674	141.8138
33.35984	6.16211	142.0411
33.36293	6.15885	142.2590
33.36522	6.15641	142.4860
33.36707	6.15462	142.7163
33.36840	6.15366	142.9314
33.36924	6.15269	143.1646
33.36988	6.15193	143.3827
33.37167	6.15070	143.6159
33.37487	6.14841	143.8429
33.38044	6.14378	144.0580
33.38566	6.13864	144.2850
33.39000	6.13411	144.5092
33.39299	6.13096	144.7332
33.39493	6.12887	144.9604
33.39637	6.12729	145.1875
33.39822	6.12602	145.4115
33.40106	6.12409	145.6419
33.40669	6.12012	145.8690
33.41294	6.11509	146.0931
33.41885	6.10934	146.3051
33.42326	6.10481	146.5322
33.42674	6.10181	146.7562
33.42928	6.09947	146.9804
33.43148	6.09749	147.2015
33.43282	6.09602	147.4259
33.43411	6.09495	147.6527
33.43455	6.09403	147.8707
33.43575	6.09307	148.0980
33.43628	6.09241	148.3281
33.43667	6.09190	148.5673
33.43710	6.09170	148.8095
33.43683	6.09149	149.0456
33.43758	6.09134	149.2698
33.43746	6.09098	149.4910
33.43796	6.09073	149.7180
33.43779	6.09042	149.9422
33.43813	6.09032	150.1845
33.43885	6.09012	150.4116
33.43871	6.08987	150.6387
33.43889	6.08956	150.8689
33.43898	6.08936	151.1050
33.43942	6.08915	151.3200
33.43931	6.08915	151.5563
33.43958	6.08905	151.7834
33.43949	6.08910	152.0104
33.43968	6.08915	152.2316
33.44017	6.08890	152.4556
33.44097	6.08834	152.6796
33.44157	6.08783	152.9069
33.44225	6.08753	153.1341
33.44299	6.08702	153.3580
33.44409	6.08615	153.5760
33.44463	6.08549	153.8003
33.44537	6.08499	154.0274
33.44635	6.08438	154.2576
33.44728	6.08361	154.4788
33.44812	6.08300	154.6936
33.44846	6.08219	154.9146
33.44996	6.08163	155.1386
33.45096	6.08087	155.3567
33.45224	6.08011	155.5749
33.45275	6.07955	155.7929
33.45264	6.07919	156.0170
33.45187	6.07914	156.2411
33.45242	6.07919	156.4561
33.45255	6.07924	156.6740
33.45332	6.07914	156.8891
33.45563	6.07848	157.1041
33.45803	6.07630	157.3252
33.46098	6.07391	157.5462
33.46228	6.07248	157.7613
33.46381	6.07132	157.9790
33.46521	6.07035	158.2156
33.46620	6.06923	158.4608
33.46773	6.06827	158.7031
33.46863	6.06725	158.9271
33.46924	6.06659	159.1454
33.47103	6.06603	159.3633
33.47242	6.06451	159.5872
33.47416	6.06298	159.8113
33.47548	6.06197	160.0355
33.47633	6.06136	160.2535
33.47685	6.06065	160.4809
33.47716	6.06029	160.6987
33.47710	6.06024	160.9167
33.47740	6.06019	161.1379
33.47769	6.06014	161.3556
33.47769	6.05988	161.5829
33.47817	6.05943	161.8040
33.48038	6.05887	162.0251
33.48223	6.05760	162.2520
33.48327	6.05608	162.4702
33.48487	6.05506	162.6912
33.48669	6.05389	162.9094
33.48711	6.05293	163.1364
33.48882	6.05216	163.3515
33.48971	6.05115	163.5723
33.49031	6.05044	163.7814
33.49120	6.04978	164.0025
33.49170	6.04952	164.2175
33.49164	6.04912	164.4355
33.49209	6.04891	164.6565
33.49244	6.04881	164.8655
33.49253	6.04861	165.0775
33.49291	6.04841	165.2833
33.49323	6.04841	165.5044
33.49262	6.04820	165.7074
33.49332	6.04810	165.9223
33.49332	6.04800	166.1343
33.49309	6.04805	166.3493
33.49386	6.04795	166.5703
33.49350	6.04785	166.7853
33.49379	6.04780	167.0064
33.49439	6.04744	167.2213
33.49414	6.04759	167.4365
33.49429	6.04754	167.6544
33.49422	6.04729	167.8696
33.49440	6.04734	168.1146
33.49438	6.04724	168.3629
33.49560	6.04704	168.5932
33.49543	6.04688	168.8114
33.49640	6.04637	169.0170
33.49694	6.04571	169.2292
33.49793	6.04495	169.4593
33.49848	6.04429	169.6803
33.49897	6.04404	169.8952
33.49992	6.04368	170.1131
33.50082	6.04338	170.3402
33.50081	6.04292	170.5674
33.49983	6.04236	170.7915
33.50159	6.04226	171.0064
33.50189	6.04221	171.2247
33.50172	6.04226	171.4578
33.50181	6.04206	171.6819
33.50210	6.04201	171.9120
33.50199	6.04201	172.1329
33.50269	6.04191	172.3539
33.50206	6.04201	172.5690
33.50248	6.04191	172.7899
33.50282	6.04180	173.0173
33.50322	6.04165	173.2350
33.50345	6.04130	173.4683
33.50426	6.04094	173.6921
33.50524	6.04033	173.9135
33.50594	6.03988	174.1285
33.50705	6.03937	174.3403
33.50779	6.03886	174.5614
33.50853	6.03815	174.7854
33.50928	6.03784	175.0064
33.50967	6.03734	175.2276
33.51017	6.03708	175.4513
33.51122	6.03663	175.6636
33.51309	6.03576	175.8998
33.51496	6.03475	176.1449
33.51646	6.03353	176.4085
33.51788	6.03231	176.6931
33.51890	6.03150	176.9502
33.51930	6.03099	177.1714
33.51981	6.03059	177.3831
33.51968	6.03038	177.6044
33.51977	6.03018	177.8405
33.52015	6.03003	178.0858
33.52058	6.02982	178.3401
33.52261	6.02906	178.6094
33.52354	6.02815	178.8549
33.52504	6.02708	179.0969
33.52618	6.02652	179.3391
33.52762	6.02566	179.5754
33.52927	6.02460	179.8085
33.53094	6.02343	180.0478
33.53313	6.02231	180.2838
33.53486	6.02114	180.5351
33.53722	6.02008	180.7681
33.53932	6.01891	180.9984
33.54141	6.01739	181.2406
33.54366	6.01607	181.4888
33.54484	6.01511	181.7341
33.54633	6.01384	181.9762
33.54772	6.01303	182.2277
33.54900	6.01232	182.4819
33.55096	6.01115	182.7124
33.55353	6.00973	182.9452
33.55502	6.00810	183.1846
33.55630	6.00704	183.4420
33.55759	6.00633	183.6809
33.55883	6.00567	183.9291
33.56108	6.00470	184.1684
33.56358	6.00313	184.4044
33.56593	6.00136	184.6468
33.56787	5.99999	184.8980
33.56939	5.99882	185.1523
33.57054	5.99811	185.3975
33.57127	5.99725	185.6370
33.57284	5.99669	185.8820
33.57433	5.99578	186.1241
33.57734	5.99461	186.3814
33.58043	5.99258	186.6266
33.58212	5.99076	186.8720
33.58351	5.98959	187.1109
33.58384	5.98878	187.3504
33.58463	5.98822	187.5866
33.58516	5.98807	187.8256
33.58560	5.98771	188.0678
33.58568	5.98751	188.3190
33.58607	5.98736	188.5582
33.58655	5.98711	188.8096
33.58741	5.98690	189.0547
33.58852	5.98629	189.3060
33.58915	5.98589	189.5724
33.58997	5.98528	189.8508
33.59116	5.98472	190.1203
33.59203	5.98401	190.3627
33.59339	5.98330	190.6079
33.59403	5.98290	190.8530
33.59471	5.98244	191.1073
33.59533	5.98203	191.3676
33.59581	5.98158	191.6158
33.59599	5.98148	191.8671
33.59703	5.98102	192.1125
33.59776	5.98051	192.3728
33.59875	5.98011	192.6243
33.60094	5.97955	192.8812
33.60329	5.97849	193.1356
33.60566	5.97712	193.3900
33.61002	5.97544	193.6412
33.61328	5.97347	193.8922
33.61622	5.97108	194.1619
33.61869	5.96911	194.4162
33.62039	5.96769	194.6766
33.62163	5.96667	194.9278
33.62246	5.96571	195.1819
33.62324	5.96515	195.4332
33.62403	5.96480	195.6875
33.62457	5.96434	195.9449
33.62510	5.96368	196.1992
33.62608	5.96328	196.4534
33.62616	5.96272	196.7078
33.62657	5.96232	196.9682
33.62691	5.96206	197.2225
33.62713	5.96171	197.4798
33.62721	5.96151	197.7309
33.62759	5.96135	197.9822
33.62754	5.96135	198.2305
33.62785	5.96120	198.4844
33.62782	5.96110	198.7331
33.62831	5.96085	198.9750
33.62849	5.96054	199.2234
33.62859	5.96039	199.4746
33.62859	5.96019	199.7200
33.62887	5.96014	199.9712
33.62855	5.95998	200.2163
33.62894	5.96019	200.4615
33.62870	5.96029	200.7248
33.62887	5.96034	200.9972
33.62844	5.96029	201.2485
33.62918	5.96014	201.4997
33.62885	5.95998	201.7483
33.62949	5.95958	201.9995
33.62961	5.95933	202.2507
33.63010	5.95907	202.4988
33.62972	5.95897	202.7470
33.63025	5.95867	202.9891
33.63074	5.95841	203.2344
33.63147	5.95791	203.4855
33.63261	5.95700	203.7368
33.63289	5.95623	203.9759
33.63387	5.95547	204.2332
33.63448	5.95502	204.4785
33.63469	5.95477	204.7208
33.63526	5.95441	204.9779
33.63569	5.95385	205.2385
33.63647	5.95294	205.4898
33.63757	5.95228	205.7377
33.63808	5.95178	205.9949
33.63832	5.95142	206.2372
33.63865	5.95097	206.4825
33.63898	5.95086	206.7307
33.63896	5.95061	206.9819
33.63934	5.95061	207.2301
33.63916	5.95031	207.4753
33.63940	5.95031	207.7233
33.63912	5.95010	207.9778
33.63976	5.94990	208.2261
33.64003	5.94965	208.4770
33.64081	5.94909	208.7256
33.64105	5.94874	208.9678
33.64226	5.94782	209.2128
33.64339	5.94691	209.4611
33.64415	5.94610	209.7000
33.64517	5.94524	209.9452
33.64575	5.94453	210.1966
33.64638	5.94377	210.4418
33.64727	5.94311	210.6808
33.64821	5.94240	210.9261
33.64899	5.94149	211.1713
33.64996	5.94073	211.4465
33.65053	5.94038	211.7193
33.65031	5.94012	211.9705
33.65134	5.93931	212.2185
33.65213	5.93840	212.4547
33.65267	5.93774	212.6936
33.65295	5.93734	212.9357
33.65358	5.93693	213.1873
33.65377	5.93663	213.4232
33.65390	5.93638	213.6655
33.65413	5.93602	213.9168
33.65289	5.93572	214.1559
33.65402	5.93481	214.4101
33.65451	5.93420	214.6521
33.65459	5.93364	214.8913
33.65532	5.93313	215.1334
33.65595	5.93238	215.3880
33.65689	5.93167	215.6268
33.65667	5.93106	215.8660
33.65751	5.93081	216.1112
33.65764	5.93055	216.3532
33.65767	5.93040	216.5894
33.65836	5.93030	216.8376
33.65789	5.93030	217.0738
33.65817	5.93025	217.3188
33.65856	5.93010	217.5611
33.65844	5.93010	217.8001
33.65867	5.93010	218.0486
33.65894	5.93000	218.2877
33.65858	5.92994	218.5327
33.65922	5.92989	218.7749
33.65910	5.92989	219.0199
33.65909	5.92979	219.2472
33.65935	5.92969	219.4921
33.65966	5.92969	219.7312
33.65914	5.92974	219.9613
33.65937	5.92974	220.2095
33.65955	5.92979	220.4518
33.65964	5.92979	220.6997
33.66018	5.92964	220.9328
33.66041	5.92964	221.1783
33.66034	5.92959	221.4174
33.66068	5.92949	221.6625
33.66044	5.92939	221.9076
33.66083	5.92944	222.1709
33.66075	5.92939	222.4343
33.66062	5.92939	222.6824
33.66096	5.92929	222.9275
33.66068	5.92924	223.1543
33.66118	5.92918	223.3936
33.66127	5.92898	223.6236
33.66115	5.92898	223.8627
33.66098	5.92903	224.0989
33.66098	5.92898	224.3410
33.66127	5.92893	224.5741
33.66196	5.92848	224.8223
33.66240	5.92792	225.0493
33.66274	5.92782	225.2823
33.66317	5.92726	225.5305
33.66431	5.92635	225.7636
33.66566	5.92524	226.0086
33.66634	5.92442	226.2478
33.66668	5.92397	226.4842
33.66709	5.92336	226.7231
33.66801	5.92275	226.9561
33.66814	5.92215	227.1925
33.66898	5.92154	227.4314
33.66952	5.92124	227.6706
33.66973	5.92083	227.9097
33.67004	5.92048	228.1396
33.67048	5.92027	228.3757
33.67061	5.92002	228.6178
33.67044	5.92007	228.8569
33.67086	5.91982	229.0867
33.67071	5.91992	229.3289
33.67094	5.91992	229.5743
33.67088	5.91987	229.8073
33.67086	5.91977	230.0462
33.67080	5.91992	230.2854
33.67103	5.91972	230.5184
33.67092	5.91972	230.7485
33.67131	5.91956	230.9848
33.67114	5.91962	231.2237
33.67108	5.91977	231.4568
33.67071	5.91982	231.6897
33.67135	5.91977	231.9198
33.67163	5.91936	232.1652
33.67145	5.91941	232.4312
33.67231	5.91891	232.7038
33.67291	5.91840	232.9518
33.67329	5.91789	233.1940
33.67388	5.91754	233.4332
33.67402	5.91729	233.6600
33.67460	5.91708	233.8871
33.67475	5.91703	234.1173
33.67458	5.91708	234.3591
33.67477	5.91713	234.5952
33.67475	5.91703	234.8314
33.67481	5.91693	235.0702
33.67472	5.91683	235.3033
33.67496	5.91683	235.5396
33.67504	5.91663	235.7756
33.67571	5.91663	236.0117
33.67559	5.91663	236.2442
33.67547	5.91663	236.4836
33.67582	5.91688	236.7137
33.67626	5.91703	236.9529
33.67635	5.91718	237.1826
33.67619	5.91744	237.4248
33.67621	5.91744	237.6611
33.67625	5.91764	237.8969
33.67659	5.91754	238.1301
33.67668	5.91769	238.3631
33.67757	5.91754	238.5961
33.67781	5.91739	238.8354
33.67754	5.91718	239.0683
33.67818	5.91678	239.3015
33.67832	5.91653	239.5435
33.67854	5.91632	239.7855
33.67829	5.91632	240.0063
33.67822	5.91627	240.2425
33.67851	5.91622	240.4664
33.67885	5.91612	240.7056
33.67757	5.91602	240.9265
33.67822	5.91546	241.1533
33.67851	5.91506	241.3835
33.67875	5.91470	241.6044
33.67879	5.91455	241.8344
33.67892	5.91445	242.0587
33.67901	5.91445	242.2942
33.67869	5.91430	242.5455
33.67911	5.91410	242.8150
33.67944	5.91400	243.0750
33.67936	5.91374	243.3141
33.67935	5.91349	243.5472
33.67949	5.91324	243.7681
33.67983	5.91278	244.0043
33.68047	5.91238	244.2283
33.68035	5.91217	244.4643
33.68054	5.91207	244.7034
33.68053	5.91197	244.9365
33.68086	5.91187	245.1725
33.68070	5.91192	245.4114
33.68070	5.91187	245.6566
33.68066	5.91172	245.8806
33.68100	5.91162	246.1164
33.68104	5.91146	246.3555
33.68089	5.91157	246.5887
33.68106	5.91157	246.8248
33.68094	5.91157	247.0607
33.68067	5.91172	247.2965
33.68091	5.91136	247.5296
33.68116	5.91106	247.7659
33.68164	5.91076	247.9989
33.68177	5.91050	248.2382
33.68201	5.91050	248.4740
33.68174	5.91065	248.7070
33.68184	5.91050	248.9491
33.68196	5.91055	249.1758
33.68169	5.91035	249.4178
33.68218	5.91045	249.6543
33.68227	5.91025	249.8900
33.68205	5.91035	250.1168
33.68231	5.91040	250.3562
33.68182	5.91035	250.5831
33.68218	5.91030	250.8131
33.68203	5.91035	251.0281
33.68185	5.91035	251.2520
33.68262	5.91025	251.4759
33.68256	5.91020	251.6935
33.68254	5.91010	251.9297
33.68243	5.91010	252.1596
33.68284	5.91015	252.3776
33.68296	5.91005	252.6106
33.68300	5.91025	252.8587
33.68257	5.91020	253.1070
33.68300	5.91000	253.3490
33.68265	5.91010	253.5729
33.68299	5.91015	253.7938
33.68278	5.91025	254.0117
33.68312	5.91015	254.2358
33.68312	5.91005	254.4565
33.68271	5.91020	254.6895
33.68274	5.91020	254.9134
33.68293	5.91025	255.1465
33.68317	5.91025	255.3736
33.68311	5.91020	255.6005
33.68270	5.91030	255.7970
33.68284	5.91030	255.9455
33.68311	5.91035	256.0060
33.68311	5.91035	256.0000
33.68344	5.91040	255.9577
33.68436	5.91065	255.8885
33.68388	5.91146	255.7918
33.68410	5.91202	255.6680
33.68411	5.91243	255.5498
33.68341	5.91283	255.4324
33.68284	5.91319	255.3024
33.68234	5.91334	255.1513
33.68247	5.91329	254.9881
33.68225	5.91324	254.8159
33.68285	5.91308	254.6316
33.68306	5.91303	254.4504
33.68293	5.91319	254.2719
33.68286	5.91334	254.0999
33.68179	5.91344	253.9183
33.68212	5.91319	253.7431
33.68253	5.91293	253.5649
33.68189	5.91288	253.3923
33.68228	5.91258	253.2140
33.68242	5.91253	253.0267
33.68276	5.91243	252.8305
33.68221	5.91258	252.6309
33.68211	5.91243	252.4374
33.68118	5.91238	252.2653
33.68279	5.91192	252.0779
33.68276	5.91182	251.8964
33.68240	5.91177	251.7302
33.68273	5.91187	251.5758
33.68215	5.91182	251.4160
33.68197	5.91172	251.2615
33.68210	5.91152	251.1230
33.68341	5.91146	251.0142
33.68273	5.91182	250.9626
33.68254	5.91202	250.9509
33.68182	5.91202	250.9510
33.68194	5.91177	250.9450
33.68204	5.91146	250.9120
33.68197	5.91121	250.8574
33.68259	5.91096	250.8213
33.68256	5.91101	250.7885
33.68219	5.91096	250.7672
33.68207	5.91081	250.7431
33.68238	5.91050	250.7368
33.68233	5.91055	250.7373
33.68237	5.91050	250.7495
33.68265	5.91050	250.7466
33.68207	5.91045	250.7376
33.68239	5.91050	250.7135
33.68260	5.91065	250.7046
33.68235	5.91055	250.6958
33.68232	5.91050	250.6959
33.68250	5.91076	250.6929
33.68235	5.91091	250.6869
33.68256	5.91106	250.6748
33.68242	5.91121	250.6631
33.68294	5.91162	250.6600
33.68269	5.91167	250.6299
33.68254	5.91187	250.5364
33.68281	5.91202	250.3910
33.68502	5.91238	250.2463
33.68615	5.91344	250.1344
33.68448	5.91516	250.0438
33.68300	5.91632	249.9746
33.68206	5.91693	249.9322
33.68067	5.91693	249.8775
33.68210	5.91632	249.7903
33.68187	5.91617	249.6878
33.68227	5.91617	249.6059
33.68265	5.91617	249.5575
33.68150	5.91627	249.5185
33.68061	5.91627	249.4583
33.68045	5.91562	249.3795
33.68183	5.91501	249.2527
33.68169	5.91486	249.1106
33.68140	5.91450	248.9778
33.68122	5.91425	248.8566
33.68249	5.91389	248.7238
33.68119	5.91384	248.5728
33.68224	5.91359	248.4065
33.68248	5.91364	248.2405
33.68291	5.91379	248.0740
33.68168	5.91405	247.8990
33.68182	5.91400	247.7264
33.68150	5.91369	247.5451
33.68185	5.91364	247.3668
33.68213	5.91359	247.1796
33.68212	5.91369	246.9982
33.68268	5.91359	246.8015
33.68146	5.91384	246.6080
33.68158	5.91374	246.4118
33.68139	5.91374	246.2180
33.68139	5.91384	246.0189
33.68104	5.91395	245.8129
33.68109	5.91400	245.6045
33.68047	5.91395	245.3959
33.68042	5.91374	245.1846
33.68022	5.91369	244.9697
33.68093	5.91344	244.7612
33.68144	5.91339	244.5495
33.68125	5.91369	244.3257
33.68064	5.91405	244.1261
33.68024	5.91420	243.9147
33.68055	5.91435	243.7062
33.68029	5.91435	243.5036
33.68006	5.91440	243.2950
33.67999	5.91450	243.0956
33.68014	5.91445	242.8899
33.68049	5.91455	242.6874
33.68000	5.91481	242.4697
33.67932	5.91496	242.2428
33.67905	5.91491	242.0191
33.67951	5.91491	241.8046
33.67982	5.91470	241.5991
33.67977	5.91486	241.3935
33.67979	5.91501	241.1966
33.67967	5.91516	240.9914
33.68008	5.91521	240.7735
33.67958	5.91546	240.5591
33.67892	5.91587	240.3563
33.67887	5.91617	240.1450
33.67867	5.91632	239.9424
33.67878	5.91668	239.7306
33.67879	5.91678	239.5158
33.67864	5.91703	239.3044
33.67813	5.91744	239.0989
33.67784	5.91769	238.8871
33.67708	5.91784	238.6878
33.67698	5.91805	238.4731
33.67683	5.91830	238.2706
33.67687	5.91850	238.0650
33.67592	5.91870	237.8653
33.67521	5.91881	237.6541
33.67551	5.91860	237.4602
33.67546	5.91840	237.2489
33.67608	5.91845	237.0492
33.67632	5.91845	236.8405
33.67566	5.91886	236.6439
33.67526	5.91901	236.4384
33.67480	5.91886	236.2360
33.67498	5.91870	236.0302
33.67490	5.91860	235.8277
33.67450	5.91840	235.6192
33.67495	5.91805	235.4164
33.67500	5.91810	235.2049
33.67483	5.91830	234.9962
33.67443	5.91810	234.7879
33.67551	5.91789	234.5793
33.67506	5.91810	234.3705
33.67547	5.91815	234.1589
33.67512	5.91825	233.9563
33.67408	5.91825	233.7507
33.67388	5.91820	233.5480
33.67413	5.91805	233.3424
33.67408	5.91784	233.1370
33.67428	5.91789	232.9254
33.67433	5.91779	232.7288
33.67433	5.91789	232.5202
33.67413	5.91784	232.3235
33.67373	5.91799	232.1088
33.67368	5.91794	231.8852
33.67334	5.91825	231.6704
33.67288	5.91845	231.4650
33.67283	5.91860	231.2624
33.67309	5.91881	231.0625
33.67199	5.91916	230.8540
33.67183	5.91921	230.6458
33.67158	5.91956	230.4369
33.67153	5.91972	230.2254
33.67148	5.91987	230.0168
33.67084	5.92012	229.8111
33.67032	5.92017	229.6084
33.67073	5.92022	229.3998
33.67078	5.92027	229.1912
33.67083	5.92032	228.9826
33.67069	5.92043	228.7801
33.67028	5.92037	228.5713
33.67033	5.92043	228.3689
33.67038	5.92048	228.1722
33.67048	5.92048	227.9636
33.67042	5.92058	227.7461
33.67033	5.92048	227.5404
33.67008	5.92048	227.3345
33.67054	5.92048	227.1321
33.66983	5.92058	226.9264
33.67022	5.92058	226.7148
33.66994	5.92068	226.5033
33.66990	5.92083	226.2852
33.66975	5.92108	226.0740
33.66915	5.92144	225.8619
33.66905	5.92164	225.6445
33.66886	5.92194	225.4205
33.66862	5.92230	225.2031
33.66807	5.92260	224.9852
33.66752	5.92291	224.7646
33.66728	5.92326	224.5377
33.66655	5.92331	224.3290
33.66651	5.92346	224.1083
33.66662	5.92346	223.8876
33.66638	5.92382	223.6699
33.66587	5.92422	223.4522
33.66609	5.92432	223.2466
33.66529	5.92488	223.0257
33.66459	5.92534	222.8112
33.66389	5.92579	222.5902
33.66378	5.92615	222.3756
33.66335	5.92655	222.1490
33.66306	5.92696	221.9315
33.66246	5.92731	221.7011
33.66223	5.92767	221.4565
33.66170	5.92782	221.2235
33.66170	5.92807	220.9997
33.66116	5.92837	220.7790
33.66061	5.92868	220.5643
33.65995	5.92908	220.3498
33.66013	5.92924	220.1231
33.65942	5.92949	219.9020
33.65953	5.92949	219.6813
33.65934	5.92944	219.4575
33.65965	5.92959	219.2431
33.65948	5.92979	219.0285
33.65895	5.92979	218.8108
33.65891	5.92994	218.5926
33.65906	5.92989	218.3810
33.65872	5.93000	218.1574
33.65830	5.93010	217.9454
33.65802	5.93020	217.7218
33.65818	5.93015	217.5100
33.65834	5.93010	217.2952
33.65799	5.93020	217.0748
33.65805	5.93025	216.8568
33.65831	5.93010	216.6392
33.65861	5.93025	216.4273
33.65786	5.93040	216.2127
33.65782	5.93055	215.9922
33.65742	5.93070	215.7683
33.65733	5.93091	215.5474
33.65704	5.93096	215.3207
33.65684	5.93091	215.1089
33.65721	5.93101	214.8791
33.65683	5.93121	214.6674
33.65641	5.93131	214.4437
33.65668	5.93151	214.2231
33.65598	5.93197	214.0024
33.65604	5.93238	213.7782
33.65605	5.93283	213.5694
33.65570	5.93329	213.3519
33.65495	5.93379	213.1342
33.65476	5.93410	212.9107
33.65462	5.93435	212.6957
33.65414	5.93465	212.4842
33.65407	5.93476	212.2660
33.65383	5.93476	212.0424
33.65419	5.93486	211.8248
33.65415	5.93536	211.6068
33.65353	5.93617	211.3771
33.65348	5.93698	211.1534
33.65198	5.93790	210.9204
33.65068	5.93896	210.6998
33.64998	5.93977	210.4850
33.64874	5.94048	210.2642
33.64848	5.94114	210.0464
33.64766	5.94164	209.8288
33.64671	5.94235	209.6018
33.64612	5.94306	209.3901
33.64543	5.94372	209.1633
33.64507	5.94433	208.9573
33.64478	5.94473	208.7398
33.64439	5.94524	208.5161
33.64333	5.94570	208.3044
33.64269	5.94630	208.0867
33.64249	5.94676	207.8597
33.64139	5.94727	207.6482
33.64119	5.94793	207.4362
33.64049	5.94838	207.2158
33.64031	5.94889	207.0039
33.63940	5.94934	206.7831
33.63915	5.94970	206.5653
33.63896	5.95000	206.3505
33.63851	5.95021	206.1328
33.63810	5.95066	205.9093
33.63767	5.95091	205.7005
33.63788	5.95117	205.4827
33.63779	5.95137	205.2588
33.63774	5.95152	205.0470
33.63748	5.95183	204.8262
33.63665	5.95213	204.6055
33.63626	5.95264	204.3848
33.63586	5.95314	204.1700
33.63511	5.95365	203.9613
33.63441	5.95411	203.7405
33.63391	5.95471	203.5258
33.63316	5.95522	203.3049
33.63307	5.95578	203.0962
33.63227	5.95634	202.8786
33.63157	5.95679	202.6669
33.63137	5.95710	202.4550
33.63118	5.95740	202.2343
33.63073	5.95760	202.0134
33.63049	5.95796	201.7956
33.63029	5.95826	201.5779
33.63005	5.95862	201.3600
33.62946	5.95897	201.1304
33.62921	5.95933	200.9095
33.62918	5.95948	200.6767
33.62869	5.95973	200.4494
33.62831	5.95993	200.2348
33.62809	5.96019	200.0295
33.62799	5.96039	199.8176
33.62841	5.96044	199.5939
33.62750	5.96074	199.3790
33.62717	5.96090	199.1733
33.62715	5.96095	198.9680
33.62731	5.96090	198.7559
33.62696	5.96100	198.5413
33.62701	5.96105	198.3296
33.62721	5.96110	198.1177
33.62707	5.96120	197.9030
33.62667	5.96135	197.6912
33.62673	5.96140	197.4794
33.62668	5.96156	197.2648
33.62617	5.96161	197.0502
33.62637	5.96166	196.8385
33.62642	5.96171	196.6296
33.62638	5.96186	196.4119
33.62593	5.96206	196.2002
33.62574	5.96221	195.9794
33.62589	5.96232	195.7644
33.62580	5.96252	195.5468
33.62495	5.96277	195.3318
33.62490	5.96292	195.1175
33.62433	5.96318	194.9083
33.62390	5.96343	194.6967
33.62350	5.96358	194.4818
33.62315	5.96404	194.2762
33.62265	5.96429	194.0618
33.62185	5.96485	193.8497
33.62053	5.96520	193.6443
33.61862	5.96581	193.4266
33.61681	5.96667	193.2118
33.61381	5.96794	192.9999
33.61034	5.96977	192.7851
33.60709	5.97179	192.5674
33.60470	5.97352	192.3553
33.60279	5.97484	192.1439
33.60093	5.97610	191.9381
33.59963	5.97717	191.7174
33.59793	5.97813	191.5025
33.59672	5.97889	191.2910
33.59592	5.97945	191.0699
33.59502	5.98011	190.8582
33.59405	5.98077	190.6406
33.59345	5.98112	190.4167
33.59352	5.98153	190.1777
33.59314	5.98168	189.9295
33.59198	5.98224	189.7148
33.59068	5.98295	189.5000
33.59010	5.98335	189.2914
33.58857	5.98386	189.0644
33.58793	5.98462	188.8434
33.58708	5.98523	188.6288
33.58639	5.98569	188.4019
33.58565	5.98604	188.1811
33.58534	5.98624	187.9694
33.58525	5.98645	187.7514
33.58525	5.98655	187.5337
33.58506	5.98685	187.3099
33.58457	5.98711	187.0862
33.58459	5.98705	186.8654
33.58388	5.98731	186.6473
33.58358	5.98736	186.4205
33.58298	5.98771	186.2056
33.58144	5.98832	185.9695
33.57978	5.98903	185.7397
33.57771	5.99010	185.5102
33.57535	5.99152	185.2800
33.57350	5.99279	185.0623
33.57181	5.99390	184.8203
33.57055	5.99486	184.5782
33.56908	5.99583	184.3271
33.56744	5.99689	184.0790
33.56596	5.99816	183.8219
33.56381	5.99938	183.5830
33.56214	6.00055	183.3407
33.56033	6.00171	183.0926
33.55954	6.00263	182.8481
33.55864	6.00323	182.5998
33.55735	6.00394	182.3606
33.55606	6.00465	182.1098
33.55410	6.00562	181.8556
33.55208	6.00678	181.6013
33.55034	6.00795	181.3533
33.54856	6.00917	181.0809
33.54759	6.01029	180.8206
33.54453	6.01150	180.5546
33.54215	6.01282	180.2974
33.54015	6.01419	180.0312
33.53776	6.01566	179.7680
33.53569	6.01683	179.4745
33.53435	6.01805	179.1718
33.53247	6.01932	178.8816
33.53068	6.02054	178.6242
33.52890	6.02140	178.3639
33.52716	6.02257	178.1006
33.52544	6.02373	177.8165
33.52473	6.02455	177.4957
33.52325	6.02556	177.1721
33.52253	6.02642	176.8936
33.52180	6.02729	176.6517
33.52056	6.02795	176.4156
33.51997	6.02830	176.1766
33.51980	6.02861	175.9196
33.51932	6.02886	175.6715
33.51871	6.02916	175.4261
33.51818	6.02947	175.1845
33.51659	6.03013	174.9361
33.51549	6.03079	174.6880
33.51452	6.03175	174.4403
33.51374	6.03231	174.1950
33.51265	6.03317	173.9496
33.51141	6.03383	173.7017
33.51046	6.03449	173.4507
33.50915	6.03531	173.1993
33.50776	6.03612	172.9575
33.50692	6.03673	172.7124
33.50554	6.03754	172.4641
33.50475	6.03810	172.2191
33.50382	6.03881	171.9618
33.50303	6.03937	171.7289
33.50275	6.03977	171.4841
33.50222	6.04008	171.2359
33.50199	6.04043	170.9909
33.50173	6.04054	170.7428
33.50153	6.04079	170.5035
33.50115	6.04094	170.2587
33.50122	6.04099	170.0165
33.50088	6.04109	169.7683
33.50069	6.04120	169.5263
33.49985	6.04160	169.2782
33.49957	6.04165	169.0332
33.49900	6.04201	168.7578
33.49842	6.04236	168.4947
33.49763	6.04292	168.2587
33.49759	6.04338	168.0167
33.49697	6.04384	167.7775
33.49659	6.04399	167.5295
33.49661	6.04409	167.2873
33.49622	6.04424	167.0513
33.49584	6.04439	166.8094
33.49540	6.04460	166.5674
33.49431	6.04511	166.3282
33.49434	6.04556	166.0832
33.49350	6.04617	165.8382
33.49287	6.04658	165.5990
33.49245	6.04683	165.3508
33.49230	6.04704	165.1121
33.49222	6.04724	164.8701
33.49179	6.04744	164.6280
33.49180	6.04754	164.3917
33.49088	6.04795	164.1526
33.49063	6.04825	163.9135
33.48974	6.04856	163.6744
33.48970	6.04871	163.4445
33.48917	6.04902	163.1964
33.48894	6.04902	162.9604
33.48879	6.04907	162.7185
33.48922	6.04896	162.4823
33.48884	6.04912	162.2433
33.48850	6.04922	162.0011
33.48832	6.04917	161.7650
33.48810	6.04937	161.5141
33.48745	6.04957	161.2814
33.48599	6.05039	161.0359
33.48440	6.05176	160.8030
33.48246	6.05313	160.5640
33.48102	6.05435	160.3128
33.47961	6.05562	160.0737
33.47911	6.05618	159.8167
33.47777	6.05694	159.5837
33.47683	6.05765	159.3445
33.47585	6.05841	159.1023
33.47321	6.05963	158.8572
33.47136	6.06105	158.6183
33.46938	6.06283	158.3580
33.46734	6.06430	158.1128
33.46530	6.06578	157.8799
33.46376	6.06710	157.6438
33.46252	6.06811	157.4018
33.46134	6.06908	157.1625
33.45985	6.06999	156.9237
33.45809	6.07111	156.6848
33.45690	6.07243	156.4456
33.45512	6.07350	156.2065
33.45388	6.07467	155.9614
33.45178	6.07584	155.7224
33.45050	6.07690	155.4772
33.44901	6.07818	155.2351
33.44753	6.07909	154.9898
33.44629	6.08011	154.7572
33.44545	6.08107	154.5211
33.44401	6.08194	154.2851
33.44323	6.08250	154.0460
33.44324	6.08295	153.8098
33.44276	6.08321	153.5705
33.44258	6.08351	153.3256
33.44250	6.08371	153.0896
33.44166	6.08397	152.8508
33.44147	6.08427	152.6146
33.44125	6.08463	152.3664
33.44073	6.08499	152.1303
33.44007	6.08534	151.8880
33.43924	6.08595	151.6398
33.43886	6.08646	151.4039
33.43797	6.08712	151.1617
33.43759	6.08763	150.9198
33.43710	6.08804	150.6838
33.43702	6.08809	150.4447
33.43679	6.08844	150.2026
33.43545	6.08885	149.9605
33.43512	6.08931	149.7186
33.43454	6.09002	149.4823
33.43406	6.09048	149.2434
33.43312	6.09098	149.0012
33.43278	6.09144	148.7651
33.43225	6.09175	148.5200
33.43217	6.09195	148.2749
33.43240	6.09205	148.0328
33.43159	6.09236	147.7844
33.43166	6.09241	147.5517
33.43132	6.09251	147.3155
33.43114	6.09281	147.0767
33.43015	6.09322	146.8314
33.42942	6.09373	146.5893
33.42868	6.09459	146.3500
33.42689	6.09546	146.1110
33.42470	6.09708	145.8688
33.42151	6.09937	145.6269
33.41802	6.10232	145.3906
33.41474	6.10527	145.1547
33.41159	6.10802	144.9214
33.40830	6.11076	144.6768
33.40511	6.11341	144.4372
33.40213	6.11620	144.1957
33.39952	6.11890	143.9592
33.39585	6.12175	143.7202
33.39276	6.12465	143.4873
33.38835	6.12811	143.2513
33.38426	6.13203	143.0211
33.38052	6.13559	142.7789
33.37705	6.13874	142.5338
33.37400	6.14175	142.3007
33.37092	6.14429	142.0616
33.36878	6.14658	141.8317
33.36589	6.14892	141.5897
33.36245	6.15147	141.3655
33.35766	6.15539	141.1205
33.35077	6.16073	140.8844
33.34424	6.16679	140.6484
33.33870	6.17219	140.4123
33.33417	6.17622	140.1673
33.32989	6.17999	139.9219
33.32529	6.18401	139.6889
33.32153	6.18768	139.4438
33.31793	6.19104	139.2077
33.31439	6.19405	138.9746
33.31156	6.19705	138.7385
33.30780	6.20001	138.4964
33.30269	6.20383	138.2635
33.29768	6.20873	138.0092
33.29201	6.21428	137.7459
33.28749	6.21974	137.5072
33.28167	6.22581	137.2767
33.27669	6.23116	137.0377
33.27253	6.23575	136.7958
33.26915	6.23932	136.5565
33.26632	6.24233	136.3326
33.26390	6.24494	136.0814
33.26197	6.24703	135.8450
33.26043	6.24886	135.5999
33.25946	6.25019	135.3608
33.25873	6.25106	135.1278
33.25785	6.25172	134.8856
33.25752	6.25218	134.6435
33.25643	6.25305	134.4136
33.25549	6.25392	134.1745
33.25437	6.25504	133.9292
33.25339	6.25616	133.6900
33.25226	6.25708	133.4634
33.25133	6.25815	133.2210
33.25015	6.25912	132.9850
33.24877	6.26050	132.7520
33.24648	6.26275	132.5189
33.24421	6.26591	132.2766
33.24063	6.26933	132.0437
33.23701	6.27316	131.8045
33.23369	6.27704	131.5655
33.22986	6.28158	131.3292
33.22581	6.28644	131.0874
33.22114	6.29205	130.8511
33.21668	6.29783	130.6150
33.21157	6.30391	130.3791
33.20725	6.30917	130.1398
33.20270	6.31402	129.9159
33.19838	6.31857	129.6798
33.19424	6.32251	129.4465
33.18992	6.32634	129.2165
33.18640	6.32972	128.9775
33.18354	6.33248	128.7475
33.18180	6.33467	128.5056
33.18174	6.33672	128.2723
33.18238	6.33979	128.0269
33.18048	6.34439	127.7606
33.18196	6.34956	127.4942
33.17691	6.35723	127.2641
33.17064	6.36465	127.0342
33.16533	6.37023	126.7981
33.16072	6.37473	126.5559
33.15690	6.37877	126.3168
33.15313	6.38241	126.0840
33.14978	6.38584	125.8448
33.14654	6.38870	125.6116
33.14417	6.39126	125.3725
33.14284	6.39311	125.1395
33.14172	6.39439	124.9034
33.14069	6.39505	124.6672
33.14035	6.39567	124.4312
33.14017	6.39597	124.1950
33.13943	6.39649	123.9680
33.13945	6.39730	123.7229
33.13892	6.39869	123.4899
33.13804	6.40094	123.2536
33.13632	6.40376	123.0268
33.13425	6.40673	122.7873
33.13213	6.40939	122.5453
33.13091	6.41149	122.3122
33.12923	6.41369	122.0761
33.12833	6.41538	121.8429
33.12734	6.41702	121.6100
33.12721	6.41871	121.3771
33.12674	6.42076	121.1377
33.12576	6.42297	120.9016
33.12464	6.42532	120.6655
33.12351	6.42804	120.4354
33.12140	6.43106	120.1932
33.11912	6.43388	119.9632
33.11720	6.43634	119.7271
33.11578	6.43865	119.4878
33.11439	6.44070	119.2519
33.11292	6.44254	119.0218
33.11242	6.44434	118.7796
33.11149	6.44649	118.5497
33.10997	6.44890	118.3103
33.10824	6.45152	118.0743
33.10690	6.45367	117.8321
33.10560	6.45557	117.5838
33.10498	6.45741	117.3357
33.10365	6.45926	117.1087
33.10237	6.46141	116.8785
33.10048	6.46290	116.6424
33.10032	6.46413	116.4034
33.09904	6.46521	116.1643
33.09836	6.46603	115.9312
33.09802	6.46685	115.6979
33.09784	6.46752	115.4619
33.09688	6.46906	115.2228
33.09479	6.47126	114.9867
33.09252	6.47372	114.7473
33.09020	6.47588	114.5145
33.08762	6.47793	114.2782
33.08516	6.47973	114.0390
33.08273	6.48142	113.8060
33.08071	6.48327	113.5637
33.07863	6.48481	113.3278
33.07705	6.48619	113.0946
33.07538	6.48804	112.8524
33.07259	6.49025	112.6254
33.06810	6.49291	112.3832
33.06327	6.49543	112.1471
33.05831	6.49743	111.9048
33.05369	6.49871	111.6624
33.04907	6.49964	111.4325
33.04668	6.50036	111.1995
33.04485	6.50092	110.9572
33.04322	6.50164	110.7271
33.04204	6.50262	110.4944
33.04021	6.50390	110.2670
33.03844	6.50549	110.0278
33.03691	6.50683	109.8007
33.03514	6.50842	109.5678
33.03481	6.50960	109.3317
33.03771	6.51104	109.1016
33.03888	6.51391	108.8654
33.03994	6.51740	108.6351
33.04201	6.52187	108.3959
33.03836	6.52721	108.1571
33.03779	6.53153	107.9299
33.03888	6.53564	107.6846
33.04173	6.53995	107.4397
33.04479	6.54535	107.2034
33.04922	6.55213	106.9702
33.05337	6.56072	106.7372
33.05357	6.57151	106.4980
33.05783	6.58360	106.2678
33.05932	6.59811	106.0345
33.05376	6.61422	105.8015
33.04729	6.62940	105.5653
33.04071	6.64398	105.3322
33.03903	6.65897	105.0962
33.03562	6.67582	104.8539
33.02713	6.69341	104.6207
33.01886	6.70867	104.3939
33.01079	6.72085	104.1635
33.00665	6.73025	103.9304
33.00391	6.73840	103.6975
32.99831	6.74651	103.4702
32.99377	6.75286	103.2371
32.99213	6.75756	103.0040
32.98917	6.76185	102.7679
32.98919	6.76562	102.5408
32.98830	6.77135	102.3077
32.98539	6.77890	102.0746
32.98191	6.78784	101.8475
32.97917	6.79802	101.6203
32.97244	6.80956	101.3874
32.96450	6.82047	101.1482
32.95760	6.82921	100.9304
32.95302	6.83620	100.6971
32.95038	6.84210	100.4609
32.94816	6.84857	100.2336
32.94649	6.85773	100.0037
32.94018	6.87058	99.7674
32.93079	6.88425	99.5282
32.92220	6.89622	99.3010
32.91567	6.90576	99.0651
32.91066	6.91364	98.8351
32.90507	6.92033	98.5990
32.90315	6.92505	98.3658
32.90147	6.92909	98.1327
32.89860	6.93293	97.8965
32.89688	6.93594	97.6663
32.89594	6.93848	97.4212
32.89478	6.94133	97.1909
32.89270	6.94471	96.9607
32.89114	6.94870	96.7277
32.88924	6.95405	96.5217
32.88184	6.96188	96.3187
32.87394	6.96988	96.1464
32.86945	6.97647	95.9922
32.86747	6.98224	95.8526
32.86292	6.98930	95.7346
32.85909	6.99595	95.6648
32.85676	7.00130	95.6531
32.85244	7.00858	95.6591
32.84312	7.01741	95.6469
32.83690	7.02323	95.6169
32.83468	7.02630	95.5893
32.83224	7.02875	95.5318
32.83183	7.03015	95.4533
32.83071	7.03057	95.3835
32.83194	7.02968	95.3018
32.83233	7.02916	95.2169
32.83223	7.02989	95.1352
32.82919	7.03161	95.0534
32.82705	7.03280	94.9719
32.82438	7.03384	94.8812
32.82163	7.03525	94.7965
32.81916	7.03644	94.7026
32.81718	7.03675	94.6117
32.81486	7.03707	94.5116
32.81101	7.03733	94.4117
32.80620	7.03707	94.3030
32.80465	7.03623	94.1695
32.80220	7.03519	94.0029
32.80082	7.03405	93.8336
32.80107	7.03322	93.6609
32.79766	7.03254	93.4853
32.78865	7.03145	93.3038
32.78380	7.02932	93.1189
32.78221	7.02667	92.9283
32.78140	7.02427	92.7466
32.78101	7.02225	92.5557
32.77972	7.02079	92.3712
32.78034	7.01944	92.1834
32.78316	7.01845	91.9926
32.78181	7.01845	91.7897
32.77816	7.01949	91.5989
32.77139	7.02199	91.4053
32.76545	7.02500	91.2114
32.76009	7.02812	91.0146
32.75392	7.03109	90.8238
32.74901	7.03410	90.6209
32.74511	7.03649	90.4271
32.74273	7.03800	90.2395
32.73977	7.03904	90.0398
32.73654	7.03920	89.8519
32.73051	7.03904	89.6612
32.73037	7.03785	89.4614
32.73356	7.03712	89.2735
32.73465	7.03795	89.0768
32.73439	7.03977	88.8860
32.73361	7.04149	88.6862
32.73333	7.04325	88.4924
32.73342	7.04507	88.2926
32.73205	7.04705	88.0958
32.73047	7.04903	87.9109
32.72846	7.05059	87.7234
32.72771	7.05147	87.5235
32.72871	7.05241	87.3053
32.73037	7.05475	87.1146
32.72742	7.05860	86.9238
32.72843	7.06177	86.7299
32.72609	7.06578	86.5331
32.71543	7.07015	86.3363
32.69903	7.07260	86.1366
32.68845	7.07130	85.9336
32.68353	7.06818	85.7339
32.68219	7.06453	85.5369
32.68441	7.06120	85.3340
32.68396	7.05865	85.1343
32.68204	7.05657	84.9345
32.68224	7.05465	84.7345
32.68259	7.05293	84.5196
32.68277	7.05168	84.3257
32.68314	7.05059	84.1351
32.68232	7.04981	83.9290
32.68286	7.04898	83.7353
32.68320	7.04835	83.5383
32.68340	7.04788	83.3328
32.68376	7.04768	83.1389
32.68359	7.04752	82.9388
32.68353	7.04731	82.7449
32.68338	7.04721	82.5511
32.68361	7.04721	82.3576
32.68297	7.04710	82.1576
32.68219	7.04695	81.9548
32.68044	7.04664	81.7548
32.67950	7.04591	81.5611
32.67905	7.04481	81.3643
32.67911	7.04362	81.1585
32.67840	7.04258	80.9646
32.67693	7.04133	80.7555
32.67639	7.03982	80.5557
32.67268	7.03811	80.3406
32.65860	7.03535	80.1408
32.63164	7.02833	79.9288
32.61898	7.01435	79.7198
32.60696	6.99642	79.5109
32.59238	6.97523	79.2929
32.59114	6.95187	79.0871
32.60780	6.93220	78.8751
32.63402	6.92188	78.6661
32.64255	6.92251	78.4542
32.65631	6.92852	78.2422
32.66864	6.94061	78.0332
32.66075	6.95701	77.8152
32.64036	6.97092	77.6001
32.62357	6.97850	77.3759
32.63654	6.98322	77.1520
32.66597	6.99585	76.9520
32.67527	7.01975	76.7431
32.64809	7.04970	76.5219
32.60987	7.07333	76.3100
32.58360	7.08582	76.0949
32.57337	7.09160	75.8770
32.56798	7.09749	75.6590
32.55721	7.10457	75.4439
32.54144	7.11004	75.2319
32.52234	7.11244	75.0199
32.50569	7.11077	74.8140
32.49784	7.10655	74.5958
32.48022	7.10170	74.3899
32.43814	7.09269	74.1782
32.42960	7.07551	73.9598
32.43039	7.05605	73.7478
32.43602	7.03998	73.5390
32.43997	7.02984	73.3332
32.44446	7.02495	73.1210
32.43682	7.02443	72.9120
32.42544	7.02599	72.7001
32.41554	7.02750	72.4941
32.40211	7.02724	72.2821
32.39180	7.02547	72.0702
32.38080	7.02256	71.8550
32.35829	7.01752	71.6429
32.35503	7.01008	71.4311
32.35036	7.00239	71.2160
32.35044	6.99548	71.0010
32.34822	6.98993	70.7951
32.34085	6.98577	70.5770
32.32542	6.98078	70.3622
32.31149	6.97310	70.1501
32.29149	6.96173	69.9503
32.28974	6.94792	69.7411
32.29757	6.93786	69.5352
32.29937	6.93386	69.3201
32.30550	6.93547	69.1112
32.31014	6.94341	68.9022
32.31705	6.95514	68.6934
32.33386	6.97237	68.4843
32.35002	6.99876	68.2723
32.33983	7.03270	68.0632
32.32192	7.06510	67.8482
32.32027	7.09186	67.6273
32.31383	7.11791	67.3969
32.29661	7.14261	67.1850
32.28173	7.16118	66.9760
32.27637	7.17396	66.7702
32.27053	7.18440	66.5581
32.26300	7.19249	66.3552
32.25571	7.19792	66.1462
32.24868	7.20073	65.9280
32.24054	7.20152	65.7190
32.23166	7.20084	65.5040
32.22191	7.19823	65.2951
32.21245	7.19379	65.0800
32.19425	7.18716	64.8617
32.17647	7.17693	64.6531
32.17444	7.16379	64.4349
32.17836	7.15090	64.2259
32.17025	7.13995	64.0168
32.15741	7.12822	63.8078
32.15201	7.11436	63.5961
32.15626	7.10223	63.3779
32.16101	7.09577	63.1749
32.15686	7.09499	62.9541
32.14440	7.09697	62.7418
32.12711	7.09733	62.5207
32.11162	7.09467	62.2996
32.10427	7.08957	62.0723
32.09188	7.08358	61.8364
32.08272	7.07603	61.6030
32.07134	7.06786	61.3666
32.07292	7.05969	61.1274
32.08099	7.05517	60.8971
32.08842	7.05610	60.6581
32.09735	7.06157	60.4217
32.09844	7.07187	60.1793
32.10246	7.08343	59.9492
32.11537	7.09707	59.7040
32.11195	7.11405	59.4616
32.12292	7.13021	59.2314
32.12217	7.14944	58.9892
32.12530	7.17036	58.7557
32.11899	7.19484	58.5256
32.10334	7.22058	58.2835
32.09294	7.24618	58.0502
32.06594	7.27541	57.8108
32.04390	7.29969	57.5686
32.02714	7.31938	57.3323
32.01083	7.33750	57.0991
31.99613	7.35390	56.8567
31.98607	7.36637	56.6114
31.97868	7.37744	56.3811
31.96365	7.39128	56.1360
31.94866	7.40471	55.8997
31.93438	7.41747	55.6633
31.92244	7.42791	55.4239
31.91109	7.43595	55.1878
31.90106	7.44367	54.9455
31.89189	7.45007	54.7062
31.88360	7.45480	54.4698
31.87492	7.45848	54.2367
31.86856	7.46148	53.9974
31.86366	7.46310	53.7611
31.85937	7.46400	53.5220
31.85533	7.46447	53.2885
31.85163	7.46494	53.0523
31.84971	7.46531	52.8160
31.84687	7.46557	52.5828
31.84534	7.46589	52.3435
31.84188	7.46647	52.1164
31.83866	7.46752	51.8801
31.83558	7.46915	51.6499
31.83169	7.47188	51.4167
31.82842	7.47461	51.1834
31.82549	7.47719	50.9503
31.82203	7.47998	50.7140
31.81904	7.48297	50.4895
31.81713	7.48555	50.2534
31.81598	7.48802	50.0204
31.81479	7.49091	49.7898
31.81345	7.49396	49.5568
31.81231	7.49717	49.3115
31.81053	7.50033	49.0841
31.81097	7.50290	48.8603
31.80848	7.50574	48.6239
31.80718	7.50801	48.3936
31.80849	7.50964	48.1664
31.80720	7.51227	47.9362
31.80499	7.51442	47.7059
31.80322	7.51574	47.4786
31.80303	7.51642	47.2487
31.80365	7.51690	47.0184
31.80575	7.51774	46.7850
31.80744	7.52005	46.5640
31.80768	7.52469	46.3369
31.80480	7.53274	46.1036
31.79613	7.54490	45.8702
31.78930	7.55875	45.6339
31.77807	7.57666	45.4068
31.76343	7.59537	45.1734
31.74946	7.61220	44.9433
31.73581	7.62697	44.7192
31.72177	7.64100	44.4858
31.70913	7.65351	44.2524
31.69337	7.66429	44.0316
31.67633	7.67427	43.7981
31.66289	7.68251	43.5740
31.65244	7.68822	43.3440
31.64180	7.69192	43.1197
31.63605	7.69466	42.8895
31.63188	7.69657	42.6623
31.62370	7.69741	42.4321
31.61485	7.69805	42.2018
31.60948	7.69926	41.9836
31.60484	7.70079	41.7474
31.59604	7.70212	41.5263
31.58091	7.70486	41.2869
31.56354	7.71047	41.0628
31.54713	7.72094	40.8295
31.53340	7.73326	40.5962
31.51863	7.74474	40.3691
31.50581	7.75586	40.1327
31.49437	7.76539	39.9025
31.48472	7.77396	39.6750
31.47622	7.78090	39.4451
31.46982	7.78662	39.2119
31.46462	7.79139	38.9877
31.46014	7.79536	38.7634
31.45508	7.79997	38.5332
31.45055	7.80437	38.3121
31.44387	7.81004	38.0817
31.43768	7.81555	37.8427
31.43243	7.82128	37.6002
31.42657	7.82738	37.3669
31.42071	7.83363	37.1366
31.41542	7.83963	36.9125
31.40865	7.84652	36.6793
31.40169	7.85475	36.4549
31.39167	7.86525	36.2338
31.37999	7.87799	36.0066
31.36536	7.89403	35.7763
31.35035	7.91050	35.5582
31.33978	7.92314	35.3280
31.32797	7.93643	35.0977
31.31409	7.95196	34.8796
31.29992	7.96835	34.6644
31.28622	7.98453	34.4374
31.27461	7.99800	34.2102
31.26657	8.00822	33.9891
31.25934	8.01605	33.7708
31.25402	8.02175	33.5467
31.25174	8.02554	33.3194
31.24951	8.02852	33.0953
31.24784	8.03087	32.8802
31.24666	8.03305	32.6561
31.24604	8.03534	32.4287
31.24388	8.03817	32.2076
31.24029	8.04163	31.9895
31.23716	8.04488	31.7560
31.23498	8.04819	31.5412
31.23042	8.05304	31.3108
31.22425	8.05896	31.0866
31.21997	8.06461	30.8625
31.21470	8.07102	30.6383
31.20976	8.07779	30.4110
31.20420	8.08489	30.1868
31.19945	8.09145	29.9595
31.19552	8.09636	29.7354
31.19344	8.10037	29.5143
31.19119	8.10405	29.2963
31.18877	8.10725	29.0688
31.18729	8.11014	28.8509
31.18539	8.11388	28.6266
31.18050	8.11986	28.4055
31.17604	8.12723	28.1782
31.16917	8.13722	27.9569
31.15991	8.15074	27.7359
31.14846	8.16673	27.5116
31.13484	8.18368	27.2753
31.12246	8.19813	27.0511
31.11575	8.20969	26.8239
31.10840	8.22168	26.5906
31.10033	8.23314	26.3725
31.09237	8.24225	26.1480
31.08692	8.24927	25.9270
31.08463	8.25495	25.6969
31.08385	8.26229	25.4695
31.07638	8.27532	25.2485
31.06803	8.29683	25.0242
31.04607	8.33225	24.8091
31.01355	8.37448	24.5818
30.98115	8.41412	24.3486
30.95369	8.44615	24.1303
30.93327	8.46990	23.9061
30.91619	8.48763	23.6821
30.89952	8.50041	23.4548
30.88672	8.50990	23.2367
30.87607	8.51994	23.0123
30.86602	8.53154	22.7911
30.85551	8.54217	22.5761
30.84076	8.55318	22.3489
30.83058	8.56615	22.1277
30.82063	8.58246	21.9096
30.80504	8.60495	21.6823
30.78360	8.63042	21.4641
30.76688	8.65050	21.2460
30.75538	8.66533	21.0339
30.74815	8.67714	20.8037
30.73832	8.68857	20.5855
30.72692	8.70331	20.3706
30.70777	8.72624	20.1492
30.68542	8.75342	19.9312
30.66336	8.78187	19.7127
30.63988	8.80953	19.4977
30.62519	8.83078	19.2767
30.61286	8.85232	19.0613
30.59446	8.87904	18.8464
30.57394	8.90900	18.6312
30.55602	8.94274	18.4190
30.53128	8.98257	18.2099
30.50976	9.02058	17.9917
30.48770	9.05601	17.7828
30.46189	9.08878	17.5554
30.44888	9.11391	17.3493
30.43404	9.13895	17.1312
30.41116	9.16625	16.9251
30.38760	9.19440	16.7072
30.36077	9.22641	16.4950
30.33411	9.25828	16.2768
30.30943	9.28875	16.0737
30.28773	9.31886	15.8527
30.27425	9.34783	15.6464
30.27186	9.38228	15.4253
30.26771	9.43736	15.2163
30.23674	9.52367	14.9979
30.16054	9.64103	14.7890
30.07109	9.77021	14.5800
29.97676	9.89375	14.3648
29.90718	9.99565	14.1528
29.84033	10.08321	13.9406
29.79239	10.15196	13.7348
29.75443	10.20872	13.5194
29.72342	10.25478	13.3073
29.69876	10.29209	13.0891
29.68111	10.32214	12.8708
29.66185	10.34509	12.6527
29.66058	10.35985	12.4375
29.66142	10.37864	12.2195
29.66285	10.40774	12.0043
29.65815	10.44934	11.7952
29.64820	10.50501	11.5924
29.61814	10.57657	11.3619
29.58717	10.65020	11.1499
29.54668	10.72113	10.9317
29.50475	10.78583	10.7165
29.48707	10.84606	10.5014
29.50720	10.92172	10.2893
29.50442	11.04295	10.0771
29.41244	11.20840	9.8680
29.35365	11.35698	9.6528
29.27271	11.49117	9.4410
29.22065	11.59888	9.2318
29.19919	11.68885	9.0105
29.14368	11.77598	8.7983
29.13074	11.84389	8.5833
29.12340	11.91081	8.3650
29.10047	11.98399	8.1529
29.10003	12.06247	7.9379
29.08076	12.15851	7.7167
29.06550	12.25878	7.5046
29.03440	12.36040	7.2803
28.98880	12.45530	7.0619
28.95905	12.53665	6.8377
28.94094	12.61013	6.6195
28.89150	12.67576	6.3955
28.85501	12.72497	6.1771
28.76128	12.77698	5.9620
28.60114	12.84356	5.7376
28.45253	12.91058	5.5134
28.33307	12.96806	5.2894
28.25245	13.01969	5.0618
28.19090	13.06298	4.8439
28.14423	13.09787	4.6256
28.08932	13.12437	4.3984
28.01123	13.15150	4.1740
27.92583	13.19001	3.9528
27.84509	13.23853	3.7288
27.77459	13.29029	3.5135
27.68183	13.33735	3.2983
27.61573	13.38520	3.0681
27.55347	13.42501	2.8438
27.42512	13.45667	2.6287
27.24750	13.49841	2.4073
27.03989	13.55443	2.2074
26.92245	13.61821	2.0255
26.75050	13.67863	1.8499
26.57047	13.74145	1.6830
26.41348	13.80810	1.5043
26.29385	13.87439	1.3316
26.08375	13.92988	1.1557
25.69801	13.99158	0.9861
25.44448	14.07911	0.8101
25.31737	14.16509	0.6496
25.04683	14.23110	0.4829
24.72326	14.29887	0.3283
24.44333	14.38192	0.1891
24.17283	14.46269	0.0856
23.85874	14.54409	0.0767
24.02321	14.61469	0.0766
24.26096	14.63389	0.0798
24.50091	14.57315	0.0708
24.80481	14.49042	0.0766
24.99208	14.40326	0.0736
25.18849	14.30561	0.0736
25.30642	14.22299	0.0766
25.44753	14.13618	0.0795
22.86089	14.05177	0.0766
3.87788	13.96949	0.0766
3.57536	13.90309	0.0736
3.35813	13.86754	0.0734
2.58965	13.84565	0.0735
2.73654	13.83184	0.0735
3.02677	13.82016	0.0735
3.00761	13.80748	0.0734
3.34708	13.79220	0.0733
2.79013	13.77377	0.0732
2.35826	13.75106	0.0733
