Salinity, Practical [PSU]	Temperature [ITS-90, deg C]	Depth [salt water, m]
0.01158	16.60849	0.0290
0.01143	16.60990	0.0320
0.01135	16.61125	0.0260
0.01161	16.61300	0.0320
0.01170	16.61441	0.0260
0.01187	16.61603	0.0290
0.01199	16.61697	0.0320
0.01219	16.61811	0.0259
0.01220	16.61899	0.0289
0.01219	16.61993	0.0259
0.01219	16.62094	0.0289
0.01199	16.62195	0.0320
0.01183	16.62276	0.0350
0.01171	16.62363	0.0349
0.01156	16.62484	0.0350
0.01152	16.62579	0.0319
0.01144	16.62680	0.0349
0.01136	16.62761	0.0259
0.01140	16.62848	0.0288
0.01133	16.62929	0.0289
0.01129	16.63016	0.0258
0.01127	16.63111	0.0349
0.01117	16.63205	0.0319
0.01113	16.63279	0.0349
0.01109	16.63380	0.0319
0.01109	16.63427	0.0288
0.01109	16.63481	0.0318
0.01105	16.63589	0.0319
0.01105	16.63636	0.0318
0.01107	16.63697	0.0318
0.01129	16.63777	0.0379
11.84345	16.65165	0.1046
25.63317	16.71573	0.2014
25.89027	16.77647	0.2803
26.45742	16.81030	0.3469
26.78136	16.82629	0.4014
26.75791	16.84329	0.4710
26.86161	16.85827	0.4862
26.91029	16.87271	0.5043
26.86224	16.88601	0.5104
26.88872	16.89564	0.5134
26.93325	16.90365	0.5134
26.91926	16.91024	0.5164
26.76188	16.91329	0.5103
26.72443	16.91363	0.5134
26.92018	16.91465	0.5135
26.99214	16.91682	0.5104
27.02853	16.91872	0.5225
27.05530	16.91499	0.5104
27.08107	16.90664	0.5164
27.11061	16.89523	0.5164
27.14089	16.88350	0.5164
27.16448	16.87481	0.5225
27.17125	16.86844	0.5195
27.16891	16.86084	0.5407
27.22772	16.85352	0.6285
27.10726	16.84790	0.7012
26.99026	16.84295	0.7799
27.02087	16.83834	0.8557
26.99852	16.83489	0.9163
26.91776	16.83258	0.9496
27.02962	16.83306	0.9889
27.14195	16.83374	1.0041
27.21449	16.83875	0.9980
27.25550	16.85495	1.0011
27.24660	16.87434	1.0071
27.23404	16.88920	1.0011
27.21889	16.90107	0.9981
27.19443	16.91044	0.9979
27.17275	16.91832	0.9981
27.16794	16.92497	0.9919
27.17114	16.92973	0.9950
27.17499	16.93278	0.9829
27.17982	16.93414	0.9950
27.18060	16.93340	0.9859
27.18179	16.93122	0.9950
27.18701	16.92762	0.9980
27.19602	16.92409	0.9980
27.20421	16.92185	1.0011
27.21062	16.92015	1.0010
27.21030	16.91859	0.9980
27.21383	16.91709	0.9981
27.21947	16.91621	1.0010
27.22440	16.91540	1.0040
27.22706	16.91519	1.0071
27.22875	16.91472	1.0041
27.22500	16.91411	1.0071
27.20839	16.91363	1.0071
27.20565	16.91241	1.0009
27.21612	16.90996	1.0041
27.22606	16.90637	1.0041
27.23596	16.89870	0.9981
27.24366	16.88974	0.9980
27.24891	16.88092	0.9950
27.25283	16.87000	0.9980
27.26793	16.85637	0.9980
27.30404	16.84092	0.9919
27.34074	16.82757	1.0041
27.36554	16.81843	0.9950
27.38713	16.80367	0.9980
27.41039	16.77898	1.0011
27.43988	16.74599	1.0010
27.46488	16.71681	1.0010
27.48490	16.69575	1.0070
27.50184	16.67916	1.0131
27.51315	16.66675	1.0041
27.51500	16.65954	1.0041
27.50554	16.65617	1.0011
27.49158	16.65556	1.0041
27.48369	16.65644	1.0041
27.48542	16.65779	1.0040
27.49588	16.65873	1.0011
27.51348	16.65893	1.0041
27.51847	16.65819	0.9980
27.51833	16.65637	1.0010
27.53843	16.65287	0.9919
27.57001	16.64876	1.0010
27.60934	16.64525	1.0072
27.64974	16.64202	0.9981
27.68368	16.63838	1.0010
27.70971	16.63434	1.0010
27.73065	16.62821	1.0041
27.74663	16.61946	1.0040
27.76194	16.60802	1.0040
27.77543	16.59759	1.0041
27.78242	16.58871	1.0010
27.78704	16.57882	1.0131
27.79109	16.56840	1.0071
27.79454	16.55845	1.0070
27.79455	16.55026	1.0071
27.79628	16.54287	1.0072
27.80173	16.53541	1.0101
27.81184	16.52702	1.0040
27.81928	16.51869	1.0101
27.82795	16.50990	1.0041
27.84660	16.50158	1.0010
27.86791	16.49474	1.0071
27.88764	16.48810	1.0132
27.90856	16.48106	1.0041
27.93373	16.47362	0.9979
27.95878	16.46564	1.0071
27.97645	16.46410	1.0041
27.98991	16.46658	1.0071
28.00254	16.46577	1.0101
28.01125	16.46564	1.0101
28.01250	16.47120	1.0071
28.00204	16.48696	1.0071
27.98886	16.50749	1.0070
27.97713	16.52588	1.0041
27.96739	16.54072	1.0041
27.96182	16.55133	1.0040
27.95982	16.55892	1.0041
27.96022	16.56450	1.0040
27.95895	16.56880	1.0010
27.95749	16.57337	1.0039
27.95608	16.57701	1.0041
27.95305	16.57896	1.0040
27.95262	16.57909	0.9980
27.93163	16.57801	0.9980
27.91763	16.57714	1.0010
27.90830	16.57781	1.0010
27.89352	16.58017	1.0071
27.91477	16.58413	1.0040
27.90930	16.58871	1.0041
27.89903	16.59362	0.9980
27.88383	16.59907	0.9980
27.86819	16.60580	0.9949
27.85668	16.61428	1.0010
27.84921	16.62383	0.9981
27.84439	16.63367	0.9980
27.84068	16.64350	1.0010
27.83707	16.65408	0.9949
27.83360	16.66405	0.9980
27.82799	16.67295	1.0010
27.82076	16.68051	1.0040
27.81246	16.68631	1.0010
27.80460	16.68988	1.0011
27.79841	16.69177	0.9979
27.79302	16.69217	1.0041
27.78926	16.69143	0.9949
27.78735	16.69002	0.9980
27.78745	16.68826	0.9919
27.79020	16.68637	0.9980
27.79397	16.68502	1.0010
27.80098	16.68516	1.0010
27.80954	16.68685	0.9919
27.81254	16.69029	1.0041
27.81109	16.69447	1.0040
27.80987	16.69831	0.9980
27.80990	16.70108	1.0101
27.81083	16.70351	1.0071
27.81091	16.70540	1.0040
27.80974	16.70709	1.0040
27.80744	16.70857	1.0011
27.79960	16.70938	1.0040
27.78994	16.70938	1.0040
27.78553	16.70837	1.0071
27.78521	16.70675	1.0009
27.78624	16.70527	1.0010
27.78657	16.70398	0.9980
27.78686	16.70277	1.0040
27.78784	16.70135	0.9949
27.78877	16.70000	0.9949
27.78900	16.69879	0.9950
27.78822	16.69750	0.9949
27.78887	16.69656	0.9979
27.79116	16.69575	0.9979
27.79492	16.69521	1.0009
27.79872	16.69460	1.0041
27.80365	16.69406	1.0070
27.81002	16.69312	1.0010
27.81733	16.69204	0.9980
27.82551	16.69089	1.0071
27.83831	16.68934	0.9980
27.85785	16.68664	1.0041
27.87332	16.68206	0.9980
27.88237	16.67639	0.9979
27.89371	16.67120	1.0040
27.90193	16.66722	0.9980
27.90151	16.66405	0.9949
27.90008	16.66163	1.0040
27.90059	16.65961	1.0010
27.90028	16.65806	1.0071
27.89871	16.65711	1.0010
27.89917	16.65677	0.9980
27.90228	16.65677	1.0010
27.90518	16.65718	1.0010
27.90619	16.65772	0.9950
27.90601	16.65846	1.0011
27.90633	16.65920	1.0070
27.90814	16.65987	1.0041
27.90828	16.66048	1.0010
27.90525	16.66116	1.0070
27.90185	16.66156	1.0010
27.89714	16.66217	1.0071
27.89034	16.66244	0.9980
27.88381	16.66277	1.0101
27.87920	16.66325	1.0101
27.87496	16.66358	1.0071
27.86961	16.66392	1.0070
27.86553	16.66419	1.0162
27.86281	16.66466	1.0071
27.86202	16.66500	1.0041
27.86085	16.66540	1.0010
27.85737	16.66594	1.0010
27.84574	16.66628	0.9980
27.82949	16.66662	0.9980
27.82429	16.66675	1.0010
27.82368	16.66682	1.0041
27.82052	16.66689	1.0010
27.81805	16.66668	1.0071
27.81527	16.66662	1.0010
27.81391	16.66648	1.0040
27.81504	16.66655	0.9980
27.81099	16.66662	1.0010
27.80837	16.66655	1.0011
27.80713	16.66641	1.0041
27.80648	16.66655	1.0010
27.80680	16.66648	1.0010
27.80565	16.66655	0.9980
27.80104	16.66662	1.0071
27.79444	16.66668	1.0041
27.78993	16.66662	1.0102
27.78788	16.66668	1.0102
27.78705	16.66668	1.0071
27.78687	16.66655	1.0041
27.78621	16.66662	1.0041
27.78470	16.66655	0.9980
27.78416	16.66668	1.0070
27.78356	16.66675	1.0041
27.79193	16.66662	1.0072
27.80638	16.66668	1.0010
27.80950	16.66675	1.0042
27.81577	16.66668	1.0010
27.83680	16.66682	1.0011
27.84773	16.66668	1.0011
27.85411	16.66695	1.0010
27.85192	16.66722	1.0011
27.84242	16.66817	1.0011
27.82920	16.66951	1.0041
27.81579	16.67100	1.0011
27.80028	16.67262	1.0042
27.78392	16.67410	1.0041
27.76863	16.67558	1.0071
27.75373	16.67707	1.0041
27.74095	16.67868	1.0071
27.73009	16.68044	1.0101
27.71792	16.68199	1.0132
27.70456	16.68368	1.0072
27.69102	16.68482	1.0101
27.67785	16.68624	1.0040
27.66576	16.68739	0.9980
27.65602	16.68873	1.0072
27.64811	16.69042	0.9949
27.64032	16.69224	1.0101
27.63142	16.69406	1.0072
27.62319	16.69541	1.0041
27.61712	16.69683	1.0010
27.61207	16.69798	1.0071
27.60834	16.69906	1.0101
27.60540	16.70027	1.0102
27.60296	16.70101	1.0010
27.59963	16.70176	1.0041
27.59814	16.70263	0.9981
27.59657	16.70331	1.0011
27.59495	16.70405	1.0041
27.59356	16.70439	1.0041
27.59194	16.70473	1.0131
27.59087	16.70500	1.0132
27.58954	16.70533	1.0071
27.58852	16.70560	1.0070
27.58685	16.70554	1.0041
27.58509	16.70560	1.0072
27.58292	16.70554	1.0071
27.58140	16.70533	1.0101
27.58107	16.70533	1.0041
27.58172	16.70520	1.0011
27.58186	16.70500	1.0040
27.58232	16.70473	1.0041
27.58310	16.70439	1.0072
27.58334	16.70405	1.0011
27.58288	16.70392	1.0041
27.58247	16.70378	1.0011
27.58168	16.70365	1.0011
27.58089	16.70351	1.0041
27.57996	16.70324	1.0101
27.57872	16.70304	1.0072
27.57895	16.70270	1.0071
27.57987	16.70257	1.0101
27.58061	16.70230	1.0102
27.57962	16.70189	1.0132
27.57766	16.70169	1.0072
27.57677	16.70128	1.0101
27.57691	16.70108	1.0102
27.57743	16.70081	1.0072
27.57737	16.70041	1.0102
27.57687	16.69993	1.0071
27.57607	16.69973	1.0072
27.57613	16.69939	1.0041
27.57830	16.69906	1.0041
27.58112	16.69865	1.0072
27.58270	16.69845	0.9951
27.58224	16.69791	1.0042
27.58219	16.69750	1.0071
27.58202	16.69710	1.0041
27.58159	16.69676	1.0072
27.58085	16.69622	1.0042
27.57969	16.69582	1.0101
27.57706	16.69555	1.0072
27.57424	16.69514	1.0071
27.57045	16.69494	1.0102
27.56615	16.69460	1.0102
27.56154	16.69406	1.0132
27.55773	16.69413	1.0102
27.55464	16.69373	1.0072
27.55297	16.69325	1.0103
27.55238	16.69292	1.0072
27.55150	16.69258	1.0072
27.55196	16.69190	1.0102
27.55216	16.69130	1.0102
27.55353	16.69083	1.0072
27.55515	16.69049	1.0072
27.55636	16.69002	1.0042
27.55570	16.68968	1.0072
27.55566	16.68934	1.0042
27.55571	16.68887	0.9981
27.55537	16.68840	1.0042
27.55381	16.68792	1.0042
27.55080	16.68739	1.0133
27.54872	16.68712	1.0101
27.54776	16.68651	1.0133
27.54697	16.68604	1.0133
27.54794	16.68543	1.0102
27.55161	16.68475	1.0133
27.55880	16.68435	1.0133
27.56759	16.68388	1.0163
27.57327	16.68341	1.0193
27.57541	16.68320	1.0102
27.57661	16.68266	1.0072
27.57661	16.68226	1.0072
27.57542	16.68206	1.0012
27.57388	16.68172	1.0072
27.57295	16.68138	1.0042
27.57148	16.68111	1.0012
27.56986	16.68098	1.0042
27.56584	16.68071	1.0072
27.56135	16.68064	1.0042
27.55807	16.68010	1.0103
27.55433	16.67983	1.0102
27.55007	16.67943	1.0133
27.54475	16.67895	1.0132
27.54051	16.67821	1.0102
27.53676	16.67747	1.0102
27.53440	16.67680	1.0133
27.53358	16.67605	1.0164
27.53362	16.67511	1.0102
27.53390	16.67430	1.0103
27.53450	16.67342	1.0074
27.53473	16.67268	1.0103
27.53436	16.67194	1.0072
27.53379	16.67140	1.0103
27.53321	16.67080	1.0043
27.53196	16.67012	1.0072
27.53136	16.66938	1.0012
27.53159	16.66864	1.0012
27.53307	16.66769	1.0073
27.53594	16.66641	1.0073
27.54028	16.66459	1.0103
27.54319	16.66237	1.0043
27.54573	16.65907	1.0103
27.54767	16.65543	1.0073
27.38025	16.65078	1.0104
27.20486	16.64471	1.0133
27.31241	16.63602	1.0133
27.19719	16.62511	1.0103
27.47367	16.61327	1.0073
27.57005	16.60438	1.0102
27.57668	16.59860	1.0104
27.58272	16.59456	1.0104
27.58749	16.59133	1.0073
27.59050	16.58857	1.0103
27.59234	16.58588	1.0164
27.59155	16.58292	1.0164
27.59026	16.58070	1.0134
27.58823	16.57963	1.0103
27.58766	16.57916	1.0074
27.58757	16.57929	1.0043
27.58840	16.57889	1.0043
27.58984	16.57842	1.0043
27.59183	16.57761	1.0104
27.59717	16.57653	1.0103
27.60299	16.57492	1.0104
27.60831	16.57250	1.0134
27.61295	16.56948	1.0134
27.61581	16.56611	1.0165
27.61706	16.56309	1.0225
27.61771	16.56047	1.0164
27.61644	16.55852	1.0165
27.61219	16.55745	1.0256
27.60612	16.55684	1.0194
27.59973	16.55751	1.0134
27.59547	16.55879	1.0134
27.59213	16.56033	1.0165
27.58945	16.56181	1.0195
27.58737	16.56316	1.0135
27.58593	16.56443	1.0074
27.58533	16.56531	1.0135
27.58519	16.56591	1.0135
27.58723	16.56625	1.0135
27.59047	16.56645	1.0135
27.59407	16.56638	1.0165
27.59751	16.56605	1.0135
27.60252	16.56538	1.0135
27.60766	16.56403	1.0196
27.61294	16.56168	1.0165
27.61739	16.55812	1.0165
27.62403	16.55355	1.0196
27.63077	16.54770	1.0196
27.63796	16.54058	1.0166
27.64425	16.53266	1.0165
27.65106	16.52480	1.0196
27.65732	16.51742	1.0196
27.66251	16.51071	1.0166
27.66812	16.50467	1.0166
27.67322	16.49890	1.0136
27.67832	16.49313	1.0196
27.68230	16.48736	1.0166
27.68643	16.48220	1.0135
27.69075	16.47764	1.0197
27.69367	16.47341	1.0165
27.69808	16.46912	1.0135
27.70226	16.46470	1.0075
27.70950	16.45914	1.0105
27.72115	16.45050	1.0075
27.73537	16.43898	1.0075
27.75149	16.42672	1.0075
27.76776	16.41595	1.0105
27.78385	16.40698	1.0014
27.79770	16.40069	0.9984
27.80869	16.39675	1.0044
27.81586	16.39501	1.0196
27.82109	16.39447	1.0136
27.82458	16.39434	1.0136
27.82966	16.39481	1.0165
27.83326	16.39501	1.0166
27.83683	16.39541	1.0136
27.84045	16.39614	1.0167
27.84642	16.39695	1.0136
27.85234	16.39782	1.0166
27.85711	16.39882	1.0167
27.86088	16.39989	1.0166
27.86275	16.40089	1.0136
27.86237	16.40183	1.0197
27.85869	16.40263	1.0167
27.85518	16.40350	1.0167
27.85277	16.40417	1.0136
27.85151	16.40477	1.0045
27.85123	16.40517	1.0076
27.85123	16.40558	1.0106
27.85259	16.40571	1.0107
27.85118	16.40604	1.0137
27.85039	16.40638	1.0107
27.84956	16.40638	1.0076
27.85100	16.40671	1.0136
27.85277	16.40665	1.0106
27.85627	16.40691	1.0166
27.86454	16.40698	1.0076
27.87476	16.40745	1.0107
27.88222	16.40778	1.0229
27.88685	16.40812	1.0168
27.88956	16.40832	1.0168
27.88994	16.40872	1.0197
27.98167	16.40905	1.0198
28.03715	16.41347	1.0167
27.99713	16.45009	1.0167
27.98201	16.49803	1.0167
27.95390	16.53293	1.0106
27.95876	16.55388	1.0137
27.95051	16.56571	1.0107
27.95441	16.57203	1.0107
27.95950	16.57129	1.0076
27.95914	16.56773	1.0075
27.96475	16.56665	1.0137
27.97914	16.56410	1.0168
27.99574	16.55926	1.0046
28.01047	16.55456	1.0137
28.03659	16.54723	1.0167
28.07855	16.53904	1.0198
28.10151	16.52272	1.0198
28.14037	16.50802	1.0137
28.16194	16.49957	1.0228
28.16271	16.47911	1.0167
28.17421	16.46484	1.0228
28.14432	16.45968	1.0501
28.28100	16.46088	1.1592
28.68051	16.40116	1.3167
28.80409	16.21343	1.5014
28.95443	16.05519	1.7013
29.08086	15.93599	1.9346
29.15943	15.81950	2.1829
29.21177	15.72760	2.4555
29.25858	15.66010	2.7645
29.28651	15.62391	3.0583
29.26307	15.61377	3.3520
29.29275	15.57861	3.6338
29.32342	15.55628	3.8972
29.31431	15.56314	4.1305
29.30481	15.55876	4.3727
29.29650	15.53213	4.6151
29.32111	15.48917	4.8878
29.31233	15.44893	5.1331
29.34753	15.38047	5.3845
29.32222	15.29173	5.6449
29.40538	15.13762	5.8842
29.38454	14.96339	6.1325
29.45621	14.71275	6.3931
29.61928	14.41445	6.6384
29.79465	14.13192	6.9139
29.92104	13.91935	7.1624
30.01033	13.76570	7.4107
30.07960	13.65759	7.6591
30.13133	13.58535	7.9074
30.16179	13.54031	8.1710
30.17611	13.51227	8.4224
30.18549	13.49286	8.6829
30.18584	13.47741	8.9282
30.18911	13.46338	9.1766
30.18868	13.45120	9.4279
30.19053	13.43896	9.6914
30.18835	13.42679	9.9429
30.16438	13.41315	10.1973
30.12791	13.38361	10.4546
30.14052	13.32313	10.7092
30.10810	13.24966	10.9544
30.06638	13.15516	11.2148
30.15275	13.03604	11.4663
30.23151	12.93391	11.7056
30.25930	12.85451	11.9449
30.30214	12.78156	12.1963
30.31846	12.72359	12.4567
30.33972	12.67389	12.7142
30.36578	12.63334	12.9564
30.38955	12.60563	13.2139
30.37798	12.58695	13.4713
30.36849	12.56371	13.7227
30.38074	12.53647	13.9650
30.39225	12.51321	14.2345
30.40247	12.49338	14.4768
30.38274	12.46829	14.7433
30.40781	12.42988	14.9947
30.44254	12.39569	15.2431
30.45373	12.37061	15.5035
30.44943	12.34339	15.7549
30.47227	12.30809	16.0123
30.49462	12.27700	16.2637
30.50926	12.25312	16.5243
30.51859	12.23450	16.7725
30.51999	12.21910	17.0329
30.52124	12.20252	17.2934
30.52766	12.18451	17.5539
30.50546	12.16236	17.8265
30.51705	12.12469	18.0930
30.49292	12.08012	18.3384
30.51069	12.02194	18.6049
30.55260	11.96279	18.8653
30.56522	11.91783	19.1227
30.59153	11.87763	19.3772
30.60867	11.84448	19.6376
30.62487	11.81824	19.8829
30.63293	11.79767	20.1465
30.62212	11.77727	20.3978
30.62982	11.74363	20.6552
30.64839	11.70157	20.9156
30.67564	11.66202	21.1701
30.69704	11.63111	21.4275
30.71397	11.60706	21.6728
30.72108	11.58818	21.9241
30.72526	11.57042	22.1847
30.73121	11.55301	22.4390
30.72851	11.53579	22.6813
30.73500	11.51496	22.9326
30.73671	11.49128	23.1871
30.74379	11.46681	23.4444
30.74933	11.44171	23.7020
30.75755	11.41150	23.9563
30.77323	11.37295	24.2046
30.80077	11.33195	24.4681
30.85517	11.29859	24.7134
30.88604	11.28299	24.9800
30.89863	11.27986	25.2283
30.90660	11.28044	25.4766
30.92776	11.28061	25.7280
30.93929	11.28485	25.9854
30.93857	11.29047	26.2307
30.92901	11.29273	26.4851
30.91886	11.28902	26.7425
30.92082	11.27928	26.9878
30.92198	11.26763	27.2423
30.92814	11.25506	27.4907
30.92142	11.24319	27.7449
30.92711	11.22651	28.0084
30.90466	11.20626	28.3022
30.89389	11.17382	28.5626
30.85972	11.13228	28.8111
30.80082	11.07758	29.0714
30.91520	11.00420	29.3227
30.92208	10.95693	29.5801
30.88692	10.91609	29.8315
30.88125	10.85959	30.0889
30.92246	10.79544	30.3404
30.90597	10.74398	30.5947
30.87974	10.69064	30.8491
30.91462	10.62832	31.1095
30.94606	10.57338	31.3488
30.99340	10.52966	31.6032
31.04591	10.49473	31.8607
31.13789	10.47220	32.1089
31.10675	10.46993	32.3663
31.05566	10.45717	32.6147
31.05855	10.42094	32.8629
31.08041	10.37943	33.1174
31.11344	10.34368	33.3748
31.11682	10.31739	33.6201
31.10671	10.29214	33.8685
31.11772	10.26324	34.1289
31.12491	10.23493	34.3802
31.13945	10.20934	34.6286
31.15593	10.18816	34.8800
31.13341	10.16958	35.1281
31.12187	10.14178	35.3826
31.14245	10.10186	35.6401
31.16566	10.06014	35.8884
31.16352	10.01986	36.1337
31.19231	9.97554	36.3790
31.21993	9.93702	36.6213
31.24101	9.90738	36.8697
31.25783	9.88670	37.1270
31.26291	9.87380	37.3692
31.25801	9.86285	37.6206
31.26391	9.84460	37.8659
31.30499	9.82128	38.1143
31.33205	9.80594	38.3807
31.32444	9.79824	38.6563
31.27300	9.78470	38.9561
31.24018	9.74838	39.2014
31.24962	9.69714	39.4376
31.27785	9.64613	39.7011
31.29760	9.60174	39.9343
31.26491	9.56072	40.1796
31.28385	9.50624	40.4218
31.30685	9.45266	40.6761
31.32395	9.40738	40.9216
31.34086	9.36695	41.1668
31.36229	9.33279	41.4121
31.36862	9.30449	41.6454
31.37059	9.27291	41.8997
31.39263	9.23877	42.1511
31.41566	9.21054	42.3964
31.43114	9.19209	42.6386
31.45344	9.18189	42.8869
31.47184	9.17893	43.1444
31.54787	9.18282	43.3896
31.47163	9.19177	43.6349
31.46276	9.15814	43.8772
31.48427	9.09655	44.1316
31.53950	9.03534	44.3829
31.56175	8.99360	44.6313
31.54092	8.95747	44.8856
31.50965	8.89876	45.1309
31.59037	8.81871	45.3853
31.64160	8.75619	45.6336
31.62313	8.70737	45.8850
31.64257	8.64963	46.1334
31.61725	8.58862	46.3786
31.64949	8.52166	46.6269
31.68527	8.46306	46.8783
31.69039	8.41993	47.1387
31.68269	8.38228	47.3901
31.70538	8.34342	47.6444
31.69211	8.30686	47.8808
31.72792	8.25383	48.1290
31.71949	8.20177	48.3925
31.72951	8.13979	48.6347
31.77932	8.07219	48.9163
31.81719	8.02122	49.1496
31.84501	7.98644	49.4009
31.85588	7.96356	49.6583
31.86361	7.94228	49.9127
31.86886	7.91661	50.1550
31.88721	7.88835	50.4064
31.90765	7.86509	50.6697
31.92161	7.84933	50.9150
31.92959	7.83931	51.1603
31.93544	7.83146	51.4269
31.94155	7.82377	51.6722
31.94357	7.81630	51.9296
31.95113	7.80453	52.1809
31.95842	7.78535	52.4352
31.97903	7.75893	52.6806
32.00423	7.73252	52.9380
32.02283	7.71258	53.1983
32.03452	7.69234	53.4377
32.04808	7.67189	53.7041
32.06355	7.65299	53.9586
32.07158	7.63615	54.2250
32.08331	7.61810	54.4733
32.09519	7.60107	54.7307
32.11247	7.58699	54.9821
32.11873	7.57635	55.2487
32.12226	7.56544	55.4999
32.15843	7.55169	55.7482
32.18270	7.54416	56.0178
32.18054	7.53679	56.2661
32.17186	7.51690	56.5266
32.21431	7.48350	56.7839
32.25615	7.44719	57.0413
32.30484	7.41799	57.2958
32.36418	7.40214	57.5471
32.37344	7.40188	57.7955
32.37286	7.40697	58.0497
32.37166	7.41222	58.3041
32.37430	7.41663	58.5555
32.37733	7.42098	58.8281
32.37942	7.42282	59.1279
32.37395	7.42177	59.3762
32.37506	7.41710	59.6396
32.37731	7.41164	59.8940
32.38042	7.40592	60.1574
32.38436	7.40078	60.4179
32.38774	7.39674	60.6662
32.38686	7.39427	60.9357
32.38582	7.39154	61.1751
32.38498	7.38735	61.4414
32.37429	7.38006	61.7018
32.38559	7.36601	61.9654
32.39593	7.35337	62.2137
32.40218	7.34394	62.4681
32.39098	7.33551	62.7285
32.38286	7.31985	62.9890
32.39995	7.29556	63.2282
32.41886	7.27269	63.4826
32.43163	7.25633	63.7340
32.43584	7.24509	63.9881
32.43800	7.23463	64.2426
32.44109	7.22204	64.4880
32.44628	7.20757	64.7393
32.45655	7.19170	65.0027
32.47183	7.17714	65.2480
32.48470	7.16582	65.4963
32.49188	7.15820	65.7476
32.49701	7.15335	65.9991
32.50141	7.15002	66.2444
32.50384	7.14767	66.4987
32.50472	7.14501	66.7500
32.50615	7.14162	67.0014
32.50752	7.13750	67.2437
32.51098	7.13260	67.5072
32.51671	7.12494	67.7616
32.52208	7.11504	68.0099
32.53387	7.10561	68.2762
32.53758	7.09952	68.5217
32.53457	7.09415	68.7609
32.53203	7.08645	69.0335
32.51994	7.07635	69.3271
32.52449	7.05990	69.5907
32.54318	7.03868	69.8239
32.56276	7.02074	70.0753
32.58483	7.00941	70.3507
32.58779	7.00463	70.5931
32.58547	7.00042	70.8413
32.58859	6.99554	71.1018
32.58840	6.99081	71.3592
32.59710	6.98483	71.6135
32.60151	6.98042	71.8649
32.60896	6.97788	72.1192
32.61433	6.97746	72.3676
32.60464	6.97819	72.6251
32.60593	6.97409	72.8734
32.60385	6.96635	73.1308
32.60735	6.95664	73.3852
32.60829	6.94746	73.6396
32.60756	6.93967	73.8848
32.59876	6.93060	74.1454
32.59679	6.91794	74.4027
32.60523	6.90311	74.6419
32.61121	6.88752	74.9085
32.61809	6.87063	75.1568
32.64264	6.85054	75.4112
32.66516	6.83304	75.6686
32.68122	6.82176	75.9168
32.69337	6.81649	76.1804
32.70073	6.81524	76.4226
32.70323	6.81612	76.6709
32.71023	6.81742	76.9222
32.71919	6.81819	77.1676
32.71859	6.81783	77.4160
32.72544	6.81602	77.6764
32.73169	6.81405	77.9096
32.73633	6.81276	78.1701
32.73887	6.81106	78.4335
32.74191	6.80847	78.6817
32.75191	6.80619	78.9241
32.75525	6.80444	79.2058
32.75818	6.80159	79.4934
32.76540	6.79715	79.7782
32.77418	6.79239	80.0172
32.78217	6.78846	80.2747
32.78822	6.78453	80.5320
32.79739	6.77880	80.7925
32.80737	6.77409	81.0530
32.81061	6.77130	81.2982
32.81271	6.76898	81.5527
32.80717	6.76515	81.8163
32.80218	6.75751	82.0614
32.79280	6.74749	82.3188
32.78823	6.73360	82.5762
32.78952	6.71569	82.8185
32.79448	6.69727	83.0820
32.79681	6.67871	83.3214
32.80549	6.65938	83.5788
32.81098	6.63934	83.8331
32.83151	6.61483	84.0875
32.85184	6.59245	84.3418
32.87141	6.57455	84.6023
32.88542	6.56123	84.8536
32.89904	6.55280	85.1110
32.90774	6.54725	85.3684
32.91093	6.54381	85.6289
32.91318	6.54134	85.8834
32.90942	6.53898	86.1376
32.91317	6.53574	86.3950
32.91621	6.53276	86.6373
32.91796	6.53117	86.9068
32.92171	6.53004	87.1522
32.92577	6.53004	87.3975
32.92635	6.53076	87.6428
32.93018	6.53178	87.9001
32.93373	6.53281	88.1455
32.93532	6.53415	88.3938
32.93727	6.53569	88.6361
32.93201	6.53625	88.8905
32.93422	6.53384	89.1358
32.93517	6.53055	89.4023
32.93825	6.52562	89.6901
32.94365	6.52038	89.9777
32.94833	6.51612	90.2351
32.95188	6.51304	90.4805
32.95449	6.51093	90.7287
32.95684	6.50944	90.9892
32.95766	6.50847	91.2496
32.95826	6.50780	91.4828
32.95806	6.50708	91.7524
32.96091	6.50616	92.0097
32.96054	6.50534	92.2611
32.96156	6.50416	92.5095
32.96267	6.50323	92.7699
32.96304	6.50272	93.0364
32.96262	6.50231	93.2787
32.96280	6.50200	93.5239
32.96407	6.50164	93.7754
32.96409	6.50149	94.0358
32.96531	6.50118	94.2931
32.96785	6.49943	94.5477
32.97039	6.49753	94.8049
32.97186	6.49589	95.0534
32.97571	6.49466	95.3168
32.98046	6.49286	95.5682
32.98382	6.49035	95.8074
32.98527	6.48835	96.0740
32.98797	6.48665	96.3283
32.98800	6.48563	96.5857
32.99041	6.48445	96.8493
32.99272	6.48373	97.1006
32.99444	6.48291	97.3550
32.99466	6.48255	97.6215
32.99861	6.48209	97.8669
33.00165	6.48162	98.1182
33.00326	6.47839	98.3755
33.00884	6.47249	98.6240
33.01412	6.46582	98.8813
33.01800	6.46023	99.1447
33.02406	6.45536	99.3901
33.03151	6.44890	99.6445
33.03889	6.44152	99.8989
33.04481	6.43598	100.1806
33.04880	6.43245	100.4499
33.05196	6.42942	100.6953
33.05427	6.42691	100.9376
33.05639	6.42517	101.1980
33.05744	6.42409	101.4735
33.05807	6.42333	101.7099
33.05864	6.42261	101.9702
33.05906	6.42240	102.2368
33.05864	6.42235	102.4911
33.06000	6.42204	102.7395
33.06029	6.42184	102.9909
33.06085	6.42148	103.2604
33.06428	6.42107	103.5028
33.06850	6.41953	103.7723
33.07077	6.41779	104.0174
33.07385	6.41600	104.2719
33.07654	6.41446	104.5385
33.07890	6.41262	104.7899
33.08246	6.41026	105.0470
33.08558	6.40801	105.2894
33.08829	6.40616	105.5498
33.08900	6.40509	105.8073
33.08938	6.40371	106.0586
33.09024	6.40161	106.3191
33.09206	6.39889	106.5614
33.09436	6.39602	106.8279
33.09662	6.39357	107.0762
33.09836	6.39157	107.3457
33.09970	6.39014	107.6062
33.10022	6.38911	107.8514
33.10110	6.38809	108.0877
33.10146	6.38722	108.3633
33.10223	6.38630	108.6146
33.10304	6.38527	108.8660
33.10428	6.38430	109.1204
33.10474	6.38333	109.3779
33.10572	6.38220	109.6264
33.10639	6.38067	109.8715
33.10805	6.37882	110.1350
33.10866	6.37770	110.4045
33.10977	6.37606	110.6710
33.11090	6.37442	110.9163
33.11222	6.37258	111.1616
33.11438	6.37058	111.4100
33.11600	6.36915	111.6766
33.11742	6.36792	111.9248
33.11879	6.36710	112.1731
33.11961	6.36613	112.4274
33.12138	6.36455	112.6850
33.12315	6.36260	112.9241
33.12402	6.36122	113.1846
33.12534	6.36009	113.4270
33.12556	6.35902	113.6783
33.12684	6.35795	113.9297
33.12745	6.35682	114.1900
33.12912	6.35534	114.4475
33.13089	6.35375	114.6960
33.13241	6.35242	114.9441
33.13366	6.35094	115.1895
33.13475	6.34976	115.4499
33.13582	6.34889	115.7072
33.13605	6.34853	115.9616
33.13602	6.34843	116.2222
33.13629	6.34838	116.4796
33.13655	6.34828	116.7220
33.13744	6.34695	116.9733
33.13990	6.34465	117.2398
33.14167	6.34234	117.4791
33.14349	6.34035	117.7334
33.14440	6.33892	117.9969
33.14413	6.33800	118.2453
33.14404	6.33687	118.5056
33.14611	6.33534	118.7631
33.14729	6.33437	119.0113
33.14841	6.33381	119.2537
33.14893	6.33350	119.5202
33.14982	6.33340	119.7683
33.14989	6.33335	120.0228
33.14961	6.33350	120.2864
33.14998	6.33335	120.5589
33.14963	6.33319	120.8556
33.15001	6.33304	121.1131
33.14980	6.33299	121.3522
33.14992	6.33289	121.5885
33.14970	6.33299	121.8460
33.14947	6.33273	122.1034
33.15055	6.33258	122.3487
33.15028	6.33273	122.6032
33.14888	6.33253	122.8575
33.14863	6.33202	123.1088
33.14885	6.33130	123.3572
33.14858	6.33074	123.6056
33.14935	6.32982	123.8508
33.14977	6.32854	124.0993
33.15070	6.32747	124.3536
33.15092	6.32675	124.6111
33.15174	6.32614	124.8655
33.15166	6.32573	125.1228
33.15113	6.32506	125.3771
33.15290	6.32348	125.6346
33.15342	6.32174	125.8709
33.15550	6.31990	126.1403
33.15685	6.31832	126.3916
33.15777	6.31724	126.6491
33.15899	6.31658	126.9125
33.15998	6.31617	127.1489
33.16120	6.31586	127.4060
33.16383	6.31540	127.6637
33.16515	6.31443	127.9150
33.16783	6.31300	128.1544
33.17089	6.31116	128.4178
33.17448	6.30886	128.6690
33.17755	6.30666	128.9174
33.18050	6.30472	129.1809
33.18369	6.30334	129.4292
33.18597	6.30196	129.6716
33.18829	6.30089	129.9290
33.19016	6.30028	130.1894
33.19189	6.29946	130.4286
33.19287	6.29890	130.6921
33.19441	6.29839	130.9978
33.19585	6.29757	131.2584
33.19688	6.29675	131.5129
33.19856	6.29563	131.7430
33.19984	6.29491	131.9973
33.20089	6.29435	132.2518
33.20164	6.29354	132.5031
33.20267	6.29308	132.7454
33.20359	6.29236	132.9998
33.20442	6.29211	133.2389
33.20449	6.29190	133.5056
33.20497	6.29180	133.7478
33.20581	6.29139	133.9869
33.20633	6.29108	134.2507
33.20681	6.29083	134.4987
33.20773	6.29047	134.7564
33.20816	6.29027	135.0016
33.20863	6.29001	135.2621
33.20926	6.28960	135.5134
33.20959	6.28950	135.7708
33.21077	6.28924	136.0163
33.21039	6.28914	136.2826
33.21111	6.28899	136.5431
33.21245	6.28879	136.7915
33.21349	6.28853	137.0486
33.21431	6.28827	137.3031
33.21494	6.28787	137.5546
33.21506	6.28761	137.8119
33.21669	6.28725	138.0572
33.21787	6.28664	138.3117
33.21955	6.28587	138.5538
33.22078	6.28521	138.7992
33.22166	6.28455	139.0506
33.22233	6.28409	139.3111
33.22330	6.28383	139.5594
33.22388	6.28368	139.8137
33.22422	6.28358	140.0559
33.22514	6.28358	140.3106
33.22632	6.28368	140.5710
33.22711	6.28353	140.8404
33.22908	6.28301	141.1248
33.23073	6.28240	141.4249
33.23185	6.28184	141.6761
33.23389	6.28107	141.9094
33.23592	6.28067	142.1728
33.23850	6.28077	142.4332
33.24040	6.28056	142.6725
33.24098	6.28056	142.9238
33.24191	6.28021	143.1813
33.24234	6.28000	143.4235
33.24367	6.27995	143.6689
33.24479	6.27975	143.9384
33.24632	6.27929	144.1837
33.24786	6.27888	144.4229
33.24888	6.27842	144.6924
33.25001	6.27786	144.9498
33.25034	6.27740	145.1920
33.25154	6.27704	145.4524
33.25114	6.27704	145.7038
33.25161	6.27678	145.9553
33.25196	6.27673	146.2156
33.25254	6.27673	146.4609
33.25421	6.27633	146.7305
33.25492	6.27597	146.9909
33.25591	6.27541	147.2484
33.25694	6.27530	147.4996
33.25841	6.27474	147.7602
33.25994	6.27413	148.0054
33.26032	6.27362	148.2568
33.26103	6.27306	148.5112
33.26157	6.27280	148.7624
33.26205	6.27255	149.0107
33.26173	6.27239	149.2592
33.26156	6.27244	149.5043
33.26300	6.27250	149.7618
33.26357	6.27229	150.0132
33.26380	6.27193	150.2615
33.26367	6.27158	150.5187
33.26420	6.27163	150.7611
33.26499	6.27147	151.0366
33.26545	6.27122	151.3123
33.26672	6.27086	151.5939
33.26709	6.27071	151.8544
33.26722	6.27045	152.0936
33.26806	6.27020	152.3358
33.26851	6.26989	152.6083
33.26875	6.26959	152.8628
33.26973	6.26918	153.1079
33.27006	6.26908	153.3624
33.27053	6.26882	153.6197
33.27096	6.26862	153.8771
33.27301	6.26826	154.1317
33.27432	6.26780	154.3797
33.27499	6.26698	154.6372
33.27616	6.26637	154.9007
33.27675	6.26601	155.1398
33.27825	6.26550	155.3884
33.28052	6.26499	155.6427
33.28195	6.26397	155.8999
33.28263	6.26315	156.1574
33.28361	6.26275	156.4056
33.28424	6.26234	156.6360
33.28488	6.26198	156.9023
33.28755	6.26157	157.1506
33.28928	6.26076	157.4112
33.29000	6.25989	157.6624
33.29158	6.25922	157.9107
33.29221	6.25882	158.1620
33.29245	6.25831	158.4043
33.29313	6.25805	158.6707
33.29391	6.25785	158.9192
33.29489	6.25744	159.1826
33.29552	6.25703	159.4279
33.29674	6.25672	159.6822
33.29712	6.25621	159.9305
33.29795	6.25596	160.1788
33.29803	6.25575	160.4303
33.29876	6.25560	160.6756
33.29947	6.25540	160.9267
33.30410	6.25499	161.1962
33.30948	6.25330	161.4657
33.31294	6.25106	161.7504
33.31582	6.24907	162.0077
33.31774	6.24733	162.2563
33.31923	6.24642	162.5015
33.32026	6.24560	162.7496
33.32108	6.24499	163.0161
33.32190	6.24437	163.2706
33.32198	6.24417	163.5189
33.32198	6.24397	163.7793
33.32265	6.24402	164.0304
33.32318	6.24371	164.2849
33.32320	6.24356	164.5484
33.32317	6.24346	164.8087
33.32390	6.24330	165.0662
33.32371	6.24315	165.3296
33.32420	6.24310	165.5809
33.32422	6.24295	165.8473
33.32454	6.24284	166.1108
33.32442	6.24284	166.3653
33.32473	6.24290	166.6317
33.32486	6.24284	166.8890
33.32519	6.24274	167.1344
33.32541	6.24238	167.4039
33.32544	6.24223	167.6581
33.32574	6.24223	167.9064
33.32588	6.24223	168.1820
33.32535	6.24228	168.4452
33.32573	6.24213	168.6998
33.32555	6.24218	168.9601
33.32588	6.24208	169.2203
33.32567	6.24223	169.4779
33.32548	6.24223	169.7292
33.32621	6.24208	169.9866
33.32563	6.24218	170.2320
33.32596	6.24208	170.4832
33.32574	6.24218	170.7284
33.32552	6.24228	170.9799
33.32580	6.24223	171.2372
33.32502	6.24254	171.4946
33.32534	6.24244	171.7671
33.32544	6.24254	172.0729
33.32536	6.24249	172.3425
33.32528	6.24244	172.5996
33.32511	6.24249	172.8419
33.32529	6.24254	173.0873
33.32506	6.24264	173.3508
33.32527	6.24259	173.6111
33.32521	6.24259	173.8654
33.32524	6.24244	174.1257
33.32521	6.24269	174.3892
33.32508	6.24269	174.6496
33.32499	6.24259	174.9070
33.32518	6.24269	175.1703
33.32535	6.24274	175.4367
33.32492	6.24269	175.6912
33.32500	6.24284	175.9545
33.32495	6.24269	176.2119
33.32515	6.24279	176.4542
33.32497	6.24284	176.7236
33.32515	6.24290	176.9749
33.32502	6.24290	177.2474
33.32465	6.24300	177.5018
33.32478	6.24290	177.7440
33.32542	6.24290	178.0046
33.32478	6.24300	178.2497
33.32553	6.24290	178.5009
33.32505	6.24290	178.7584
33.32507	6.24290	179.0097
33.32433	6.24295	179.2610
33.32504	6.24290	179.5090
33.32467	6.24315	179.7576
33.32459	6.24310	180.0242
33.32557	6.24310	180.3120
33.32584	6.24295	180.6446
33.32638	6.24259	180.9716
33.32584	6.24264	181.2440
33.32622	6.24249	181.4984
33.32645	6.24249	181.7406
33.32699	6.24218	181.9859
33.32755	6.24218	182.2616
33.32846	6.24182	182.5551
33.32887	6.24162	182.8456
33.32884	6.24152	183.1244
33.32914	6.24136	183.3788
33.32909	6.24136	183.6238
33.32956	6.24111	183.8901
33.32974	6.24116	184.1477
33.32966	6.24111	184.4050
33.32985	6.24101	184.6683
33.32980	6.24106	184.9377
33.33018	6.24091	185.2012
33.33005	6.24091	185.4616
33.33013	6.24106	185.7098
33.33029	6.24091	185.9704
33.33038	6.24091	186.2248
33.33035	6.24080	186.4849
33.33097	6.24075	186.7605
33.33104	6.24055	187.0270
33.33115	6.24045	187.2993
33.33181	6.24029	187.5538
33.33178	6.24019	187.8202
33.33170	6.24014	188.0745
33.33243	6.23999	188.3350
33.33285	6.23978	188.5922
33.33267	6.23983	188.8586
33.33245	6.23994	189.1130
33.33246	6.23978	189.3884
33.33274	6.23973	189.6396
33.33227	6.23973	189.8851
33.33262	6.23953	190.1453
33.33302	6.23943	190.4118
33.33315	6.23953	190.6599
33.33307	6.23948	190.9175
33.33325	6.23953	191.1748
33.33383	6.23937	191.4411
33.33390	6.23932	191.6922
33.33527	6.23886	191.9617
33.33575	6.23861	192.2162
33.33658	6.23835	192.4522
33.33694	6.23800	192.7187
33.33762	6.23774	192.9942
33.34008	6.23723	193.2909
33.34054	6.23662	193.5905
33.34101	6.23601	193.8570
33.34139	6.23586	194.1083
33.34199	6.23555	194.3565
33.34191	6.23550	194.6049
33.34233	6.23529	194.8743
33.34216	6.23535	195.1316
33.34203	6.23535	195.4041
33.34207	6.23540	195.6493
33.34288	6.23529	195.9127
33.34391	6.23519	196.1731
33.34378	6.23483	196.4424
33.34500	6.23453	196.7027
33.34556	6.23432	196.9694
33.34605	6.23392	197.2234
33.34627	6.23392	197.4898
33.34670	6.23371	197.7440
33.34712	6.23351	198.0046
33.34739	6.23346	198.2799
33.34777	6.23330	198.5254
33.34860	6.23305	198.7825
33.34842	6.23274	199.0429
33.34824	6.23279	199.3063
33.34806	6.23285	199.5667
33.34940	6.23279	199.8180
33.35104	6.23249	200.0843
33.35267	6.23177	200.3475
33.35203	6.23121	200.6175
33.35394	6.23101	200.8744
33.35479	6.23065	201.1288
33.35602	6.22999	201.3830
33.35700	6.22958	201.6435
33.35743	6.22902	201.8917
33.35864	6.22866	202.1398
33.35914	6.22846	202.3970
33.35986	6.22795	202.6545
33.36059	6.22780	202.9029
33.36132	6.22729	203.1692
33.36138	6.22708	203.4478
33.36160	6.22693	203.7352
33.36227	6.22703	204.0258
33.36220	6.22698	204.2802
33.36228	6.22678	204.5314
33.36215	6.22678	204.7827
33.36280	6.22678	205.0401
33.36345	6.22662	205.3095
33.36383	6.22647	205.5637
33.36571	6.22622	205.8241
33.36830	6.22560	206.0812
33.37266	6.22469	206.3416
33.37549	6.22310	206.5899
33.37697	6.22183	206.8502
33.37824	6.22076	207.1078
33.37982	6.22010	207.3709
33.38080	6.21954	207.6342
33.38056	6.21908	207.8916
33.38094	6.21892	208.1490
33.38222	6.21857	208.4062
33.38244	6.21821	208.6694
33.38275	6.21790	208.9299
33.38294	6.21780	209.1963
33.38296	6.21765	209.4627
33.38318	6.21765	209.7291
33.38304	6.21765	210.0015
33.38298	6.21765	210.2680
33.38336	6.21750	210.5192
33.38318	6.21755	210.7827
33.38301	6.21760	211.0397
33.38236	6.21770	211.2941
33.38220	6.21780	211.5635
33.38228	6.21795	211.8179
33.38240	6.21806	212.0779
33.38252	6.21780	212.3414
33.38220	6.21801	212.5928
33.38311	6.21795	212.8592
33.38490	6.21785	213.1315
33.38648	6.21683	213.3921
33.38664	6.21617	213.6734
33.38755	6.21581	213.9608
33.38757	6.21551	214.2456
33.38758	6.21551	214.5179
33.38780	6.21551	214.7811
33.38818	6.21535	215.0293
33.38796	6.21546	215.2928
33.38797	6.21546	215.5500
33.38896	6.21525	215.8043
33.38909	6.21500	216.0556
33.38855	6.21505	216.3278
33.38912	6.21505	216.6005
33.38906	6.21505	216.8760
33.38866	6.21490	217.1268
33.38888	6.21490	217.4056
33.38865	6.21500	217.6658
33.38918	6.21505	217.9262
33.38892	6.21490	218.1896
33.38827	6.21500	218.4559
33.38789	6.21525	218.7132
33.38791	6.21546	218.9825
33.38778	6.21546	219.2427
33.38747	6.21571	219.5093
33.38758	6.21576	219.7664
33.38705	6.21581	220.0297
33.38723	6.21586	220.2842
33.38685	6.21612	220.5534
33.38755	6.21607	220.8076
33.38782	6.21602	221.0739
33.38864	6.21576	221.3344
33.38912	6.21551	221.5886
33.38959	6.21525	221.8612
33.38968	6.21525	222.1125
33.38984	6.21510	222.3696
33.39003	6.21515	222.6148
33.39080	6.21495	222.8721
33.39269	6.21469	223.1291
33.39333	6.21398	223.3866
33.39399	6.21347	223.6407
33.39441	6.21326	223.9073
33.39487	6.21301	224.2070
33.39543	6.21265	224.4881
33.39557	6.21245	224.7518
33.39583	6.21235	224.9998
33.39581	6.21224	225.2633
33.39614	6.21214	225.5024
33.39647	6.21204	225.7567
33.39646	6.21199	226.0139
33.39684	6.21184	226.2773
33.39707	6.21184	226.5194
33.39728	6.21184	226.8007
33.39788	6.21168	227.0489
33.39773	6.21148	227.3273
33.39791	6.21153	227.5846
33.39843	6.21158	227.8509
33.39875	6.21148	228.1113
33.39912	6.21112	228.3716
33.39929	6.21102	228.6501
33.40062	6.21097	228.9075
33.40110	6.21072	229.1705
33.40193	6.21046	229.4310
33.40239	6.21021	229.7032
33.40394	6.21000	229.9667
33.40507	6.20944	230.2299
33.40590	6.20919	230.4902
33.40682	6.20883	230.7536
33.40797	6.20868	231.0137
33.40903	6.20847	231.2741
33.40946	6.20827	231.5313
33.40979	6.20817	231.7824
33.41061	6.20791	232.0488
33.41098	6.20776	232.3090
33.41086	6.20776	232.5726
33.41099	6.20786	232.8176
33.41131	6.20776	233.0753
33.41114	6.20781	233.3322
33.41175	6.20771	233.5895
33.41191	6.20791	233.8589
33.41238	6.20766	234.1190
33.41289	6.20771	234.4096
33.41381	6.20771	234.6911
33.41430	6.20750	234.9725
33.41551	6.20750	235.2357
33.41715	6.20750	235.4841
33.41783	6.20740	235.7382
33.41923	6.20735	235.9954
33.41964	6.20730	236.2586
33.42023	6.20715	236.5189
33.42060	6.20735	236.7883
33.42058	6.20725	237.0425
33.42166	6.20710	237.3028
33.42223	6.20710	237.5752
33.42251	6.20704	237.8293
33.42324	6.20689	238.0837
33.42351	6.20684	238.3407
33.42337	6.20679	238.6012
33.42479	6.20679	238.8615
33.42551	6.20664	239.1398
33.42574	6.20664	239.3880
33.42676	6.20653	239.6603
33.42736	6.20659	239.9143
33.42827	6.20653	240.1687
33.42890	6.20648	240.4290
33.42953	6.20643	240.6896
33.42960	6.20659	240.9525
33.43069	6.20628	241.2098
33.43027	6.20643	241.4763
33.43417	6.20628	241.7333
33.43656	6.20587	241.9815
33.43764	6.20521	242.2450
33.43863	6.20465	242.4991
33.43845	6.20429	242.7323
33.43990	6.20419	242.9893
33.44023	6.20373	243.2406
33.44047	6.20378	243.5008
33.44194	6.20353	243.7491
33.44534	6.20317	243.9974
33.44648	6.20266	244.2727
33.44760	6.20210	244.5599
33.44918	6.20149	244.8508
33.44974	6.20108	245.1137
33.44951	6.20083	245.3648
33.44949	6.20072	245.6131
33.44949	6.20067	245.8554
33.44965	6.20067	246.1189
33.44957	6.20062	246.3819
33.44999	6.20042	246.6391
33.45012	6.20052	246.8901
33.44967	6.20057	247.1476
33.45027	6.20047	247.4136
33.44894	6.20062	247.6650
33.44992	6.20057	247.9191
33.45035	6.20072	248.1793
33.45201	6.20062	248.4396
33.45292	6.20037	248.6879
33.45397	6.19996	248.9391
33.45389	6.19991	249.2112
33.45416	6.19965	249.4594
33.45409	6.19981	249.7198
33.45397	6.19981	249.9739
33.45399	6.19965	250.2253
33.45377	6.19976	250.4823
33.45349	6.19971	250.7245
33.45302	6.19991	250.9939
33.45319	6.19996	251.2480
33.45337	6.20001	251.5021
33.45329	6.19996	251.7685
33.45309	6.20011	252.0168
33.45335	6.20001	252.2798
33.45317	6.20006	252.5400
33.45380	6.20001	252.7974
33.45370	6.20006	253.0392
33.45345	6.20011	253.2935
33.45363	6.20016	253.5479
33.45391	6.20011	253.7962
33.45343	6.20011	254.0680
33.45356	6.20021	254.3223
33.45378	6.20021	254.5917
33.45358	6.20027	254.8885
33.45421	6.20021	255.1546
33.45413	6.20016	255.4209
33.45474	6.20006	255.6661
33.45494	6.20016	255.9111
33.45527	6.20006	256.1682
33.45585	6.20006	256.4315
33.45684	6.19986	256.6826
33.45698	6.19981	256.9398
33.45731	6.19971	257.1911
33.45694	6.19960	257.4180
33.45706	6.19976	257.5909
33.45687	6.19971	257.6573
33.45744	6.19971	257.6303
33.45773	6.19981	257.5666
33.45785	6.20006	257.5125
33.45781	6.20047	257.5097
33.45827	6.20078	257.5370
33.45763	6.20134	257.5675
33.45727	6.20169	257.5916
33.45677	6.20185	257.5799
33.45696	6.20174	257.5528
33.45806	6.20164	257.5194
33.45725	6.20215	257.4351
33.45677	6.20236	257.2810
33.45717	6.20241	257.0877
33.45753	6.20251	256.8613
33.45739	6.20276	256.6435
33.45694	6.20297	256.4226
33.45625	6.20307	256.1901
33.45694	6.20292	255.9574
33.45784	6.20276	255.7217
33.45730	6.20307	255.4860
33.45601	6.20343	255.2472
33.45576	6.20343	255.0297
33.45545	6.20322	254.7848
33.45590	6.20317	254.5462
33.45567	6.20317	254.2953
33.45604	6.20327	254.0562
33.45529	6.20343	253.8239
33.45439	6.20353	253.5938
33.45359	6.20353	253.3613
33.45410	6.20348	253.1315
33.45427	6.20343	252.8929
33.45432	6.20343	252.6514
33.45370	6.20353	252.4154
33.45417	6.20353	252.1735
33.45283	6.20358	251.9350
33.45355	6.20368	251.6992
33.45354	6.20373	251.4572
33.45338	6.20373	251.2246
33.45289	6.20363	250.9794
33.45336	6.20363	250.7468
33.45267	6.20373	250.5053
33.45294	6.20358	250.2634
33.45240	6.20353	250.0246
33.45242	6.20327	249.7857
33.45308	6.20307	249.5563
33.45350	6.20312	249.3177
33.45316	6.20322	249.0755
33.45328	6.20322	248.8368
33.45299	6.20292	248.6101
33.45341	6.20297	248.3684
33.45443	6.20312	248.1296
33.45364	6.20332	247.8936
33.45355	6.20353	247.6671
33.45256	6.20358	247.4255
33.45156	6.20378	247.1895
33.45079	6.20383	246.9477
33.45100	6.20373	246.7089
33.45039	6.20368	246.4731
33.45011	6.20373	246.2342
33.45036	6.20353	245.9925
33.44949	6.20353	245.7506
33.44950	6.20363	245.5120
33.44972	6.20353	245.2701
33.44979	6.20358	245.0342
33.44935	6.20378	244.8046
33.44982	6.20378	244.5599
33.44884	6.20383	244.2938
33.44887	6.20394	244.0308
33.44934	6.20394	243.7890
33.44820	6.20414	243.5592
33.44746	6.20429	243.3265
33.44661	6.20419	243.1028
33.44577	6.20409	242.8610
33.44429	6.20450	242.6224
33.44216	6.20506	242.3864
33.44112	6.20552	242.1568
33.43953	6.20582	241.9119
33.43829	6.20648	241.6792
33.43669	6.20659	241.4399
33.43564	6.20720	241.2045
33.43429	6.20761	240.9689
33.43416	6.20786	240.7239
33.43308	6.20801	240.4820
33.43234	6.20817	240.2493
33.43185	6.20842	240.0044
33.43162	6.20878	239.7655
33.42963	6.20913	239.5238
33.42938	6.20929	239.2817
33.42743	6.20939	239.0462
33.42755	6.20939	238.8013
33.42615	6.20949	238.5626
33.42592	6.20949	238.3296
33.42608	6.20944	238.0968
33.42504	6.20954	237.8672
33.42415	6.20949	237.6280
33.42421	6.20954	237.3957
33.42357	6.20959	237.1629
33.42242	6.20995	236.9242
33.42208	6.20985	236.6792
33.42174	6.20995	236.4461
33.42145	6.21000	236.2136
33.42041	6.21010	235.9686
33.42068	6.20995	235.7267
33.42054	6.20985	235.4912
33.42036	6.20980	235.2490
33.41962	6.20995	235.0105
33.41906	6.21000	234.7716
33.41911	6.21000	234.5266
33.41762	6.21021	234.2729
33.41639	6.21015	234.0127
33.41641	6.21026	233.7708
33.41505	6.21026	233.5291
33.41436	6.21036	233.2960
33.41356	6.21021	233.0664
33.41333	6.21021	232.8244
33.41300	6.21031	232.5830
33.41278	6.21036	232.3527
33.41212	6.21036	232.1173
33.41158	6.21031	231.8844
33.41164	6.21036	231.6516
33.41100	6.21041	231.4126
33.41068	6.21036	231.1772
33.41104	6.21026	230.9294
33.41080	6.21026	230.6963
33.41081	6.21036	230.4604
33.40970	6.21046	230.2216
33.40962	6.21066	229.9827
33.40879	6.21056	229.7381
33.40880	6.21066	229.4958
33.40826	6.21061	229.2632
33.40672	6.21087	229.0213
33.40592	6.21087	228.7856
33.40565	6.21112	228.5437
33.40517	6.21138	228.3017
33.40448	6.21184	228.0718
33.40251	6.21209	227.8330
33.40173	6.21230	227.5944
33.40064	6.21245	227.3585
33.40030	6.21255	227.1260
33.39991	6.21270	226.8868
33.39891	6.21291	226.6478
33.39878	6.21301	226.4181
33.39830	6.21326	226.1852
33.39786	6.21347	225.9431
33.39743	6.21367	225.7077
33.39720	6.21388	225.4631
33.39660	6.21403	225.2330
33.39667	6.21408	224.9883
33.39674	6.21413	224.7553
33.39615	6.21449	224.5194
33.39545	6.21454	224.2745
33.39554	6.21464	224.0266
33.39561	6.21469	223.7666
33.39523	6.21484	223.5216
33.39500	6.21484	223.2797
33.39454	6.21500	223.0501
33.39455	6.21510	222.8143
33.39392	6.21515	222.5692
33.39449	6.21505	222.3305
33.39365	6.21530	222.0917
33.39323	6.21520	221.8556
33.39318	6.21530	221.6228
33.39299	6.21561	221.3870
33.39261	6.21576	221.1451
33.39227	6.21586	220.9121
33.39172	6.21597	220.6735
33.39120	6.21612	220.4346
33.39066	6.21643	220.1989
33.39093	6.21663	219.9600
33.39029	6.21668	219.7183
33.39002	6.21693	219.4823
33.38982	6.21704	219.2402
33.38974	6.21724	218.9985
33.38946	6.21729	218.7564
33.38988	6.21734	218.5174
33.38922	6.21734	218.2755
33.38896	6.21744	218.0336
33.38918	6.21734	217.7890
33.38889	6.21739	217.5591
33.38865	6.21739	217.3202
33.38915	6.21729	217.0813
33.38883	6.21744	216.8484
33.38890	6.21750	216.6067
33.38831	6.21750	216.3705
33.38843	6.21750	216.1348
33.38830	6.21739	215.8929
33.38784	6.21755	215.6601
33.38790	6.21760	215.4239
33.38706	6.21785	215.1883
33.38668	6.21801	214.9401
33.38679	6.21816	214.7107
33.38677	6.21816	214.4655
33.38653	6.21816	214.2269
33.38600	6.21811	213.9786
33.38607	6.21816	213.7246
33.38511	6.21841	213.4558
33.38472	6.21872	213.2136
33.38438	6.21882	212.9808
33.38434	6.21897	212.7483
33.38401	6.21908	212.5091
33.38394	6.21913	212.2581
33.38445	6.21887	212.0162
33.38411	6.21897	211.7835
33.38387	6.21897	211.5444
33.38389	6.21908	211.3115
33.38379	6.21923	211.0700
33.38357	6.21928	210.8339
33.38324	6.21938	210.5949
33.38285	6.21954	210.3621
33.38357	6.21964	210.1235
33.38291	6.21964	209.8876
33.38289	6.21984	209.6547
33.38331	6.21989	209.4216
33.38308	6.21989	209.1766
33.38320	6.21989	208.9345
33.38334	6.21979	208.6897
33.38273	6.21989	208.4568
33.38264	6.21974	208.2151
33.38276	6.21974	207.9730
33.38268	6.21959	207.7313
33.38290	6.21984	207.4863
33.38261	6.21989	207.2535
33.38220	6.21999	207.0144
33.38187	6.22010	206.7663
33.38108	6.22030	206.5339
33.38089	6.22040	206.2948
33.38001	6.22056	206.0649
33.37952	6.22081	205.8258
33.37939	6.22107	205.5930
33.37835	6.22152	205.3571
33.37774	6.22183	205.1181
33.37682	6.22224	204.8884
33.37674	6.22244	204.6527
33.37585	6.22275	204.4107
33.37476	6.22290	204.1687
33.37395	6.22321	203.9360
33.37257	6.22351	203.6908
33.37164	6.22387	203.4339
33.37097	6.22433	203.1737
33.36968	6.22469	202.9381
33.36867	6.22504	202.7050
33.36775	6.22545	202.4692
33.36777	6.22555	202.2273
33.36758	6.22586	201.9913
33.36705	6.22616	201.7555
33.36606	6.22657	201.5105
33.36502	6.22667	201.2746
33.36373	6.22703	201.0418
33.36217	6.22759	200.7996
33.36033	6.22815	200.5637
33.35834	6.22887	200.3246
33.35690	6.22938	200.0889
33.35491	6.23009	199.8559
33.35333	6.23075	199.6142
33.35224	6.23162	199.3873
33.35086	6.23228	199.1517
33.34940	6.23290	198.9004
33.34825	6.23346	198.6705
33.34722	6.23392	198.4346
33.34618	6.23438	198.1957
33.33937	6.23463	197.9600
33.34516	6.23494	197.7179
33.34468	6.23519	197.4696
33.34460	6.23540	197.2278
33.34421	6.23555	196.9949
33.34337	6.23580	196.7622
33.34283	6.23591	196.5172
33.34176	6.23626	196.2752
33.34167	6.23647	196.0391
33.34108	6.23682	195.8033
33.34090	6.23713	195.5611
33.34042	6.23723	195.3286
33.34013	6.23744	195.0956
33.33964	6.23769	194.8566
33.33931	6.23779	194.6207
33.33880	6.23800	194.3848
33.33847	6.23810	194.1457
33.33833	6.23800	193.9158
33.33814	6.23795	193.6769
33.33841	6.23779	193.4413
33.33903	6.23764	193.1901
33.33933	6.23754	192.9177
33.33964	6.23764	192.6640
33.33971	6.23769	192.4219
33.33902	6.23815	192.1923
33.33918	6.23810	191.9590
33.33877	6.23800	191.7081
33.33927	6.23790	191.4658
33.33949	6.23779	191.2272
33.33915	6.23790	190.9912
33.33952	6.23764	190.7523
33.33879	6.23779	190.5071
33.33854	6.23795	190.2775
33.33822	6.23790	190.0322
33.33778	6.23810	189.8024
33.33694	6.23835	189.5666
33.33630	6.23876	189.3305
33.33522	6.23912	189.1007
33.33523	6.23937	188.8649
33.33484	6.23953	188.6258
33.33476	6.23973	188.3959
33.33397	6.23994	188.1600
33.33382	6.24014	187.9176
33.33360	6.24019	187.6759
33.33317	6.24040	187.4460
33.33283	6.24050	187.2044
33.33330	6.24050	186.9651
33.33282	6.24075	186.7234
33.33258	6.24075	186.4904
33.33214	6.24096	186.2543
33.33191	6.24096	186.0092
33.33208	6.24091	185.7764
33.33204	6.24106	185.5343
33.33156	6.24131	185.2987
33.33125	6.24131	185.0624
33.33087	6.24147	184.8235
33.33073	6.24172	184.5907
33.33089	6.24167	184.3578
33.33065	6.24182	184.1218
33.33047	6.24198	183.8861
33.33019	6.24203	183.6497
33.33020	6.24213	183.4198
33.33032	6.24213	183.1751
33.32985	6.24223	182.9363
33.32980	6.24218	182.7032
33.32992	6.24218	182.4553
33.32965	6.24223	182.1829
33.32968	6.24233	181.9288
33.32960	6.24238	181.6896
33.32920	6.24233	181.4659
33.32897	6.24233	181.2241
33.32938	6.24203	180.9848
33.32946	6.24208	180.7186
33.32940	6.24193	180.4253
33.32933	6.24208	180.1286
33.32903	6.24223	179.8594
33.32899	6.24238	179.6357
33.32719	6.24254	179.4147
33.32655	6.24259	179.1819
33.32694	6.24238	178.9369
33.32758	6.24249	178.7100
33.32680	6.24269	178.4679
33.32611	6.24315	178.2443
33.32653	6.24320	178.0082
33.32621	6.24335	177.7752
33.32566	6.24361	177.5334
33.32537	6.24366	177.3002
33.32514	6.24366	177.0554
33.32520	6.24371	176.8253
33.32506	6.24376	176.5772
33.32476	6.24361	176.3415
33.32533	6.24351	176.0996
33.32530	6.24366	175.8605
33.32547	6.24361	175.6124
33.32563	6.24356	175.3823
33.32521	6.24361	175.1434
33.32551	6.24356	174.9074
33.32588	6.24366	174.6654
33.32525	6.24371	174.4292
33.32541	6.24366	174.1964
33.32515	6.24361	173.9575
33.32539	6.24356	173.7186
33.32520	6.24351	173.4947
33.32577	6.24341	173.2556
33.32548	6.24346	173.0199
33.32508	6.24356	172.7777
33.32526	6.24356	172.5416
33.32503	6.24356	172.3117
33.32515	6.24356	172.0666
33.32532	6.24351	171.8095
33.32550	6.24346	171.5555
33.32560	6.24341	171.3104
33.32533	6.24351	171.0806
33.32509	6.24351	170.8473
33.32531	6.24341	170.6085
33.32627	6.24325	170.3754
33.32544	6.24351	170.1335
33.32520	6.24351	169.8947
33.32537	6.24346	169.6555
33.32558	6.24335	169.4226
33.32550	6.24320	169.1775
33.32532	6.24315	168.9416
33.32578	6.24315	168.7085
33.32559	6.24310	168.4755
33.32536	6.24310	168.2365
33.32553	6.24305	167.9975
33.32564	6.24305	167.7616
33.32588	6.24300	167.5317
33.32537	6.24320	167.2897
33.32518	6.24315	167.0565
33.32509	6.24300	166.8297
33.32532	6.24290	166.5789
33.32550	6.24290	166.3488
33.32524	6.24284	166.1098
33.32571	6.24284	165.8708
33.32553	6.24279	165.6228
33.32525	6.24284	165.3865
33.32520	6.24279	165.1567
33.32553	6.24279	164.9115
33.32484	6.24290	164.6755
33.32461	6.24290	164.4277
33.32503	6.24295	164.1945
33.32419	6.24320	163.9586
33.32407	6.24330	163.7195
33.32327	6.24366	163.4806
33.32359	6.24381	163.2445
33.32325	6.24392	163.0117
33.32240	6.24412	162.7664
33.32191	6.24437	162.5336
33.32017	6.24483	162.2914
33.31838	6.24534	162.0618
33.31649	6.24596	161.8378
33.31586	6.24672	161.5836
33.31399	6.24718	161.3293
33.31255	6.24784	161.0874
33.30963	6.24871	160.8513
33.30699	6.24973	160.6211
33.30455	6.25091	160.3793
33.30413	6.25182	160.1341
33.30192	6.25269	159.8982
33.30000	6.25341	159.6681
33.29851	6.25397	159.4231
33.29768	6.25494	159.1839
33.29660	6.25545	158.9451
33.29608	6.25580	158.7029
33.29503	6.25621	158.4699
33.29342	6.25683	158.2309
33.29203	6.25728	158.0013
33.29085	6.25790	157.7590
33.28966	6.25851	157.5231
33.28848	6.25912	157.2837
33.28749	6.25953	157.0479
33.28670	6.26009	156.8181
33.28491	6.26060	156.5851
33.28293	6.26132	156.3460
33.28205	6.26218	156.1039
33.28086	6.26295	155.8650
33.27905	6.26341	155.6259
33.27666	6.26417	155.3961
33.27563	6.26499	155.1538
33.27394	6.26576	154.9208
33.27302	6.26632	154.6820
33.27153	6.26703	154.4397
33.27075	6.26760	154.1978
33.27001	6.26811	153.9558
33.26868	6.26851	153.7197
33.26792	6.26897	153.4805
33.26701	6.26938	153.2415
33.26643	6.26974	153.0025
33.26624	6.27005	152.7663
33.26601	6.27040	152.5184
33.26518	6.27066	152.2853
33.26491	6.27112	152.0492
33.26431	6.27142	151.8163
33.26395	6.27147	151.5743
33.26362	6.27158	151.3381
33.26324	6.27173	151.0872
33.26340	6.27183	150.8417
33.26237	6.27214	150.6119
33.26258	6.27204	150.3790
33.26235	6.27204	150.1369
33.26222	6.27193	149.8948
33.26234	6.27193	149.6559
33.26203	6.27193	149.4197
33.26136	6.27209	149.1837
33.26083	6.27239	148.9417
33.26000	6.27265	148.7055
33.25986	6.27290	148.4635
33.25913	6.27306	148.2305
33.25841	6.27326	147.9915
33.25761	6.27341	147.7556
33.25707	6.27372	147.5223
33.25634	6.27387	147.2774
33.25550	6.27413	147.0411
33.25560	6.27428	146.8111
33.25473	6.27444	146.5721
33.25470	6.27459	146.3333
33.25426	6.27479	146.0973
33.25383	6.27500	145.8610
33.25267	6.27515	145.6281
33.25228	6.27530	145.3889
33.25175	6.27561	145.1439
33.25067	6.27576	144.9050
33.25023	6.27597	144.6719
33.24940	6.27622	144.4297
33.24896	6.27643	144.1968
33.24744	6.27689	143.9546
33.24639	6.27714	143.7247
33.24551	6.27745	143.4764
33.24457	6.27781	143.2405
33.24379	6.27801	143.0044
33.24295	6.27827	142.7651
33.24196	6.27867	142.5383
33.24101	6.27898	142.2964
33.23877	6.27924	142.0572
33.23769	6.27939	141.8183
33.23684	6.27929	141.5909
33.23503	6.27954	141.3491
33.23408	6.27985	141.0919
33.23271	6.27995	140.8345
33.23148	6.28026	140.5803
33.23049	6.28067	140.3563
33.22823	6.28123	140.1234
33.22633	6.28164	139.8843
33.22531	6.28194	139.6421
33.22463	6.28204	139.4034
33.22399	6.28245	139.1702
33.22246	6.28271	138.9282
33.22167	6.28291	138.6889
33.22024	6.28342	138.4470
33.21901	6.28373	138.2077
33.21762	6.28419	137.9775
33.21734	6.28460	137.7357
33.21626	6.28511	137.4935
33.21525	6.28547	137.2514
33.21425	6.28582	137.0155
33.21333	6.28623	136.7822
33.21245	6.28654	136.5465
33.21201	6.28674	136.3102
33.21118	6.28700	136.0744
33.21051	6.28715	135.8352
33.20981	6.28756	135.5959
33.20917	6.28797	135.3660
33.20879	6.28812	135.1209
33.20786	6.28848	134.8819
33.20782	6.28863	134.6488
33.20685	6.28889	134.4125
33.20636	6.28894	134.1675
33.20622	6.28919	133.9285
33.20549	6.28935	133.6986
33.20440	6.28950	133.4564
33.20387	6.28981	133.2232
33.20303	6.29006	132.9872
33.20295	6.29027	132.7543
33.20181	6.29083	132.5181
33.20135	6.29098	132.2883
33.20047	6.29129	132.0462
33.20004	6.29185	131.8158
33.19891	6.29226	131.5797
33.19832	6.29277	131.3467
33.19734	6.29318	131.1018
33.19616	6.29379	130.8536
33.19449	6.29420	130.5931
33.19331	6.29481	130.3480
33.19222	6.29532	130.1271
33.18963	6.29594	129.8940
33.18830	6.29634	129.6460
33.18752	6.29691	129.4130
33.18563	6.29752	129.1798
33.18403	6.29813	128.9377
33.18207	6.29890	128.6987
33.17991	6.29972	128.4685
33.17863	6.30079	128.2324
33.17710	6.30176	127.9965
33.17446	6.30278	127.7692
33.17179	6.30421	127.5241
33.16991	6.30554	127.2851
33.16790	6.30672	127.0521
33.16575	6.30789	126.8100
33.16461	6.30881	126.5800
33.16343	6.30942	126.3438
33.16178	6.31009	126.1079
33.16079	6.31086	125.8779
33.15986	6.31157	125.6447
33.15948	6.31208	125.4150
33.15889	6.31280	125.1815
33.15821	6.31361	124.9546
33.15753	6.31443	124.7126
33.15729	6.31515	124.4857
33.15652	6.31607	124.2463
33.15619	6.31689	124.0104
33.15623	6.31775	123.7681
33.15584	6.31862	123.5411
33.15537	6.31959	123.3020
33.15483	6.32062	123.0749
33.15489	6.32154	122.8357
33.15432	6.32246	122.6000
33.15394	6.32333	122.3607
33.15346	6.32394	122.1276
33.15283	6.32471	121.8917
33.15280	6.32522	121.6584
33.15289	6.32568	121.4222
33.15243	6.32619	121.1955
33.15185	6.32690	120.9530
33.15147	6.32741	120.7174
33.15075	6.32793	120.4598
33.15092	6.32823	120.2176
33.14926	6.32874	119.9967
33.14929	6.32869	119.7607
33.14865	6.32874	119.5278
33.14847	6.32869	119.2825
33.14838	6.32854	119.0523
33.14829	6.32874	118.8254
33.14827	6.32874	118.5923
33.14853	6.32874	118.3530
33.14789	6.32880	118.1232
33.14776	6.32905	117.8748
33.14740	6.32910	117.6479
33.14742	6.32920	117.4117
33.14795	6.32956	117.1726
33.14718	6.32997	116.9426
33.14723	6.33018	116.7095
33.14685	6.33069	116.4672
33.14662	6.33140	116.2373
33.14559	6.33258	116.0012
33.14401	6.33396	115.7682
33.14249	6.33549	115.5322
33.14145	6.33682	115.3081
33.13985	6.33815	115.0718
33.13867	6.33948	114.8389
33.13760	6.34071	114.6025
33.13577	6.34199	114.3666
33.13418	6.34301	114.1366
33.13296	6.34403	113.8976
33.13202	6.34511	113.6706
33.13125	6.34603	113.4282
33.13037	6.34741	113.1952
33.12864	6.34894	112.9651
33.12791	6.35017	112.7288
33.12688	6.35170	112.5019
33.12560	6.35314	112.2597
33.12463	6.35462	112.0204
33.12365	6.35610	111.7965
33.12237	6.35718	111.5574
33.12148	6.35820	111.3304
33.12091	6.35928	111.0884
33.12003	6.36030	110.8490
33.11925	6.36122	110.6220
33.11827	6.36235	110.3800
33.11719	6.36321	110.1408
33.11631	6.36424	109.9077
33.11578	6.36526	109.6745
33.11495	6.36623	109.4415
33.11397	6.36736	109.2082
33.11314	6.36833	108.9662
33.11231	6.36930	108.7363
33.11193	6.37017	108.5001
33.11128	6.37125	108.2671
33.11017	6.37222	108.0368
33.10996	6.37299	107.8010
33.10898	6.37411	107.5675
33.10800	6.37524	107.3315
33.10672	6.37703	107.0956
33.10511	6.37939	106.8624
33.10268	6.38179	106.6323
33.10080	6.38384	106.3931
33.09873	6.38609	106.1661
33.09686	6.38814	105.9299
33.09528	6.38988	105.6970
33.09331	6.39152	105.4609
33.09146	6.39290	105.2218
33.08933	6.39449	104.9977
33.08755	6.39608	104.7614
33.08478	6.39761	104.5343
33.08265	6.39920	104.2983
33.07992	6.40084	104.0622
33.07711	6.40263	103.8290
33.07463	6.40422	103.5959
33.07181	6.40581	103.3628
33.07013	6.40729	103.1267
33.06791	6.40862	102.8936
33.06557	6.40985	102.6603
33.06465	6.41077	102.4334
33.06337	6.41149	102.1882
33.06224	6.41205	101.9611
33.06103	6.41262	101.7280
33.06055	6.41323	101.4949
33.05997	6.41359	101.2619
33.05967	6.41395	101.0255
33.05930	6.41415	100.7926
33.05832	6.41456	100.5534
33.05789	6.41477	100.3173
33.05681	6.41528	100.0752
33.05608	6.41579	99.8390
33.05424	6.41687	99.6090
33.05183	6.41861	99.3787
33.04841	6.42082	99.1457
33.04634	6.42343	98.9093
33.04377	6.42548	98.6704
33.04110	6.42763	98.4435
33.03861	6.43024	98.2102
33.03646	6.43265	97.9771
33.03440	6.43527	97.7410
33.03267	6.43788	97.5140
33.02976	6.44101	97.2805
33.02580	6.44449	97.0446
33.02030	6.44885	96.8113
33.01488	6.45321	96.5783
33.01005	6.45680	96.3451
33.00605	6.46034	96.1031
33.00228	6.46326	95.8792
32.99935	6.46562	95.6398
32.99589	6.46788	95.4098
32.99339	6.46957	95.1827
32.99155	6.47116	94.9434
32.98952	6.47265	94.7134
32.98700	6.47429	94.4864
32.98453	6.47588	94.2501
32.98172	6.47747	94.0050
32.97900	6.47896	93.7748
32.97713	6.48065	93.5420
32.97476	6.48250	93.3086
32.97264	6.48409	93.0755
32.97161	6.48563	92.8454
32.97109	6.48737	92.6061
32.97131	6.48942	92.3731
32.96955	6.49194	92.1429
32.96758	6.49425	91.9098
32.96680	6.49625	91.6735
32.96504	6.49856	91.4346
32.96252	6.50092	91.2042
32.96001	6.50292	90.9683
32.95756	6.50405	90.7442
32.95621	6.50457	90.5049
32.95423	6.50493	90.2719
32.95276	6.50513	90.0326
32.95179	6.50482	89.7694
32.95045	6.50446	89.4999
32.95002	6.50395	89.2666
32.94837	6.50375	89.0457
32.94720	6.50385	88.8065
32.94648	6.50472	88.5703
32.94559	6.50575	88.3463
32.94442	6.50708	88.1070
32.94335	6.50903	87.8710
32.94157	6.51078	87.6437
32.93936	6.51232	87.4105
32.93620	6.51391	87.1744
32.93199	6.51514	86.9445
32.92654	6.51586	86.7083
32.92568	6.51535	86.4811
32.92355	6.51478	86.2390
32.92267	6.51437	86.0059
32.91970	6.51396	85.7755
32.91812	6.51355	85.5425
32.91783	6.51324	85.3003
32.91646	6.51335	85.0670
32.91488	6.51437	84.8340
32.91276	6.51561	84.5979
32.91034	6.51694	84.3616
32.90797	6.51858	84.1256
32.90535	6.52105	83.8982
32.90096	6.52464	83.6561
32.89712	6.52947	83.4289
32.89465	6.53548	83.1899
32.89147	6.54396	82.9627
32.88722	6.55486	82.7266
32.88214	6.56771	82.4903
32.88066	6.58093	82.2634
32.87713	6.59600	82.0302
32.87225	6.61174	81.8000
32.86851	6.62740	81.5670
32.86763	6.64398	81.3337
32.85786	6.66165	81.1006
32.85216	6.67747	80.8643
32.84247	6.69248	80.6312
32.83374	6.70496	80.3950
32.82526	6.71647	80.1589
32.81499	6.72658	79.9286
32.80700	6.73505	79.6956
32.79897	6.74212	79.4354
32.79276	6.74801	79.1929
32.78665	6.75307	78.9688
32.78054	6.75849	78.7357
32.77482	6.76474	78.4997
32.76961	6.77017	78.2664
32.76350	6.77451	78.0301
32.75818	6.77838	77.7938
32.75309	6.78122	77.5610
32.74747	6.78360	77.3278
32.74318	6.78546	77.1007
32.73785	6.78696	76.8616
32.73628	6.78799	76.6251
32.73126	6.78903	76.3920
32.72708	6.79027	76.1617
32.72050	6.79141	75.9258
32.71482	6.79270	75.6926
32.70779	6.79409	75.4624
32.70107	6.79503	75.2292
32.69238	6.79513	74.9992
32.68622	6.79482	74.7598
32.68268	6.79466	74.5327
32.67907	6.79487	74.3026
32.67572	6.79611	74.0664
32.67294	6.79864	73.8302
32.67254	6.80469	73.6000
32.66394	6.81493	73.3668
32.66249	6.82456	73.1336
32.65473	6.83573	72.9005
32.65089	6.84614	72.6674
32.64762	6.85623	72.4280
32.64357	6.86685	72.1921
32.63897	6.87762	71.9618
32.63408	6.88803	71.7317
32.63262	6.89767	71.5014
32.63158	6.90804	71.2716
32.62564	6.91913	71.0353
32.61878	6.92837	70.8051
32.61614	6.93490	70.5688
32.61542	6.94123	70.3298
32.61130	6.94715	70.0995
32.61064	6.95239	69.8663
32.61139	6.95789	69.6362
32.60916	6.96407	69.3848
32.60583	6.97024	69.1398
32.59601	6.97637	68.9062
32.58864	6.98058	68.6610
32.58756	6.98509	68.4280
32.58734	6.99278	68.1978
32.57944	7.00234	67.9646
32.57340	7.01102	67.7343
32.56984	7.02043	67.5042
32.56222	7.03187	67.2771
32.55455	7.04258	67.0410
32.54673	7.05329	66.8077
32.53766	7.06412	66.5746
32.52986	7.07322	66.3324
32.52437	7.08062	66.1022
32.51851	7.08723	65.8721
32.51373	7.09285	65.6387
32.51045	7.09754	65.4026
32.50747	7.10228	65.1695
32.50465	7.10728	64.9393
32.50033	7.11343	64.7092
32.49618	7.11999	64.4760
32.49166	7.12760	64.2396
32.48656	7.13531	64.0067
32.48232	7.14293	63.7643
32.47771	7.15158	63.5370
32.47287	7.16071	63.2948
32.46812	7.17010	63.0616
32.46336	7.18001	62.8285
32.45881	7.19014	62.6014
32.45533	7.20058	62.3650
32.44744	7.21165	62.1289
32.44568	7.22100	61.9016
32.44397	7.23066	61.6624
32.44302	7.24169	61.4325
32.43709	7.25439	61.2053
32.43639	7.26663	60.9660
32.43334	7.28049	60.7297
32.42812	7.29514	60.4995
32.42154	7.31000	60.2633
32.41281	7.32425	60.0391
32.40393	7.33676	59.8000
32.39805	7.34703	59.5666
32.39222	7.35652	59.3307
32.38361	7.36511	59.0884
32.37466	7.37298	58.8520
32.36861	7.37848	58.6187
32.36249	7.38252	58.3858
32.35688	7.38609	58.1555
32.35191	7.38824	57.9194
32.34733	7.38918	57.6801
32.33715	7.38882	57.4468
32.32820	7.38656	57.2136
32.31900	7.38236	56.9863
32.31487	7.37728	56.7472
32.30529	7.37371	56.5140
32.29974	7.37277	56.2838
32.29819	7.37455	56.0445
32.29166	7.38058	55.8113
32.27302	7.39186	55.5842
32.24972	7.40524	55.3509
32.22965	7.41736	55.1209
32.21708	7.42975	54.8906
32.20411	7.44398	54.6574
32.18924	7.45785	54.4242
32.17550	7.47204	54.1911
32.16206	7.48739	53.9639
32.15005	7.50275	53.7246
32.13835	7.51711	53.4853
32.12900	7.53084	53.2521
32.12034	7.54479	53.0158
32.10803	7.56007	52.7796
32.09756	7.57445	52.5436
32.08630	7.58873	52.3194
32.07586	7.60339	52.0831
32.06093	7.62190	51.8468
32.04726	7.64016	51.6106
32.03297	7.65916	51.3804
32.01611	7.67908	51.1501
32.00267	7.69609	50.9167
31.98871	7.71279	50.6806
31.97721	7.72654	50.4474
31.97325	7.73765	50.2202
31.96899	7.75093	49.9901
31.96160	7.76565	49.7599
31.94961	7.77936	49.5177
31.94044	7.79096	49.2843
31.93267	7.80214	49.0481
31.92698	7.81370	48.8119
31.92847	7.82637	48.5817
31.93831	7.84419	48.3454
31.93311	7.87226	48.1151
31.92991	7.90704	47.8760
31.91034	7.95058	47.6489
31.88737	7.99406	47.4096
31.87406	8.03374	47.1733
31.85916	8.07262	46.9432
31.83089	8.10944	46.7068
31.82402	8.13717	46.4796
31.85103	8.16357	46.2434
31.86314	8.20225	46.0163
31.86687	8.25141	45.7829
31.82211	8.30477	45.5558
31.82198	8.35057	45.3256
31.84149	8.40411	45.0924
31.81321	8.47572	44.8561
31.79053	8.54465	44.6261
31.74858	8.60949	44.3958
31.71318	8.66257	44.1625
31.69247	8.70065	43.9262
31.70559	8.73508	43.7022
31.68854	8.77954	43.4597
31.66090	8.82279	43.2265
31.66585	8.85847	42.9933
31.66082	8.90148	42.7571
31.64051	8.94961	42.5268
31.58279	8.99535	42.2876
31.54022	9.02670	42.0542
31.52645	9.04245	41.8150
31.50406	9.05190	41.5908
31.48886	9.06164	41.3545
31.47158	9.06952	41.1123
31.46248	9.07384	40.8852
31.46817	9.07745	40.6608
31.46763	9.08604	40.4216
31.46217	9.09694	40.1945
31.46381	9.11123	39.9611
31.48075	9.13237	39.7219
31.47928	9.16642	39.4948
31.47862	9.20862	39.2586
31.47680	9.25553	39.0343
31.46847	9.30867	38.7798
31.44765	9.36216	38.5435
31.46594	9.40910	38.3104
31.48200	9.46687	38.0710
31.42830	9.53148	37.8316
31.40291	9.57806	37.5984
31.38505	9.61333	37.3651
31.37506	9.64258	37.1289
31.35289	9.66885	36.8926
31.34014	9.68725	36.6626
31.33440	9.70109	36.4292
31.32966	9.71700	36.1990
31.31824	9.73536	35.9657
31.30622	9.75228	35.7264
31.29619	9.76609	35.4931
31.29102	9.77729	35.2659
31.28851	9.78871	35.0419
31.29389	9.80192	34.8115
31.29901	9.82072	34.5814
31.28322	9.84834	34.3450
31.27647	9.87508	34.1210
31.26358	9.90207	33.8906
31.25360	9.92645	33.6604
31.27090	9.95079	33.4211
31.27311	9.98831	33.1850
31.23619	10.03046	32.9515
31.23162	10.06637	32.7184
31.21601	10.10338	32.4821
31.22304	10.13616	32.2489
31.22402	10.17453	32.0097
31.19109	10.21925	31.7822
31.16148	10.25675	31.5460
31.13655	10.28734	31.3098
31.11959	10.31615	31.0733
31.10747	10.34447	30.8400
31.10085	10.37558	30.6129
31.09042	10.40899	30.3858
31.08938	10.44220	30.1433
31.08845	10.47923	29.9163
31.07094	10.52023	29.6829
31.06745	10.55865	29.4498
31.05561	10.59819	29.2223
31.03882	10.63596	28.9951
31.03107	10.66930	28.7590
31.02213	10.70251	28.5134
31.01115	10.73289	28.2621
31.03474	10.76078	28.0257
31.06394	10.79825	27.7774
31.08776	10.85197	27.5471
31.04227	10.91850	27.3077
31.01376	10.96808	27.0714
31.00844	11.00351	26.8383
31.00025	11.03748	26.6051
30.99223	11.06842	26.3625
30.97838	11.09667	26.1323
30.96965	11.12096	25.8960
30.95502	11.14296	25.6657
30.93146	11.16151	25.4325
30.90479	11.17370	25.1991
30.88925	11.17994	24.9658
30.88534	11.18480	24.7357
30.88183	11.19203	24.5025
30.87095	11.20377	24.2721
30.86091	11.21985	24.0388
30.85378	11.23676	23.8054
30.84963	11.25807	23.5754
30.82786	11.28340	23.3450
30.82737	11.30253	23.1147
30.81814	11.32499	22.8815
30.80746	11.34844	22.6452
30.80126	11.37255	22.4089
30.79187	11.39568	22.1725
30.78335	11.41732	21.9454
30.77218	11.43839	21.7089
30.76175	11.45685	21.4728
30.75358	11.47228	21.2363
30.74947	11.48714	20.9999
30.74101	11.50394	20.7607
30.73670	11.52009	20.5274
30.72960	11.53789	20.2910
30.72536	11.55698	20.0579
30.71985	11.57860	19.8244
30.70981	11.60215	19.5881
30.69572	11.62736	19.3579
30.69449	11.65001	19.1277
30.69175	11.67766	18.9004
30.66461	11.70919	18.6578
30.65408	11.73037	18.4275
30.65303	11.74920	18.1974
30.65790	11.77105	17.9550
30.65586	11.79925	17.7157
30.65305	11.83148	17.4764
30.64344	11.86721	17.2489
30.62212	11.90421	17.0007
30.62646	11.93600	16.7703
30.61277	11.97448	16.5432
30.59620	12.01272	16.3007
30.57824	12.04596	16.0645
30.56771	12.07331	15.8281
30.56143	12.09866	15.5978
30.54907	12.12457	15.3584
30.54215	12.14883	15.1281
30.52883	12.17329	14.8948
30.51460	12.19426	14.6555
30.50447	12.21066	14.4312
30.50201	12.22629	14.1977
30.49455	12.24414	13.9614
30.49483	12.26300	13.7223
30.49167	12.28694	13.4887
30.48899	12.31483	13.2555
30.46653	12.34608	13.0192
30.46005	12.36911	12.7920
30.45905	12.39193	12.5465
30.45614	12.41870	12.3132
30.44988	12.44686	12.0827
30.43963	12.47428	11.8587
30.43251	12.49889	11.6312
30.43049	12.52268	11.3920
30.41433	12.54787	11.1585
30.41471	12.57554	10.9224
30.44248	12.61446	10.6890
30.42718	12.67287	10.4496
30.42098	12.73360	10.2162
30.40038	12.80222	9.9799
30.38825	12.87321	9.7497
30.36378	12.94519	9.5102
30.34548	13.01440	9.2829
30.33223	13.08155	9.0527
30.29342	13.14589	8.8134
30.27384	13.19587	8.5920
30.26585	13.23682	8.3556
30.26678	13.27829	8.1253
30.26514	13.32576	7.8890
30.24830	13.37949	7.6555
30.23084	13.43398	7.4254
30.21866	13.48917	7.1921
30.23128	13.55530	6.9526
30.24667	13.65178	6.7191
30.20173	13.79556	6.5101
30.14467	13.96269	6.2739
30.08451	14.14113	6.0435
29.98176	14.32716	5.8040
29.90387	14.49263	5.5554
29.82694	14.63522	5.3192
29.77520	14.75771	5.0887
29.72784	14.87569	4.8465
29.66240	14.99003	4.6133
29.60402	15.08580	4.3797
29.55984	15.15775	4.1526
29.53595	15.21220	3.9161
29.51031	15.25974	3.6858
29.49256	15.30125	3.4524
29.47030	15.33957	3.2190
29.45555	15.37443	2.9888
29.44653	15.41082	2.7614
29.43016	15.45310	2.5403
29.40934	15.49608	2.3007
29.38522	15.53624	2.0674
29.36761	15.56653	1.8432
29.35820	15.58900	1.6128
29.33895	15.60894	1.3796
29.31634	15.62352	1.1582
29.29551	15.63752	0.9370
29.23104	15.65270	0.7550
29.00915	15.68401	0.5854
28.73292	15.77204	0.4127
28.49712	15.91534	0.2491
28.29888	16.06075	0.1279
16.74296	16.16596	0.1158
3.15546	16.20545	0.1156
1.70752	16.20213	0.1095
3.46043	16.16895	0.1156
21.52284	16.12878	0.1095
20.22320	16.09435	0.1123
18.17154	16.00906	0.1124
24.75513	15.91085	0.1124
10.05096	15.84793	0.1030
2.06098	15.80819	0.1093
2.79218	15.76049	0.1091
4.07186	15.71783	0.1063
4.22220	15.69423	0.1090
3.77332	15.68021	0.1060
3.37040	15.66318	0.1121
2.93484	15.60586	0.1118
2.72584	15.54597	0.1090
2.72379	15.51016	0.1058
2.50505	15.48872	0.1120
2.24532	15.46227	0.1059
1.95965	15.42453	0.1088
1.73768	15.38762	0.1087
