Scan Count	Temperature [ITS-90, deg C]	Conductivity [S/m]	Pressure, Strain Gauge [db]	Depth [salt water, m]	Oxygen Saturation, Weiss [ml/l]	Salinity, Practical [PSU]
1	13.50417	0.0006661	-0.2377	-0.2364	7.282088	0.00931
2	13.49314	0.0006630	-0.2407	-0.2394	7.283873	0.00929
3	13.47492	0.0006630	-0.2438	-0.2424	7.286824	0.00928
4	13.46348	0.0006630	-0.2468	-0.2455	7.288679	0.00928
5	13.48268	0.0006815	-0.2407	-0.2393	7.285564	0.00937
6	13.53535	0.0007802	-0.2408	-0.2395	7.277021	0.00986
7	13.59606	0.0008234	-0.2407	-0.2394	7.267210	0.01009
8	13.65446	0.0008326	-0.2376	-0.2363	7.257801	0.01015
9	13.70330	0.0008450	-0.2407	-0.2394	7.249949	0.01023
10	13.75096	0.0008480	-0.2437	-0.2424	7.242302	0.01026
11	13.79962	0.0008450	-0.2438	-0.2424	7.234512	0.01026
12	13.84392	0.0008419	-0.2468	-0.2454	7.227430	0.01026
13	13.88580	0.0008234	-0.2407	-0.2394	7.220753	0.01019
14	13.92510	0.0008203	-0.2377	-0.2364	7.214492	0.01019
15	13.95939	0.0008049	-0.2407	-0.2393	7.209039	0.01012
16	13.98766	0.0007956	-0.2437	-0.2424	7.204549	0.01009
17	14.00871	0.0007771	-0.2437	-0.2424	7.201212	0.01001
18	14.02477	0.0007710	-0.2376	-0.2363	7.198666	0.00999
19	14.03952	0.0007555	-0.2468	-0.2454	7.196330	0.00992
20	14.04965	0.0007617	-0.2406	-0.2393	7.194724	0.00995
21	14.04659	0.0007401	-0.2377	-0.2364	7.195214	0.00985
22	14.03783	0.0007340	-0.2407	-0.2393	7.196602	0.00982
23	14.02708	0.0007247	-0.2437	-0.2423	7.198309	0.00977
24	13.99872	0.0007340	-0.2346	-0.2333	7.202807	0.00981
25	13.96532	0.0007154	-0.2376	-0.2363	7.208116	0.00971
26	13.93164	0.0007093	-0.2406	-0.2393	7.213473	0.00967
27	13.90236	0.0007062	-0.2406	-0.2393	7.218137	0.00964
28	13.87727	0.0006969	-0.2406	-0.2393	7.222139	0.00959
29	13.85512	0.0006939	-0.2406	-0.2393	7.225674	0.00957
30	13.84299	0.0006908	-0.2407	-0.2393	7.227611	0.00955
31	13.83099	0.0006846	-0.2406	-0.2393	7.229529	0.00952
32	13.82813	0.0006908	-0.2406	-0.2392	7.229985	0.00954
33	13.81732	0.0006815	-0.2406	-0.2392	7.231715	0.00950
34	13.79626	0.0006784	-0.2406	-0.2392	7.235083	0.00947
35	13.78813	0.0006815	-0.2405	-0.2392	7.236384	0.00949
36	13.78651	0.0006784	-0.2406	-0.2393	7.236643	0.00947
37	13.78267	0.0006969	-0.2466	-0.2453	7.237256	0.00956
38	13.77751	0.0007247	-0.2375	-0.2362	7.238075	0.00968
39	13.77714	0.0007401	-0.2466	-0.2453	7.238131	0.00976
40	13.79372	0.0007710	-0.2436	-0.2422	7.235471	0.00991
41	13.81608	0.0007740	-0.2405	-0.2392	7.231894	0.00993
42	13.84890	0.0007956	-0.2406	-0.2392	7.226646	0.01004
43	13.86955	0.0007771	-0.2405	-0.2392	7.223353	0.00996
44	13.85537	0.0007895	-0.2345	-0.2332	7.225615	0.01002
45	13.83087	0.0007771	-0.2435	-0.2422	7.229530	0.00995
46	13.81552	0.0007802	-0.2375	-0.2362	7.231982	0.00996
47	13.78881	0.3475261	-0.1979	-0.1968	7.131458	2.37122
48	13.38365	0.6903539	-0.1643	-0.1634	7.080109	4.98152
49	12.93221	1.5625493	-0.1339	-0.1332	6.838962	12.16251
50	12.62733	1.5716118	-0.1248	-0.1241	6.877354	12.33779
51	12.44305	1.5807578	-0.1157	-0.1150	6.899360	12.47643
52	12.32016	1.5982443	-0.1096	-0.1090	6.909855	12.66758
53	12.23471	1.5999887	-0.1005	-0.0999	6.921028	12.71141
54	12.19030	1.5916125	-0.1127	-0.1120	6.930317	12.65409
55	12.16221	1.5870897	-0.1156	-0.1150	6.935914	12.62447
56	12.13261	1.5924249	-0.1065	-0.1059	6.938034	12.68055
57	12.10296	2.2559132	-0.0943	-0.0938	6.692388	18.54921
58	12.06914	3.2107659	-0.0608	-0.0605	6.337859	27.36818
59	12.02268	3.2458421	-0.0425	-0.0423	6.329714	27.73347
60	11.98119	3.2568446	-0.0183	-0.0182	6.330022	27.86841
61	11.97470	3.2710157	0.0487	0.0484	6.325399	28.00746
62	11.98054	3.2895344	0.1583	0.1574	6.317833	28.17854
63	11.97186	3.2985855	0.2405	0.2392	6.315360	28.27091
64	11.95297	3.3051960	0.3135	0.3118	6.314882	28.34795
65	11.93833	3.3127697	0.3805	0.3784	6.313587	28.43099
66	11.92595	3.3179214	0.4627	0.4601	6.312963	28.48938
67	11.91557	3.3254621	0.5600	0.5570	6.311226	28.56899
68	11.91150	3.3294845	0.6696	0.6659	6.310144	28.61034
69	11.91097	3.2920565	0.7488	0.7447	6.324281	28.25486
70	11.91439	3.3103940	0.8340	0.8294	6.317021	28.42649
71	11.94813	3.3134884	0.8461	0.8415	6.312288	28.43019
72	12.04522	3.3152779	0.8430	0.8384	6.301366	28.37334
73	12.11553	3.3166140	0.8280	0.8234	6.293460	28.33269
74	12.15117	3.3198872	0.8279	0.8233	6.288493	28.33665
75	12.13587	3.3266089	0.8248	0.8203	6.287603	28.41180
76	12.09075	3.3350739	0.8279	0.8233	6.289189	28.52624
77	12.05262	3.3404226	0.8340	0.8294	6.291197	28.60606
78	12.02540	3.3436613	0.8432	0.8386	6.292844	28.65763
79	12.00264	3.3459709	0.8492	0.8446	6.294370	28.69704
80	11.98161	3.3501232	0.8645	0.8598	6.295023	28.75267
81	11.96513	3.3536568	0.8706	0.8659	6.295428	28.79897
82	11.95433	3.3561400	0.8554	0.8507	6.295630	28.83094
83	11.94648	3.3545944	0.8311	0.8265	6.297033	28.82230
84	11.93639	3.3564506	0.8158	0.8113	6.297395	28.84777
85	11.92612	3.3575215	0.8098	0.8053	6.298070	28.86591
86	11.92082	3.3579080	0.8219	0.8174	6.298482	28.87370
87	11.92111	3.3598536	0.8371	0.8325	6.297720	28.89200
88	11.92435	3.3623321	0.8432	0.8386	6.296449	28.91309
89	11.93255	3.3649127	0.8494	0.8447	6.294620	28.93131
90	11.94435	3.3677097	0.8584	0.8537	6.292335	28.94880
91	11.94902	3.3628771	0.8524	0.8478	6.293660	28.89917
92	11.94335	3.3620403	0.8494	0.8447	6.294567	28.89559
93	11.93379	3.3643356	0.8373	0.8327	6.294707	28.92486
94	11.92565	3.3650650	0.8311	0.8265	6.295286	28.93812
95	11.91887	3.3639426	0.8220	0.8175	6.296418	28.93270
96	11.91362	3.3631374	0.8251	0.8206	6.297271	28.92909
97	11.91073	3.3631374	0.8281	0.8236	6.297574	28.93133
98	11.91138	3.3644627	0.8495	0.8448	6.297008	28.94345
99	11.91686	3.3662067	0.8616	0.8569	6.295779	28.95581
100	11.92978	3.3686298	0.8647	0.8600	6.293515	28.96887
101	11.94388	3.3703174	0.8556	0.8509	6.291406	28.97400
102	11.94483	3.3661747	0.8494	0.8448	6.292861	28.93382
103	11.93692	3.3662382	0.8404	0.8358	6.293665	28.94056
104	11.92783	3.3665110	0.8343	0.8297	6.294514	28.95021
105	11.92070	3.3655597	0.8251	0.8206	6.295619	28.94668
106	11.91515	3.3652680	0.8312	0.8267	6.296310	28.94820
107	11.91415	3.3664224	0.8434	0.8388	6.295981	28.95998
108	11.91881	3.3680526	0.8496	0.8449	6.294881	28.97189
109	11.93420	3.3689216	0.8556	0.8509	6.292942	28.96822
110	11.95203	3.3718912	0.8526	0.8479	6.289963	28.98266
111	11.95628	3.3734589	0.8495	0.8449	6.288931	28.99429
112	11.95061	3.3701523	0.8434	0.8388	6.290763	28.96721
113	11.94075	3.3687248	0.8375	0.8329	6.292330	28.96126
114	11.93190	3.3677606	0.8252	0.8207	6.293619	28.95895
115	11.92500	3.3669170	0.8253	0.8208	6.294658	28.95627
116	11.91987	3.3666316	0.8314	0.8268	6.295303	28.95754
117	11.91769	3.3677925	0.8375	0.8329	6.295096	28.97029
118	11.92135	3.3694420	0.8527	0.8480	6.294093	28.98316
119	11.93420	3.3716121	0.8558	0.8511	6.291932	28.99385
120	11.94843	3.3736177	0.8557	0.8510	6.289692	29.00190
121	11.95846	3.3755667	0.8497	0.8450	6.287912	29.01266
122	11.96525	3.3770906	0.8437	0.8390	6.286632	29.02190
123	11.96714	3.3743539	0.8436	0.8390	6.287460	28.99437
124	11.96182	3.3734589	0.8496	0.8450	6.288351	28.98998
125	11.95610	3.3775798	0.8496	0.8450	6.287404	29.03367
126	11.95757	3.3785134	0.8558	0.8511	6.286900	29.04141
127	11.95899	3.3780306	0.8315	0.8269	6.286933	29.03572
128	11.96613	3.3791040	0.8224	0.8179	6.285784	29.04039
129	11.97493	3.3739221	0.8224	0.8179	6.286806	28.98422
130	11.97293	3.3739412	0.8346	0.8300	6.287009	28.98595
131	11.97546	3.3763412	0.8498	0.8451	6.285845	29.00682
132	11.98285	3.3792245	0.8621	0.8573	6.283995	29.02852
133	11.99490	3.3817656	0.8712	0.8664	6.281786	29.04333
134	12.06126	3.3823813	0.8681	0.8634	6.274640	28.99763
135	12.14133	3.3806712	0.8437	0.8391	6.266944	28.91943
136	12.17718	3.3769232	0.8133	0.8089	6.264607	28.85628
137	12.18347	3.3741040	0.8073	0.8028	6.264997	28.82475
138	12.15972	3.3728727	0.8134	0.8089	6.267925	28.83137
139	12.12258	3.3762443	0.8378	0.8332	6.270539	28.89195
140	12.10782	3.3800426	0.8621	0.8573	6.270663	28.93937
141	12.09816	3.3838552	0.8682	0.8635	6.270250	28.98302
142	12.14299	3.3836513	0.8683	0.8635	6.265665	28.94639
143	12.21205	3.3795587	0.8621	0.8574	6.260007	28.85434
144	12.25154	3.3767636	0.8439	0.8393	6.256941	28.79755
145	12.25595	3.3756587	0.8500	0.8453	6.256892	28.78373
146	12.24077	3.3768463	0.8500	0.8453	6.258028	28.80660
147	12.22620	3.3806575	0.8501	0.8455	6.258132	28.85384
148	12.22632	3.3832945	0.8561	0.8514	6.257144	28.87868
149	12.22180	3.3839428	0.8562	0.8515	6.257373	28.88830
150	12.23191	3.3842986	0.8501	0.8454	6.256193	28.88387
151	12.25351	3.3816357	0.8379	0.8333	6.254938	28.84208
152	12.26773	3.3800218	0.8197	0.8152	6.254058	28.81590
153	12.27744	3.3792276	0.8258	0.8212	6.253345	28.80095
154	12.27458	3.3810192	0.8319	0.8273	6.252980	28.82006
155	12.26898	3.3836055	0.8380	0.8334	6.252606	28.84878
156	12.26892	3.3856966	0.8441	0.8394	6.251841	28.86858
157	12.27720	3.3871333	0.8532	0.8486	6.250454	28.87578
158	12.30204	3.3870059	0.8472	0.8425	6.247930	28.85547
159	12.32618	3.3848824	0.8381	0.8335	6.246213	28.81689
160	12.34389	3.3823781	0.8289	0.8244	6.245301	28.77969
161	12.34389	3.3811645	0.8259	0.8214	6.245747	28.76825
162	12.33530	3.3811138	0.8380	0.8334	6.246655	28.77435
163	12.33071	3.3833887	0.8472	0.8426	6.246294	28.79932
164	12.33530	3.3863253	0.8594	0.8547	6.244739	28.82348
165	12.33560	3.3875205	0.8625	0.8578	6.244269	28.83453
166	12.35296	3.3881752	0.8595	0.8548	6.242234	28.82737
167	12.38251	3.3860450	0.8504	0.8457	6.239962	28.78464
168	12.40288	3.3833244	0.8352	0.8306	6.238855	28.74344
169	12.40222	3.3809479	0.8230	0.8185	6.239794	28.72158
170	12.39075	3.3812085	0.8322	0.8276	6.240884	28.73280
171	12.37391	3.3834836	0.8566	0.8519	6.241791	28.76710
172	12.36525	3.3867572	0.8658	0.8610	6.241484	28.80457
173	12.36000	3.3902229	0.8658	0.8610	6.240754	28.84126
174	12.39314	3.3898664	0.8535	0.8488	6.237463	28.81248
175	12.45035	3.3844678	0.8353	0.8307	6.233535	28.71792
176	12.47884	3.3811440	0.8231	0.8186	6.231809	28.66497
177	12.47261	3.3814999	0.8232	0.8187	6.232322	28.67305
178	12.44234	3.3844997	0.8292	0.8247	6.234350	28.72434
179	12.42200	3.3863815	0.8385	0.8338	6.235760	28.75758
180	12.40127	3.3878759	0.8415	0.8368	6.237354	28.78752
181	12.40377	3.3883019	0.8507	0.8460	6.236939	28.78960
182	12.41561	3.3884671	0.8568	0.8521	6.235657	28.78209
183	12.42846	3.3891092	0.8599	0.8551	6.234096	28.77830
184	12.44036	3.3898023	0.8629	0.8581	6.232615	28.77571
185	12.45125	3.3892170	0.8538	0.8491	6.231706	28.76188
186	12.45622	3.3867880	0.8386	0.8340	6.232082	28.73525
187	12.45179	3.3849191	0.8264	0.8219	6.233222	28.72107
188	12.43635	3.3842646	0.8204	0.8159	6.235054	28.72671
189	12.41776	3.3844046	0.8295	0.8250	6.236922	28.74223
190	12.40025	3.3853074	0.8418	0.8372	6.238400	28.76412
191	12.39272	3.3879777	0.8508	0.8461	6.238199	28.79502
192	12.39589	3.3908713	0.8600	0.8553	6.236811	28.81984
193	12.41286	3.3913672	0.8631	0.8584	6.234879	28.81149
194	12.45729	3.3869978	0.8449	0.8402	6.231894	28.73640
195	12.48633	3.3833552	0.8419	0.8373	6.230230	28.68002
196	12.48645	3.3832599	0.8419	0.8372	6.230253	28.67904
197	12.47519	3.3863555	0.8541	0.8494	6.230284	28.71670
198	12.46908	3.3890197	0.8572	0.8524	6.229940	28.74639
199	12.47034	3.3914938	0.8511	0.8464	6.228907	28.76868
200	12.50328	3.3888921	0.8359	0.8313	6.226464	28.71909
201	12.53679	3.3844923	0.8207	0.8162	6.224616	28.65228
202	12.54386	3.3822488	0.8085	0.8041	6.224703	28.62587
203	12.52018	3.3832341	0.8177	0.8132	6.226785	28.65312
204	12.49867	3.3861200	0.8329	0.8284	6.227950	28.69658
205	12.48746	3.3877477	0.8542	0.8495	6.228511	28.72041
206	12.47573	3.3896047	0.8664	0.8617	6.229042	28.74681
207	12.48543	3.3910039	0.8817	0.8769	6.227533	28.75254
208	12.51185	3.3913661	0.8725	0.8677	6.224681	28.73577
209	12.54045	3.3891970	0.8543	0.8496	6.222528	28.69361
210	12.55562	3.3851087	0.8300	0.8255	6.222453	28.64374
211	12.55442	3.3824267	0.8149	0.8104	6.223551	28.61951
212	12.53469	3.3822172	0.8301	0.8255	6.225660	28.63254
213	12.49938	3.3850139	0.8422	0.8376	6.228279	28.68565
214	12.47477	3.3884283	0.8576	0.8529	6.229570	28.73649
215	12.45993	3.3913349	0.8636	0.8589	6.230038	28.77515
216	12.49226	3.3903550	0.8576	0.8529	6.227066	28.74124
217	12.53703	3.3856428	0.8545	0.8499	6.224173	28.66288
218	12.55574	3.3827380	0.8455	0.8408	6.223302	28.62142
219	12.55112	3.3821153	0.8395	0.8349	6.224005	28.61909
220	12.53151	3.3841301	0.8454	0.8408	6.225292	28.65289
221	12.52150	3.3865775	0.8486	0.8440	6.225431	28.68347
222	12.51389	3.3875185	0.8547	0.8500	6.225873	28.69810
223	12.51173	3.3881481	0.8517	0.8470	6.225865	28.70566
224	12.52102	3.3868382	0.8517	0.8470	6.225386	28.68628
225	12.52941	3.3853696	0.8517	0.8470	6.225056	28.66611
226	12.53235	3.3843144	0.8487	0.8441	6.225138	28.65398
227	12.52995	3.3841047	0.8427	0.8381	6.225461	28.65384
228	12.52240	3.3844670	0.8335	0.8289	6.226107	28.66299
229	12.51610	3.3853379	0.8335	0.8289	6.226438	28.67596
230	12.51736	3.3857320	0.8337	0.8291	6.226165	28.67870
231	12.51958	3.3851154	0.8428	0.8382	6.226162	28.67122
232	12.51694	3.3847214	0.8580	0.8533	6.226577	28.66952
233	12.51221	3.3862152	0.8824	0.8775	6.226521	28.68714
234	12.51185	3.3884914	0.8824	0.8776	6.225728	28.70878
235	12.52174	3.3900303	0.8764	0.8716	6.224149	28.71568
236	12.55766	3.3871302	0.8490	0.8444	6.221508	28.66113
237	12.58828	3.3834812	0.8247	0.8201	6.219684	28.60369
238	12.59567	3.3819560	0.8156	0.8111	6.219477	28.58381
239	12.57675	3.3818228	0.8125	0.8080	6.221472	28.59691
240	12.54111	3.3839711	0.8278	0.8232	6.224361	28.64411
241	12.51311	3.3856622	0.8492	0.8445	6.226629	28.68128
242	12.48645	3.3872264	0.8674	0.8626	6.228806	28.71628
243	12.48070	3.3888924	0.8766	0.8718	6.228790	28.73632
244	12.50789	3.3893118	0.8675	0.8627	6.225836	28.71950
245	12.54668	3.3860114	0.8615	0.8567	6.223045	28.65899
246	12.57489	3.3833542	0.8493	0.8446	6.221108	28.61265
247	12.58461	3.3816003	0.8402	0.8356	6.220744	28.58885
248	12.58311	3.3820260	0.8311	0.8265	6.220743	28.59397
249	12.56877	3.3839390	0.8312	0.8266	6.221525	28.62279
250	12.56462	3.3856934	0.8312	0.8266	6.221314	28.64237
251	12.56114	3.3866915	0.8342	0.8296	6.221309	28.65438
252	12.56114	3.3846192	0.8404	0.8358	6.222062	28.63495
253	12.56006	3.3825092	0.8617	0.8569	6.222941	28.61599
254	12.55508	3.3833545	0.8801	0.8752	6.223147	28.62769
255	12.55016	3.3860877	0.8862	0.8813	6.222659	28.65705
256	12.54398	3.3876200	0.8709	0.8661	6.222737	28.67612
257	12.55424	3.3847781	0.8466	0.8419	6.222715	28.64168
258	12.56931	3.3814670	0.8375	0.8329	6.222368	28.59921
259	12.57057	3.3801010	0.8283	0.8238	6.222734	28.58546
260	12.55610	3.3813465	0.8497	0.8450	6.223771	28.60810
261	12.53595	3.3837424	0.8589	0.8541	6.224976	28.64588
262	12.51598	3.3862915	0.8649	0.8602	6.226104	28.68499
263	12.52090	3.3872896	0.8589	0.8542	6.225234	28.69061
264	12.55352	3.3838438	0.8499	0.8452	6.223129	28.63347
265	12.57591	3.3809460	0.8316	0.8270	6.221877	28.58932
266	12.57663	3.3795864	0.8316	0.8270	6.222297	28.57604
267	12.53559	3.3796186	0.8378	0.8332	6.226514	28.60748
268	12.46220	3.3814428	0.8499	0.8453	6.233418	28.68045
269	12.42673	3.3832606	0.8744	0.8696	6.236416	28.72460
270	12.40605	3.3854726	0.8774	0.8726	6.237741	28.76122
271	12.43863	3.3863559	0.8744	0.8696	6.234055	28.74462
272	12.49777	3.3834822	0.8561	0.8514	6.229005	28.67250
273	12.53391	3.3806542	0.8471	0.8424	6.226310	28.61847
274	12.54644	3.3791230	0.8471	0.8425	6.225575	28.59459
275	12.51466	3.3796506	0.8440	0.8394	6.228659	28.62368
276	12.47998	3.3816967	0.8532	0.8485	6.231491	28.66928
277	12.45969	3.3832348	0.8563	0.8516	6.233023	28.69920
278	12.45915	3.3840355	0.8503	0.8456	6.232786	28.70714
279	12.49226	3.3817919	0.8472	0.8426	6.230189	28.66083
280	12.51760	3.3797141	0.8442	0.8396	6.228333	28.62204
281	12.52240	3.3788375	0.8443	0.8397	6.228158	28.61018
282	12.50951	3.3795491	0.8595	0.8548	6.229228	28.62664
283	12.49753	3.3810104	0.8717	0.8669	6.229931	28.64947
284	12.48699	3.3822813	0.8779	0.8731	6.230555	28.66942
285	12.48746	3.3832599	0.8718	0.8670	6.230148	28.67825
286	12.51125	3.3815312	0.8536	0.8489	6.228326	28.64392
287	12.53121	3.3793265	0.8353	0.8307	6.227071	28.60807
288	12.53583	3.3782212	0.8232	0.8187	6.226997	28.59420
289	12.52252	3.3782341	0.8263	0.8218	6.228365	28.60443
290	12.48734	3.3795175	0.8385	0.8339	6.231526	28.64321
291	12.46962	3.3808836	0.8446	0.8399	6.232856	28.66954
292	12.46052	3.3822117	0.8568	0.8521	6.233310	28.68895
293	12.47040	3.3820527	0.8631	0.8583	6.232349	28.67992
294	12.49202	3.3802989	0.8751	0.8703	6.230759	28.64698
295	12.50406	3.3798794	0.8782	0.8734	6.229670	28.63388
296	12.51017	3.3811119	0.8782	0.8734	6.228591	28.64080
297	12.51442	3.3820586	0.8631	0.8584	6.227807	28.64645
298	12.51658	3.3806861	0.8327	0.8281	6.228084	28.63194
299	12.51664	3.3779928	0.8175	0.8130	6.229059	28.60663
300	12.50807	3.3765385	0.8084	0.8040	6.230473	28.59950
301	12.44963	3.3755296	0.8298	0.8252	6.236877	28.63446
302	12.35791	3.3768895	0.8541	0.8494	6.245867	28.71722
303	12.30388	3.3793163	0.8816	0.8767	6.250571	28.78147
304	12.26285	3.3815340	0.9029	0.8979	6.254007	28.83391
305	12.29542	3.3823151	0.8999	0.8950	6.250343	28.81625
306	12.36537	3.3805480	0.8786	0.8738	6.243752	28.74597
307	12.41328	3.3771175	0.8512	0.8465	6.240055	28.67709
308	12.42954	3.3751361	0.8209	0.8164	6.239098	28.64607
309	12.41901	3.3748124	0.8148	0.8103	6.240305	28.65105
310	12.37725	3.3756891	0.8240	0.8195	6.244305	28.69115
311	12.33828	3.3773152	0.8392	0.8346	6.247743	28.73625
312	12.31056	3.3788525	0.8544	0.8497	6.250050	28.77198
313	12.30800	3.3798816	0.8606	0.8559	6.249937	28.78365
314	12.34807	3.3796842	0.8636	0.8589	6.245860	28.75109
315	12.39135	3.3776448	0.8637	0.8590	6.242130	28.69878
316	12.41244	3.3763046	0.8637	0.8590	6.240439	28.67008
317	12.41632	3.3761459	0.8517	0.8470	6.240095	28.66562
318	12.41346	3.3765650	0.8486	0.8440	6.240238	28.67175
319	12.41160	3.3766984	0.8486	0.8439	6.240381	28.67442
320	12.40933	3.3765333	0.8456	0.8410	6.240676	28.67460
321	12.39947	3.3766604	0.8518	0.8471	6.241650	28.68332
322	12.38705	3.3772511	0.8547	0.8500	6.242719	28.69836
323	12.38299	3.3777974	0.8671	0.8623	6.242939	28.70660
324	12.38245	3.3782356	0.8640	0.8592	6.242833	28.71114
325	12.38974	3.3777655	0.8579	0.8532	6.242252	28.70115
326	12.40043	3.3765651	0.8520	0.8473	6.241586	28.68169
327	12.40539	3.3766286	0.8397	0.8351	6.241049	28.67851
328	12.40802	3.3760824	0.8459	0.8412	6.240978	28.67136
329	12.40515	3.3761142	0.8490	0.8443	6.241263	28.67385
330	12.39774	3.3767811	0.8642	0.8594	6.241785	28.68577
331	12.39577	3.3773781	0.8613	0.8566	6.241770	28.69290
332	12.39338	3.3783181	0.8644	0.8596	6.241673	28.70357
333	12.40348	3.3778035	0.8673	0.8626	6.240817	28.69101
334	12.41680	3.3758538	0.8523	0.8476	6.240153	28.66251
335	12.42194	3.3755299	0.8492	0.8445	6.239740	28.65555
336	12.42165	3.3753013	0.8492	0.8446	6.239854	28.65363
337	12.42153	3.3758220	0.8583	0.8536	6.239676	28.65861
338	12.42170	3.3766284	0.8615	0.8568	6.239362	28.66606
339	12.41597	3.3773080	0.8555	0.8508	6.239707	28.67683
340	12.42069	3.3770539	0.8585	0.8538	6.239312	28.67083
341	12.42810	3.3754282	0.8465	0.8418	6.239140	28.64990
342	12.42834	3.3747171	0.8465	0.8419	6.239376	28.64303
343	12.42523	3.3744886	0.8586	0.8539	6.239781	28.64325
344	12.42284	3.3749140	0.8708	0.8660	6.239873	28.64906
345	12.42099	3.3761966	0.8770	0.8722	6.239595	28.66254
346	12.41662	3.3781590	0.8801	0.8752	6.239327	28.68432
347	12.43049	3.3775047	0.8679	0.8631	6.238133	28.66759
348	12.45304	3.3748121	0.8436	0.8389	6.236787	28.62512
349	12.46453	3.3735803	0.8314	0.8269	6.236049	28.60481
350	12.45502	3.3734852	0.8254	0.8209	6.237068	28.61116
351	12.42188	3.3738284	0.8285	0.8239	6.240369	28.63960
352	12.38741	3.3749144	0.8499	0.8453	6.243539	28.67610
353	12.36603	3.3761782	0.8712	0.8664	6.245288	28.70431
354	12.35469	3.3773404	0.8804	0.8756	6.246035	28.72392
355	12.37367	3.3777975	0.8773	0.8725	6.243903	28.71372
356	12.40563	3.3759174	0.8682	0.8634	6.241286	28.67163
357	12.42392	3.3740442	0.8591	0.8544	6.240080	28.64007
358	12.42529	3.3730349	0.8501	0.8454	6.240307	28.62954
359	12.40670	3.3729970	0.8530	0.8483	6.242244	28.64334
360	12.38974	3.3737780	0.8623	0.8576	6.243715	28.66362
361	12.38448	3.3750287	0.8624	0.8577	6.243800	28.67940
362	12.37779	3.3758859	0.8593	0.8546	6.244178	28.69258
363	12.38496	3.3758541	0.8533	0.8486	6.243447	28.68681
364	12.39577	3.3741651	0.8473	0.8426	6.242948	28.66267
365	12.40121	3.3729018	0.8321	0.8275	6.242848	28.64664
366	12.39786	3.3725464	0.8412	0.8366	6.243325	28.64584
367	12.39177	3.3729337	0.8534	0.8488	6.243814	28.65413
368	12.39135	3.3734542	0.8566	0.8518	6.243666	28.65934
369	12.38890	3.3742985	0.8687	0.8639	6.243610	28.66915
370	12.38538	3.3745970	0.8718	0.8670	6.243866	28.67465
371	12.39374	3.3745207	0.8840	0.8792	6.243028	28.66755
372	12.40240	3.3743619	0.8840	0.8792	6.242190	28.65945
373	12.40670	3.3741650	0.8750	0.8702	6.241817	28.65432
374	12.40814	3.3738730	0.8689	0.8641	6.241775	28.65048
375	12.40730	3.3732572	0.8507	0.8461	6.242087	28.64533
376	12.40276	3.3722861	0.8447	0.8400	6.242913	28.63966
377	12.39726	3.3719942	0.8386	0.8340	6.243589	28.64110
378	12.39177	3.3719943	0.8356	0.8310	6.244158	28.64529
379	12.38484	3.3721657	0.8417	0.8371	6.244813	28.65219
380	12.38179	3.3725783	0.8509	0.8462	6.244977	28.65839
381	12.38149	3.3730988	0.8662	0.8614	6.244817	28.66351
382	12.38018	3.3732702	0.8814	0.8766	6.244890	28.66612
383	12.37815	3.3735496	0.8876	0.8827	6.244998	28.67030
384	12.38197	3.3741336	0.8968	0.8919	6.244388	28.67288
385	12.39236	3.3743175	0.8815	0.8767	6.243245	28.66668
386	12.40371	3.3728383	0.8663	0.8616	6.242612	28.64412
387	12.40903	3.3716387	0.8481	0.8435	6.242501	28.62879
388	12.40682	3.3712071	0.8360	0.8314	6.242888	28.62642
389	12.39935	3.3712516	0.8391	0.8345	6.243645	28.63252
390	12.38681	3.3718357	0.8483	0.8436	6.244730	28.64757
391	12.37737	3.3732385	0.8697	0.8649	6.245193	28.66797
392	12.37176	3.3752066	0.8666	0.8618	6.245051	28.69078
393	12.38902	3.3752382	0.8576	0.8528	6.243253	28.67791
394	12.41632	3.3719496	0.8485	0.8438	6.241632	28.62616
395	12.42876	3.3698552	0.8393	0.8347	6.241112	28.59701
396	12.41621	3.3693414	0.8485	0.8438	6.242600	28.60172
397	12.37415	3.3700208	0.8820	0.8772	6.246708	28.64013
398	12.33482	3.3719187	0.9003	0.8954	6.250087	28.68801
399	12.31497	3.3741343	0.9094	0.9044	6.251331	28.72408
400	12.33524	3.3746864	0.9004	0.8954	6.249026	28.71378
401	12.38102	3.3722229	0.8669	0.8621	6.245188	28.65563
402	12.41136	3.3699252	0.8274	0.8228	6.242887	28.61090
403	12.41913	3.3691129	0.8122	0.8078	6.242380	28.59736
404	12.37869	3.3688406	0.8123	0.8078	6.246670	28.62559
405	12.29799	3.3691777	0.8306	0.8261	6.254918	28.69035
406	12.24720	3.3705743	0.8550	0.8503	6.259678	28.74241
407	12.21520	3.3722882	0.8824	0.8776	6.262371	28.78315
408	12.22085	3.3729355	0.8885	0.8836	6.261544	28.78493
409	12.27577	3.3715132	0.8763	0.8715	6.256364	28.72937
410	12.32099	3.3692409	0.8643	0.8595	6.252507	28.67335
411	12.34425	3.3683715	0.8582	0.8535	6.250413	28.64741
412	12.34037	3.3687902	0.8613	0.8566	6.250662	28.65431
413	12.32165	3.3697041	0.8614	0.8566	6.252268	28.67722
414	12.31032	3.3706688	0.8583	0.8536	6.253088	28.69497
415	12.30561	3.3706688	0.8523	0.8476	6.253577	28.69858
416	12.31646	3.3687271	0.8523	0.8476	6.253166	28.67197
417	12.32457	3.3683527	0.8585	0.8538	6.252462	28.66225
418	12.31765	3.3684669	0.8737	0.8689	6.253138	28.66860
419	12.30692	3.3691776	0.8890	0.8841	6.253991	28.68350
420	12.29685	3.3707832	0.8950	0.8901	6.254444	28.70634
421	12.30645	3.3716715	0.8921	0.8872	6.253121	28.70738
422	12.34043	3.3698879	0.8708	0.8661	6.250252	28.66460
423	12.36346	3.3679843	0.8374	0.8328	6.248563	28.62912
424	12.36722	3.3674957	0.8191	0.8146	6.248352	28.62166
425	12.34556	3.3675594	0.8132	0.8087	6.250575	28.63877
426	12.30639	3.3681689	0.8284	0.8239	6.254417	28.67441
427	12.28327	3.3688226	0.8589	0.8542	6.256577	28.69824
428	12.25493	3.3694701	0.8833	0.8784	6.259283	28.72604
429	12.24541	3.3701364	0.9046	0.8996	6.260026	28.73962
430	12.26958	3.3705042	0.9137	0.9087	6.257380	28.72458
431	12.30168	3.3703770	0.8956	0.8907	6.254093	28.69881
432	12.32904	3.3685937	0.8742	0.8694	6.251910	28.66110
433	12.34520	3.3676609	0.8531	0.8484	6.250576	28.63999
434	12.34592	3.3673691	0.8318	0.8272	6.250608	28.63670
435	12.33166	3.3673693	0.8287	0.8241	6.252087	28.64758
436	12.29441	3.3675854	0.8349	0.8303	6.255876	28.67806
437	12.26434	3.3680488	0.8562	0.8515	6.258830	28.70543
438	12.25464	3.3690830	0.8716	0.8668	6.259456	28.72262
439	12.25571	3.3697683	0.8715	0.8667	6.259092	28.72827
440	12.27994	3.3696031	0.8685	0.8638	6.256636	28.70816
441	12.30686	3.3679849	0.8686	0.8639	6.254436	28.67230
442	12.31783	3.3669381	0.8656	0.8608	6.253683	28.65406
443	12.31390	3.3666590	0.8687	0.8639	6.254194	28.65443
444	12.30120	3.3671095	0.8717	0.8669	6.255346	28.66837
445	12.29507	3.3678899	0.8809	0.8761	6.255696	28.68042
446	12.29161	3.3687273	0.8779	0.8731	6.255746	28.69096
447	12.29852	3.3685623	0.8658	0.8611	6.255089	28.68412
448	12.31503	3.3669381	0.8505	0.8459	6.253973	28.65620
449	12.32350	3.3661388	0.8354	0.8308	6.253388	28.64221
450	12.32165	3.3660437	0.8234	0.8188	6.253615	28.64273
451	12.31205	3.3662341	0.8202	0.8157	6.254541	28.65185
452	12.29858	3.3664752	0.8416	0.8370	6.255852	28.66440
453	12.28828	3.3665578	0.8721	0.8673	6.256892	28.67304
454	12.28029	3.3674333	0.8996	0.8946	6.257399	28.68739
455	12.27648	3.3684737	0.9026	0.8976	6.257411	28.70013
456	12.29560	3.3686956	0.8905	0.8856	6.255344	28.68760
457	12.32057	3.3669444	0.8632	0.8585	6.253395	28.65202
458	12.33435	3.3658025	0.8389	0.8343	6.252385	28.63076
459	12.33143	3.3655869	0.8358	0.8312	6.252768	28.63096
460	12.32409	3.3657202	0.8420	0.8374	6.253481	28.63781
461	12.30567	3.3661707	0.8511	0.8465	6.255228	28.65611
462	12.28732	3.3669130	0.8603	0.8556	6.256860	28.67713
463	12.27619	3.3672367	0.8603	0.8556	6.257898	28.68870
464	12.28810	3.3671414	0.8573	0.8526	6.256696	28.67869
465	12.30770	3.3657711	0.8514	0.8467	6.255164	28.65079
466	12.31676	3.3649719	0.8422	0.8376	6.254517	28.63635
467	12.31479	3.3648134	0.8545	0.8498	6.254780	28.63635
468	12.30049	3.3649404	0.8484	0.8437	6.256219	28.64847
469	12.28268	3.3649089	0.8545	0.8498	6.258082	28.66177
470	12.27172	3.3657525	0.8607	0.8560	6.258910	28.67810
471	12.26297	3.3664439	0.8729	0.8681	6.259565	28.69132
472	12.27303	3.3668181	0.8789	0.8741	6.258381	28.68715
473	12.29173	3.3661392	0.8578	0.8531	6.256688	28.66646
474	12.30424	3.3650418	0.8487	0.8440	6.255792	28.64656
475	12.30627	3.3643886	0.8336	0.8290	6.255822	28.63886
476	12.29971	3.3641033	0.8396	0.8350	6.256608	28.64117
477	12.29096	3.3641351	0.8458	0.8411	6.257507	28.64815
478	12.28226	3.3643255	0.8671	0.8624	6.258341	28.65658
479	12.27482	3.3652324	0.8733	0.8685	6.258780	28.67082
480	12.26862	3.3661077	0.8763	0.8715	6.259101	28.68382
481	12.28190	3.3658031	0.8551	0.8504	6.257833	28.67080
482	12.30162	3.3641350	0.8369	0.8323	6.256398	28.64001
483	12.31282	3.3633930	0.8186	0.8141	6.255507	28.62447
484	12.30323	3.3631902	0.8218	0.8172	6.256579	28.62988
485	12.25160	3.3632605	0.8522	0.8475	6.261922	28.66996
486	12.20569	3.3638761	0.8735	0.8687	6.266474	28.71091
487	12.18187	3.3651383	0.8889	0.8840	6.268488	28.74111
488	12.19007	3.3659881	0.8889	0.8840	6.267319	28.74286
489	12.23120	3.3650743	0.8645	0.8597	6.263375	28.70270
490	12.26410	3.3634252	0.8462	0.8416	6.260561	28.66197
491	12.27803	3.3626389	0.8281	0.8236	6.259402	28.64391
492	12.26720	3.3626200	0.8281	0.8235	6.260536	28.65201
493	12.22216	3.3629058	0.8343	0.8298	6.265118	28.68914
494	12.18502	3.3631915	0.8465	0.8418	6.268881	28.72029
495	12.16554	3.3640731	0.8618	0.8570	6.270585	28.74357
496	12.16619	3.3644916	0.8678	0.8630	6.270361	28.74703
497	12.19155	3.3644279	0.8769	0.8721	6.267743	28.72697
498	12.21895	3.3635906	0.8709	0.8661	6.265199	28.69806
499	12.23560	3.3629754	0.8589	0.8542	6.263693	28.67951
500	12.23804	3.3625506	0.8528	0.8481	6.263596	28.67363
501	12.23453	3.3624872	0.8437	0.8390	6.263985	28.67572
502	12.22965	3.3625507	0.8346	0.8300	6.264469	28.68005
503	12.22472	3.3626204	0.8316	0.8271	6.264957	28.68449
504	12.22192	3.3626395	0.8316	0.8271	6.265241	28.68681
505	12.21972	3.3626522	0.8409	0.8362	6.265466	28.68861
506	12.21722	3.3627473	0.8470	0.8423	6.265691	28.69142
507	12.21586	3.3628425	0.8592	0.8545	6.265798	28.69336
508	12.21675	3.3631024	0.8592	0.8545	6.265609	28.69513
509	12.21770	3.3632609	0.8745	0.8697	6.265451	28.69590
510	12.21746	3.3630707	0.8683	0.8636	6.265546	28.69428
511	12.21823	3.3628868	0.8654	0.8607	6.265534	28.69196
512	12.22014	3.3627790	0.8594	0.8547	6.265376	28.68948
513	12.22008	3.3626205	0.8533	0.8486	6.265440	28.68803
514	12.21461	3.3624557	0.8565	0.8518	6.266071	28.69066
515	12.20742	3.3621325	0.8626	0.8579	6.266940	28.69311
516	12.20522	3.3628743	0.8596	0.8549	6.266894	28.70181
517	12.20759	3.3631025	0.8384	0.8338	6.266562	28.70215
518	12.21990	3.3623035	0.8323	0.8277	6.265576	28.68518
519	12.22876	3.3615553	0.8232	0.8186	6.264930	28.67134
520	12.23161	3.3614539	0.8232	0.8187	6.264670	28.66820
521	12.22430	3.3614730	0.8386	0.8340	6.265425	28.67396
522	12.21175	3.3614541	0.8690	0.8642	6.266739	28.68337
523	12.20397	3.3623608	0.8964	0.8915	6.267215	28.69790
524	12.20064	3.3636859	0.8965	0.8916	6.267071	28.71298
525	12.21930	3.3637808	0.8783	0.8734	6.265092	28.69958
526	12.24488	3.3619419	0.8569	0.8522	6.263109	28.66265
527	12.25922	3.3610035	0.8327	0.8281	6.261963	28.64284
528	12.25654	3.3607373	0.8234	0.8189	6.262340	28.64238
529	12.22246	3.3601989	0.8205	0.8160	6.266088	28.66334
530	12.15349	3.3563278	0.8328	0.8282	6.274716	28.67952
531	12.05647	3.3537571	0.8450	0.8404	6.285817	28.72960
532	11.96879	3.3550439	0.8511	0.8465	6.294524	28.80934
533	11.91091	3.3565903	0.8632	0.8585	6.300017	28.86880
534	11.87873	3.3575220	0.8633	0.8586	6.303046	28.90261
535	11.86260	3.3578327	0.8694	0.8646	6.304625	28.91809
536	11.85429	3.3579405	0.8786	0.8737	6.305456	28.92556
537	11.84941	3.3579405	0.8635	0.8587	6.305970	28.92936
538	11.84705	3.3580166	0.8452	0.8406	6.306188	28.93192
539	11.84600	3.3578772	0.8332	0.8286	6.306352	28.93141
540	11.84494	3.3581053	0.8211	0.8165	6.306377	28.93442
541	11.84441	3.3580420	0.8271	0.8226	6.306457	28.93422
542	11.84388	3.3576491	0.8332	0.8286	6.306661	28.93088
543	11.84229	3.3574907	0.8546	0.8499	6.306888	28.93060
544	11.84105	3.3575224	0.8759	0.8711	6.307006	28.93185
545	11.84029	3.3575288	0.8760	0.8712	6.307084	28.93250
546	11.83999	3.3576555	0.8791	0.8743	6.307067	28.93394
547	11.84035	3.3578139	0.8700	0.8652	6.306970	28.93518
548	11.84105	3.3579089	0.8518	0.8471	6.306860	28.93555
549	11.84205	3.3580166	0.8276	0.8230	6.306714	28.93581
550	11.84299	3.3579406	0.8183	0.8138	6.306643	28.93435
551	11.84335	3.3578772	0.8215	0.8170	6.306630	28.93347
552	11.84299	3.3576491	0.8276	0.8231	6.306753	28.93157
553	11.84193	3.3571359	0.8946	0.8897	6.307059	28.92747
554	11.83958	3.3571043	1.0286	1.0229	6.307321	28.92894
555	11.83752	3.3571994	1.1899	1.1833	6.307504	28.93139
556	11.83664	3.3571615	1.3634	1.3559	6.307614	28.93165
557	11.83599	3.3571995	1.5430	1.5345	6.307670	28.93245
558	11.83534	3.3571996	1.7318	1.7223	6.307741	28.93288
559	11.83523	3.3572187	1.9327	1.9221	6.307749	28.93308
560	11.83540	3.3572694	2.1457	2.1339	6.307714	28.93335
561	11.83546	3.3572378	2.3741	2.3611	6.307724	28.93291
562	11.83552	3.3572379	2.6145	2.6001	6.307721	28.93278
563	11.83593	3.3574027	2.8763	2.8605	6.307619	28.93393
564	11.83623	3.3573965	3.1411	3.1238	6.307595	28.93355
565	11.83629	3.3574916	3.4029	3.3842	6.307556	28.93431
566	11.83634	3.3580176	3.6616	3.6415	6.307356	28.93919
567	11.83617	3.3591077	3.9234	3.9018	6.306967	28.94964
568	11.83540	3.3592662	4.1791	4.1561	6.306991	28.95165
569	11.83458	3.3593297	4.4348	4.4104	6.307057	28.95280
570	11.83405	3.3610791	4.6996	4.6737	6.306457	28.96981
571	11.83134	3.3622330	4.9613	4.9340	6.306310	28.98284
572	11.82787	3.3628164	5.2201	5.1914	6.306458	28.99101
573	11.82499	3.3634442	5.4727	5.4426	6.306528	28.99916
574	11.82181	3.3667928	5.7406	5.7090	6.305601	29.03352
575	11.81599	3.3701238	5.9963	5.9633	6.304958	29.06980
576	11.80794	3.3729101	6.2641	6.2296	6.304755	29.10262
577	11.79841	3.3766752	6.5320	6.4960	6.304336	29.14597
578	11.78554	3.3786188	6.7847	6.7473	6.304954	29.17455
579	11.77356	3.3804612	7.0465	7.0077	6.305518	29.20149
580	11.76005	3.3874971	7.3052	7.2650	6.304275	29.27937
581	11.73323	3.3954234	7.5731	7.5313	6.304085	29.37639
582	11.69663	3.3979826	7.8471	7.8038	6.306949	29.42978
583	11.66493	3.3987852	8.1088	8.0641	6.309968	29.46251
584	11.64163	3.3992121	8.3645	8.3184	6.312251	29.48501
585	11.62454	3.3991678	8.6232	8.5756	6.314063	29.49806
586	11.60746	3.3987543	8.8910	8.8420	6.316016	29.50756
587	11.58998	3.3985444	9.1468	9.0964	6.317934	29.51934
588	11.57742	3.3984301	9.4116	9.3597	6.319301	29.52814
589	11.56953	3.3983984	9.6764	9.6230	6.320145	29.53401
590	11.56498	3.3974882	9.9381	9.8833	6.320976	29.52877
591	11.54968	3.3947072	10.1937	10.1375	6.323651	29.51406
592	11.51163	3.3929325	10.4495	10.3919	6.328337	29.52716
593	11.46622	3.3895236	10.7084	10.6493	6.334432	29.53036
594	11.38132	3.3848325	10.9793	10.9187	6.345206	29.55269
595	11.24782	3.3831561	11.2593	11.1971	6.359996	29.64331
596	11.13627	3.3824965	11.5240	11.4604	6.372105	29.72662
597	11.06520	3.3819764	11.7859	11.7208	6.379877	29.77889
598	11.02177	3.3817990	12.0506	11.9840	6.384580	29.81225
599	10.99409	3.3818121	12.3094	12.2414	6.387531	29.83473
600	10.97701	3.3817806	12.5772	12.5077	6.389370	29.84819
601	10.96511	3.3817427	12.8269	12.7561	6.390660	29.85740
602	10.95562	3.3816857	13.0978	13.0254	6.391699	29.86444
603	10.94499	3.3815207	13.3656	13.2918	6.392904	29.87137
604	10.93345	3.3814637	13.6091	13.5339	6.394164	29.88011
605	10.92225	3.3813305	13.8801	13.8034	6.395417	29.88781
606	10.91295	3.3812290	14.1358	14.0576	6.396456	29.89429
607	10.90429	3.3808480	14.4036	14.3240	6.397537	29.89751
608	10.89631	3.3809371	14.6715	14.5903	6.398359	29.90478
609	10.88925	3.3805815	14.9363	14.8537	6.399259	29.90694
610	10.87950	3.3798257	15.2011	15.1171	6.400606	29.90737
611	10.86310	3.3788287	15.4599	15.3744	6.402761	29.91086
612	10.83732	3.3781430	15.7186	15.6317	6.405799	29.92507
613	10.80485	3.3752668	15.9835	15.8951	6.410427	29.92323
614	10.75040	3.3736358	16.2390	16.1491	6.416927	29.95160
615	10.68519	3.3729892	16.5100	16.4186	6.424203	29.99856
616	10.63421	3.3726788	16.7749	16.6820	6.429820	30.03725
617	10.60181	3.3725713	17.0427	16.9484	6.433361	30.06275
618	10.58274	3.3727684	17.3136	17.2178	6.435343	30.08029
619	10.57000	3.3728384	17.5876	17.4902	6.436694	30.09138
620	10.56033	3.3728323	17.8646	17.7657	6.437744	30.09918
621	10.55328	3.3728642	18.1355	18.0351	6.438497	30.10520
622	10.54805	3.3728389	18.4063	18.3044	6.439076	30.10916
623	10.54447	3.3728010	18.6620	18.5586	6.439482	30.11164
624	10.53980	3.3723441	18.9086	18.8039	6.440174	30.11086
625	10.52810	3.3718492	19.1765	19.0703	6.441642	30.11552
626	10.51299	3.3716020	19.4413	19.3336	6.443379	30.12545
627	10.50015	3.3706947	19.7213	19.6121	6.445137	30.12695
628	10.48074	3.3684361	19.9922	19.8814	6.448154	30.12051
629	10.44563	3.3665525	20.2602	20.1479	6.452723	30.13075
630	10.40273	3.3635153	20.5279	20.4141	6.458610	30.13600
631	10.34750	3.3613224	20.7897	20.6745	6.465504	30.15986
632	10.29082	3.3597575	21.0576	20.9409	6.472312	30.19123
633	10.24433	3.3581294	21.3224	21.2042	6.478047	30.21356
634	10.20290	3.3560960	21.5965	21.4767	6.483404	30.22766
635	10.16185	3.3555898	21.8552	21.7340	6.488099	30.25672
636	10.13293	3.3549694	22.1352	22.0124	6.491519	30.27455
637	10.11146	3.3538105	22.3939	22.2697	6.494350	30.28079
638	10.09045	3.3532345	22.6555	22.5298	6.496892	30.29249
639	10.07382	3.3527471	22.9022	22.7752	6.498918	30.30141
640	10.06080	3.3525257	23.1793	23.0506	6.500441	30.30998
641	10.05115	3.3521713	23.4320	23.3020	6.501649	30.31441
642	10.04329	3.3520131	23.6997	23.5682	6.502580	30.31930
643	10.03830	3.3518866	23.9524	23.8195	6.503184	30.32211
644	10.03499	3.3517538	24.2111	24.0767	6.503607	30.32344
645	10.03157	3.3515323	24.4790	24.3431	6.504078	30.32398
646	10.02798	3.3515577	24.7439	24.6065	6.504465	30.32713
647	10.02568	3.3514629	25.0147	24.8758	6.504762	30.32800
648	10.02439	3.3515643	25.2765	25.1361	6.504865	30.32999
649	10.02467	3.3515960	25.5414	25.3995	6.504826	30.32996
650	10.02473	3.3514378	25.8032	25.6598	6.504890	30.32822
651	10.02383	3.3513999	26.0650	25.9202	6.505008	30.32849
652	10.02237	3.3512417	26.3207	26.1744	6.505238	30.32802
653	10.02052	3.3511595	26.5794	26.4317	6.505480	30.32864
654	10.01878	3.3511153	26.8290	26.6799	6.505693	30.32955
655	10.01755	3.3510774	27.0786	26.9281	6.505848	30.33010
656	10.01671	3.3510142	27.3708	27.2186	6.505971	30.33005
657	10.01649	3.3510712	27.6721	27.5183	6.505978	30.33069
658	10.01660	3.3510143	27.9279	27.7726	6.505993	30.32992
659	10.01643	3.3510144	28.2018	28.0450	6.506016	30.32995
660	10.01632	3.3510462	28.4757	28.3173	6.506020	30.33025
661	10.01620	3.3509766	28.7345	28.5747	6.506065	30.32954
662	10.01609	3.3509830	29.0022	28.8409	6.506080	30.32959
663	10.01649	3.3510781	29.2763	29.1134	6.506002	30.33010
664	10.01710	3.3511605	29.5197	29.3554	6.505904	30.33031
665	10.01761	3.3512112	29.7877	29.6219	6.505832	30.33028
666	10.01878	3.3512746	30.0281	29.8609	6.505681	30.32983
667	10.01985	3.3506288	30.2869	30.1183	6.505836	30.32236
668	10.01054	3.3490210	30.5304	30.3604	6.507528	30.31393
669	9.98275	3.3477048	30.8043	30.6328	6.511131	30.32391
670	9.94753	3.3461042	31.0660	30.8930	6.515672	30.33727
671	9.90704	3.3448202	31.3370	31.1625	6.520668	30.35827
672	9.86195	3.3419804	31.6170	31.4409	6.526827	30.36749
673	9.79735	3.3387244	31.8819	31.7043	6.535327	30.38898
674	9.71266	3.3345977	32.1528	31.9737	6.546439	30.41867
675	9.61794	3.3335435	32.4208	32.2401	6.557397	30.48807
676	9.54776	3.3323123	32.6885	32.5063	6.565726	30.53507
677	9.49883	3.3310242	32.9503	32.7667	6.571727	30.56352
678	9.45913	3.3285993	33.2151	33.0300	6.577192	30.57258
679	9.41683	3.3277031	33.4861	33.2994	6.582303	30.59944
680	9.38124	3.3274510	33.7357	33.5476	6.586392	30.62718
681	9.35847	3.3274008	33.9882	33.7987	6.588964	30.64604
682	9.34591	3.3272874	34.2653	34.0742	6.590423	30.65553
683	9.33875	3.3270981	34.5271	34.3345	6.591310	30.65962
684	9.33363	3.3268773	34.7921	34.5981	6.591983	30.66164
685	9.32889	3.3266185	35.0659	34.8703	6.592630	30.66295
686	9.32415	3.3264356	35.3216	35.1245	6.593243	30.66503
687	9.31975	3.3260127	35.5803	35.3818	6.593923	30.66437
688	9.31358	3.3238792	35.8452	35.6452	6.595536	30.64775
689	9.29382	3.3210776	36.1100	35.9085	6.598961	30.63593
690	9.25939	3.3198351	36.3778	36.1747	6.603365	30.65262
691	9.22719	3.3179936	36.6488	36.4442	6.607782	30.66129
692	9.19293	3.3154777	36.9044	36.6984	6.612729	30.66483
693	9.15026	3.3124332	37.1693	36.9618	6.618859	30.67016
694	9.09810	3.3117657	37.4463	37.2372	6.625037	30.70808
695	9.05941	3.3116402	37.7629	37.5520	6.629465	30.74001
696	9.03738	3.3115964	38.0216	37.8092	6.631979	30.75847
697	9.02596	3.3115777	38.2742	38.0604	6.633283	30.76804
698	9.02027	3.3115778	38.5482	38.3328	6.633930	30.77284
699	9.01738	3.3114834	38.8039	38.5871	6.634303	30.77426
700	9.01530	3.3113890	39.0656	38.8473	6.634584	30.77497
701	9.01399	3.3115781	39.3273	39.1076	6.634654	30.77794
702	9.01426	3.3115089	39.5923	39.3710	6.634658	30.77688
703	9.01415	3.3114523	39.8601	39.6373	6.634700	30.77628
704	9.01399	3.3114523	40.1219	39.8977	6.634724	30.77631
705	9.01399	3.3111940	40.3898	40.1640	6.634841	30.77353
706	9.01169	3.3109736	40.6515	40.4242	6.635202	30.77313
707	9.00793	3.3106964	40.9102	40.6814	6.635754	30.77343
708	9.00399	3.3105957	41.1661	40.9359	6.636248	30.77568
709	9.00083	3.3105328	41.4309	41.1992	6.636638	30.77766
710	8.99837	3.3103438	41.6987	41.4655	6.637004	30.77772
711	8.99460	3.3091026	41.9482	41.7135	6.637978	30.76809
712	8.98275	3.3080254	42.2041	41.9679	6.639795	30.76712
713	8.96442	3.3061484	42.4536	42.2161	6.642699	30.76352
714	8.93769	3.3038186	42.7063	42.4673	6.646756	30.76250
715	8.90221	3.3021379	42.9711	42.7306	6.651527	30.77576
716	8.86693	3.3012885	43.2298	42.9878	6.655915	30.79745
717	8.83804	3.3006531	43.4855	43.2421	6.659485	30.81584
718	8.81645	3.2998981	43.7565	43.5115	6.662280	30.82665
719	8.79873	3.2995774	44.0121	43.7657	6.664444	30.83862
720	8.78494	3.2985832	44.2616	44.0137	6.666460	30.84021
721	8.76984	3.2976836	44.5327	44.2832	6.668584	30.84390
722	8.75345	3.2968658	44.7853	44.5344	6.670821	30.84958
723	8.73874	3.2966144	45.0440	44.7917	6.672615	30.85966
724	8.72811	3.2966461	45.2936	45.0399	6.673819	30.86914
725	8.72231	3.2965518	45.5341	45.2790	6.674527	30.87312
726	8.71824	3.2963317	45.7898	45.5332	6.675094	30.87427
727	8.71461	3.2961494	46.0366	45.7786	6.675595	30.87543
728	8.71098	3.2955707	46.2952	46.0357	6.676271	30.87248
729	8.70236	3.2937404	46.5478	46.2869	6.678074	30.86088
730	8.68117	3.2906531	46.8157	46.5532	6.681875	30.84716
731	8.64392	3.2881956	47.0775	46.8135	6.687239	30.85398
732	8.59892	3.2864050	47.3301	47.0647	6.693202	30.87451
733	8.55337	3.2846147	47.5798	47.3129	6.699236	30.89555
734	8.50907	3.2838299	47.8355	47.5672	6.704685	30.92603
735	8.47624	3.2833906	48.0820	47.8123	6.708665	30.95012
736	8.45555	3.2835291	48.3470	48.0758	6.710989	30.96960
737	8.44526	3.2819778	48.5996	48.3269	6.712878	30.96231
738	8.42879	3.2804393	48.8583	48.5841	6.715475	30.96058
739	8.40366	3.2785245	49.1230	48.8474	6.719243	30.96250
740	8.37537	3.2779913	49.3849	49.1077	6.722754	30.98166
741	8.35436	3.2778346	49.6527	49.3740	6.725257	30.99839
742	8.34136	3.2773013	49.9084	49.6282	6.727006	31.00413
743	8.33057	3.2765796	50.1702	49.8885	6.728586	31.00596
744	8.31962	3.2765484	50.4229	50.1398	6.729871	31.01517
745	8.31285	3.2765171	50.6694	50.3849	6.730672	31.02069
746	8.30931	3.2765235	50.9281	50.6421	6.731084	31.02377
747	8.30716	3.2762035	51.1840	50.8965	6.731483	31.02219
748	8.30432	3.2759840	51.4486	51.1596	6.731916	31.02228
749	8.30094	3.2753878	51.7106	51.4201	6.732583	31.01889
750	8.29547	3.2752938	51.9602	51.6682	6.733264	31.02262
751	8.29064	3.2751370	52.2310	51.9375	6.733899	31.02511
752	8.28742	3.2750117	52.5051	52.2100	6.734334	31.02651
753	8.28495	3.2749490	52.7638	52.4672	6.734653	31.02792
754	8.28297	3.2749177	53.0226	52.7245	6.734902	31.02923
755	8.28131	3.2749178	53.2813	52.9817	6.735100	31.03058
756	8.28018	3.2746418	53.5490	53.2480	6.735361	31.02856
757	8.27804	3.2742967	53.8048	53.5023	6.735771	31.02672
758	8.27444	3.2743847	54.0575	53.7535	6.736152	31.03070
759	8.27246	3.2745166	54.3071	54.0017	6.736326	31.03372
760	8.27230	3.2743284	54.5779	54.2709	6.736436	31.03177
761	8.27128	3.2739520	54.8428	54.5343	6.736730	31.02860
762	8.26823	3.2737952	55.1107	54.8006	6.737160	31.02953
763	8.26463	3.2727601	55.3785	55.0669	6.738053	31.02171
764	8.25483	3.2713550	55.6557	55.3425	6.739835	31.01549
765	8.23570	3.2682255	55.9235	55.6087	6.743485	30.99936
766	8.20362	3.2675675	56.1823	55.8660	6.747515	31.02063
767	8.17596	3.2667277	56.4561	56.1383	6.751119	31.03611
768	8.15522	3.2663519	56.7211	56.4018	6.753709	31.05038
769	8.13945	3.2650106	56.9860	56.6651	6.756163	31.05008
770	8.11958	3.2625101	57.2233	56.9011	6.759629	31.04120
771	8.09058	3.2613512	57.4943	57.1705	6.763546	31.05453
772	8.06412	3.2609569	57.7590	57.4337	6.766820	31.07369
773	8.04455	3.2580881	58.0179	57.6910	6.770430	31.06063
774	8.01444	3.2556273	58.3069	57.9784	6.775090	31.06120
775	7.97770	3.2553147	58.5809	58.2508	6.779539	31.09038
776	7.94573	3.2484180	58.8518	58.5202	6.786482	31.04565
777	7.88462	3.2450661	59.1229	58.7896	6.795219	31.06429
778	7.81581	3.2435786	59.3815	59.0468	6.804014	31.10962
779	7.76390	3.2433667	59.6097	59.2737	6.810235	31.15357
780	7.73251	3.2430232	59.7409	59.4041	6.814100	31.17790
781	7.71332	3.2429608	59.7683	59.4314	6.816396	31.19440
782	7.70343	3.2439238	59.7561	59.4192	6.817111	31.21352
783	7.70454	3.2444491	59.7561	59.4192	6.816733	31.21812
784	7.70808	3.2429296	59.7502	59.4134	6.817028	31.19876
785	7.70322	3.2426859	59.7564	59.4195	6.817717	31.20051
786	7.69693	3.2425296	59.7748	59.4378	6.818533	31.20447
787	7.69260	3.2424046	59.7870	59.4499	6.819104	31.20702
788	7.69011	3.2424047	59.7900	59.4530	6.819397	31.20924
789	7.68858	3.2421296	59.7871	59.4501	6.819708	31.20768
790	7.68657	3.2421921	59.7750	59.4380	6.819915	31.21015
791	7.68583	3.2427173	59.7782	59.4412	6.819756	31.21641
792	7.68773	3.2425297	59.7722	59.4353	6.819619	31.21271
793	7.68953	3.2426860	59.7782	59.4412	6.819334	31.21276
794	7.69101	3.2424984	59.7784	59.4414	6.819247	31.20944
795	7.69143	3.2425609	59.7784	59.4414	6.819168	31.20973
796	7.69238	3.2427798	59.7785	59.4415	6.818953	31.21121
797	7.69460	3.2428985	59.7847	59.4476	6.818635	31.21048
798	7.69682	3.2430548	59.7787	59.4417	6.818299	31.21016
799	7.69894	3.2430860	59.7848	59.4478	6.818035	31.20860
800	7.70068	3.2428109	59.7909	59.4538	6.817958	31.20410
801	7.70132	3.2430235	59.7942	59.4571	6.817784	31.20580
802	7.70206	3.2427797	59.7912	59.4541	6.817811	31.20254
803	7.70216	3.2433361	59.7851	59.4481	6.817537	31.20838
804	7.70438	3.2432110	59.7973	59.4602	6.817334	31.20505
805	7.70570	3.2431172	59.7945	59.4574	6.817222	31.20287
806	7.70607	3.2432735	59.7581	59.4212	6.817104	31.20422
807	7.70745	3.2437049	59.6454	59.3092	6.816737	31.20764
808	7.71046	3.2446053	59.4903	59.1549	6.815956	31.21460
809	7.72003	3.2477074	59.3018	58.9675	6.813368	31.23917
810	7.74886	3.2502534	59.1100	58.7769	6.808774	31.24054
811	7.78974	3.2522118	58.9123	58.5803	6.803044	31.22488
812	7.82885	3.2522113	58.7116	58.3807	6.798441	31.18999
813	7.85436	3.2538886	58.4987	58.1690	6.794659	31.18512
814	7.87973	3.2548524	58.2826	57.9542	6.791229	31.17281
815	7.90220	3.2550086	58.0514	57.7244	6.788517	31.15454
816	7.91665	3.2551336	57.8445	57.5187	6.786760	31.14308
817	7.92484	3.2552586	57.6194	57.2949	6.785739	31.13722
818	7.93020	3.2554401	57.4124	57.0891	6.785021	31.13446
819	7.93430	3.2556591	57.2027	56.8805	6.784436	31.13323
820	7.93860	3.2559721	56.9928	56.6719	6.783782	31.13280
821	7.94440	3.2564354	56.7766	56.4569	6.782885	31.13265
822	7.95185	3.2572180	56.5638	56.2453	6.781646	31.13441
823	7.96232	3.2584204	56.3538	56.0366	6.779859	31.13790
824	7.97744	3.2593034	56.1500	55.8339	6.777679	31.13390
825	7.99367	3.2603932	55.9400	55.6252	6.775273	31.13108
826	8.01274	3.2627301	55.7149	55.4013	6.771962	31.13895
827	8.04087	3.2644470	55.4990	55.1867	6.767882	31.13218
828	8.07175	3.2657567	55.2740	54.9630	6.763674	31.11869
829	8.10030	3.2670102	55.0427	54.7331	6.759767	31.10669
830	8.12615	3.2686340	54.8176	54.5092	6.756009	31.10100
831	8.15308	3.2699130	54.6106	54.3034	6.752287	31.09071
832	8.17885	3.2705085	54.3946	54.0887	6.749015	31.07426
833	8.19838	3.2711355	54.1816	53.8769	6.746456	31.06368
834	8.21374	3.2717564	53.9626	53.6592	6.744386	31.05672
835	8.22713	3.2721953	53.7526	53.4504	6.742628	31.04960
836	8.23779	3.2723833	53.5458	53.2447	6.741302	31.04225
837	8.24497	3.2725087	53.3359	53.0360	6.740409	31.03733
838	8.24968	3.2725713	53.1107	52.8122	6.739829	31.03392
839	8.25252	3.2726339	52.8917	52.5944	6.739467	31.03217
840	8.25424	3.2726966	52.6636	52.3676	6.739235	31.03141
841	8.25552	3.2727592	52.4506	52.1559	6.739054	31.03103
842	8.25665	3.2728533	52.2317	51.9382	6.738876	31.03112
843	8.25783	3.2730414	52.0188	51.7265	6.738650	31.03215
844	8.26024	3.2734492	51.7995	51.5085	6.738181	31.03440
845	8.26458	3.2737314	51.5867	51.2969	6.737545	31.03363
846	8.26935	3.2737941	51.3677	51.0791	6.736959	31.03017
847	8.27257	3.2738567	51.1485	50.8612	6.736554	31.02809
848	8.27466	3.2741390	50.9447	50.6586	6.736180	31.02929
849	8.27836	3.2745782	50.7287	50.4438	6.735547	31.03074
850	8.28404	3.2748604	50.5036	50.2200	6.734756	31.02878
851	8.28919	3.2749482	50.2876	50.0053	6.734116	31.02526
852	8.29273	3.2748539	50.0807	49.7995	6.733745	31.02124
853	8.29397	3.2748225	49.8647	49.5847	6.733613	31.01992
854	8.29440	3.2750107	49.6487	49.3701	6.733473	31.02161
855	8.29579	3.2753872	49.4295	49.1520	6.733137	31.02442
856	8.29976	3.2757636	49.2168	48.9406	6.732502	31.02497
857	8.30529	3.2757321	49.0006	48.7256	6.731873	31.01986
858	8.30851	3.2757006	48.7696	48.4959	6.731510	31.01679
859	8.30990	3.2757633	48.5533	48.2809	6.731316	31.01631
860	8.31103	3.2761398	48.3345	48.0634	6.731011	31.01937
861	8.31500	3.2772382	48.1124	47.8425	6.730048	31.02749
862	8.32595	3.2780541	47.9025	47.6338	6.728408	31.02648
863	8.33921	3.2790899	47.6895	47.4220	6.726401	31.02575
864	8.35742	3.2813189	47.4765	47.2102	6.723284	31.03316
865	8.38661	3.2824176	47.2635	46.9985	6.719415	31.01905
866	8.41463	3.2831711	47.0445	46.7808	6.715839	31.00238
867	8.43794	3.2840503	46.8195	46.5570	6.712753	30.99118
868	8.45943	3.2845526	46.6186	46.3572	6.710049	30.97765
869	8.47791	3.2853377	46.3905	46.1304	6.707565	30.96972
870	8.49661	3.2868142	46.1743	45.9155	6.704745	30.96882
871	8.52099	3.2885171	45.9585	45.7009	6.701175	30.96531
872	8.55084	3.2902141	45.7455	45.4891	6.696984	30.95694
873	8.58211	3.2911568	45.5325	45.2774	6.692971	30.93946
874	8.60822	3.2918166	45.3226	45.0687	6.689680	30.92359
875	8.62812	3.2925458	45.1126	44.8599	6.687071	30.91387
876	8.64544	3.2934260	44.9028	44.6513	6.684693	30.90798
877	8.66330	3.2941176	44.6776	44.4273	6.682337	30.89967
878	8.67944	3.2944759	44.4617	44.2126	6.680328	30.88940
879	8.69174	3.2948783	44.2456	43.9978	6.678739	30.88295
880	8.70171	3.2951612	44.0205	43.7740	6.677470	30.87729
881	8.70924	3.2953183	43.7893	43.5441	6.676535	30.87245
882	8.71472	3.2955069	43.5702	43.3263	6.675822	30.86973
883	8.71916	3.2956955	43.3451	43.1024	6.675226	30.86791
884	8.72296	3.2959156	43.1414	42.8999	6.674691	30.86698
885	8.72670	3.2960413	42.9314	42.6911	6.674205	30.86511
886	8.72952	3.2960916	42.7276	42.4885	6.673857	30.86327
887	8.73245	3.2969912	42.5207	42.2827	6.673119	30.87014
888	8.74227	3.2987907	42.3107	42.0739	6.671197	30.88034
889	8.76365	3.3004646	42.1040	41.8684	6.668013	30.87916
890	8.79146	3.3019184	41.8878	41.6535	6.664199	30.87011
891	8.82015	3.3032465	41.6658	41.4327	6.660342	30.85900
892	8.85055	3.3054943	41.4498	41.2179	6.655890	30.85592
893	8.88620	3.3064197	41.2247	40.9942	6.651429	30.83462
894	8.91616	3.3070745	40.9965	40.7672	6.647738	30.81549
895	8.93818	3.3076159	40.7774	40.5494	6.644999	30.80209
896	8.95471	3.3079622	40.5675	40.3407	6.642970	30.79144
897	8.96638	3.3081825	40.3545	40.1289	6.641547	30.78369
898	8.97435	3.3082138	40.1447	39.9203	6.640627	30.77721
899	8.97931	3.3082263	39.9287	39.7055	6.640055	30.77314
900	8.98172	3.3082451	39.7156	39.4936	6.639771	30.77135
901	8.98292	3.3083143	39.4996	39.2788	6.639601	30.77111
902	8.98395	3.3083458	39.2776	39.0581	6.639466	30.77063
903	8.98477	3.3084087	39.0585	38.8403	6.639342	30.77067
904	8.98565	3.3084401	38.8395	38.6225	6.639225	30.77033
905	8.98657	3.3085282	38.6174	38.4017	6.639077	30.77053
906	8.98783	3.3086290	38.4014	38.1869	6.638887	30.77058
907	8.98936	3.3086919	38.1885	37.9752	6.638683	30.76999
908	8.99061	3.3087548	37.9785	37.7664	6.638509	30.76964
909	8.99209	3.3088492	37.7594	37.5486	6.638297	30.76944
910	8.99433	3.3092461	37.5434	37.3338	6.637866	30.77168
911	8.99930	3.3096429	37.3031	37.0948	6.637126	30.77158
912	9.00672	3.3103108	37.0871	36.8801	6.635989	30.77213
913	9.01743	3.3112244	36.8711	36.6653	6.634375	30.77237
914	9.03246	3.3124973	36.6582	36.4535	6.632117	30.77258
915	9.05378	3.3147855	36.4422	36.2388	6.628706	30.77780
916	9.08863	3.3175723	36.2230	36.0209	6.623555	30.77645
917	9.13217	3.3186567	36.0131	35.8122	6.618174	30.75011
918	9.16885	3.3198674	35.7941	35.5943	6.613517	30.73102
919	9.19924	3.3212046	35.5690	35.3706	6.609516	30.71866
920	9.22719	3.3226051	35.3499	35.1527	6.605766	30.70907
921	9.25395	3.3236461	35.1339	34.9379	6.602309	30.69682
922	9.27655	3.3240371	34.9118	34.7171	6.599602	30.68151
923	9.29234	3.3242641	34.6897	34.4963	6.597730	30.67038
924	9.30241	3.3244533	34.4708	34.2786	6.596516	30.66377
925	9.30907	3.3246110	34.2639	34.0728	6.595698	30.65976
926	9.31397	3.3248886	34.0539	33.8640	6.595026	30.65849
927	9.31859	3.3250905	33.8409	33.6522	6.594418	30.65668
928	9.32316	3.3253113	33.6219	33.4344	6.593807	30.65511
929	9.32806	3.3255321	33.4119	33.2256	6.593160	30.65325
930	9.33285	3.3257277	33.1960	33.0109	6.592535	30.65124
931	9.33754	3.3261316	32.9829	32.7991	6.591834	30.65144
932	9.34398	3.3265545	32.7700	32.5874	6.590927	30.65033
933	9.35313	3.3270973	32.5478	32.3665	6.589667	30.64813
934	9.36443	3.3277980	32.3349	32.1547	6.588098	30.64570
935	9.37827	3.3285304	32.1311	31.9521	6.586234	30.64141
936	9.39288	3.3290985	31.9151	31.7373	6.584353	30.63479
937	9.40805	3.3306394	31.6991	31.5225	6.581995	30.63762
938	9.43290	3.3322373	31.4800	31.3047	6.578535	30.63276
939	9.46687	3.3336080	31.2670	31.0929	6.574157	30.61778
940	9.50331	3.3349536	31.0450	30.8721	6.569521	30.60046
941	9.53951	3.3359138	30.8169	30.6454	6.565081	30.57946
942	9.57496	3.3375758	30.6068	30.4364	6.560431	30.56624
943	9.61688	3.3388271	30.3939	30.2247	6.555243	30.54337
944	9.65891	3.3398825	30.1810	30.0130	6.550132	30.51847
945	9.69614	3.3406156	29.9649	29.7981	6.545695	30.49441
946	9.72690	3.3413235	29.7581	29.5925	6.541989	30.47561
947	9.75217	3.3418671	29.5512	29.3868	6.538962	30.45981
948	9.77327	3.3424677	29.3261	29.1629	6.536373	30.44813
949	9.79306	3.3428279	29.1222	28.9602	6.534033	30.43514
950	9.80945	3.3432135	28.9061	28.7453	6.532058	30.42529
951	9.82378	3.3440167	28.6902	28.5306	6.530136	30.42138
952	9.84292	3.3452123	28.4771	28.3187	6.527521	30.41738
953	9.86905	3.3461674	28.2702	28.1130	6.524238	30.40507
954	9.89541	3.3466480	28.0572	27.9012	6.521130	30.38779
955	9.91632	3.3470654	27.8535	27.6986	6.518651	30.37448
956	9.93260	3.3474955	27.6497	27.4959	6.516678	30.36521
957	9.94597	3.3476725	27.4428	27.2902	6.515130	30.35584
958	9.95526	3.3477040	27.2146	27.0633	6.514092	30.34844
959	9.96102	3.3478368	27.0047	26.8546	6.513399	30.34502
960	9.96522	3.3480455	26.7765	26.6277	6.512847	30.34369
961	9.97015	3.3483492	26.5512	26.4037	6.512176	30.34270
962	9.97597	3.3485073	26.3383	26.1920	6.511466	30.33948
963	9.98191	3.3486718	26.1222	25.9770	6.510742	30.33624
964	9.98678	3.3486843	25.9153	25.7713	6.510198	30.33236
965	9.99031	3.3487032	25.6994	25.5567	6.509799	30.32968
966	9.99267	3.3487664	25.4772	25.3357	6.509511	30.32843
967	9.99423	3.3487473	25.2644	25.1240	6.509343	30.32701
968	9.99480	3.3488295	25.0574	24.9183	6.509244	30.32745
969	9.99642	3.3489560	24.8475	24.7095	6.509009	30.32745
970	9.99877	3.3491205	24.6438	24.5069	6.508679	30.32721
971	10.00174	3.3492344	24.4277	24.2920	6.508302	30.32595
972	10.00533	3.3493419	24.2270	24.0925	6.507860	30.32410
973	10.00886	3.3494367	24.0200	23.8866	6.507430	30.32218
974	10.01166	3.3494746	23.8041	23.6719	6.507103	30.32030
975	10.01374	3.3495378	23.5818	23.4510	6.506845	30.31929
976	10.01553	3.3496327	23.3720	23.2423	6.506605	30.31882
977	10.01710	3.3496959	23.1499	23.0214	6.506403	30.31823
978	10.01794	3.3496958	22.9308	22.8035	6.506307	30.31761
979	10.01862	3.3497844	22.7178	22.5917	6.506193	30.31803
980	10.01957	3.3498919	22.4986	22.3738	6.506040	30.31840
981	10.02080	3.3498919	22.3041	22.1804	6.505902	30.31744
982	10.02164	3.3498791	22.0972	21.9746	6.505811	30.31669
983	10.02181	3.3499550	21.8933	21.7719	6.505758	30.31740
984	10.02237	3.3503095	21.6834	21.5631	6.505546	30.32057
985	10.02686	3.3516897	21.4704	21.3513	6.504478	30.33074
986	10.04026	3.3528990	21.2545	21.1367	6.502504	30.33172
987	10.05990	3.3540704	21.0383	20.9217	6.499864	30.32709
988	10.08107	3.3551659	20.8163	20.7009	6.497090	30.32043
989	10.10236	3.3560968	20.6003	20.4861	6.494373	30.31202
990	10.12242	3.3572433	20.3934	20.2804	6.491702	30.30679
991	10.14435	3.3586434	20.1773	20.0655	6.488726	30.30255
992	10.17204	3.3599359	19.9613	19.8507	6.485167	30.29242
993	10.20554	3.3613173	19.7544	19.6449	6.480942	30.27833
994	10.24117	3.3625784	19.5414	19.4331	6.476539	30.26129
995	10.27609	3.3638714	19.3344	19.2273	6.472205	30.24517
996	10.30969	3.3651837	19.1187	19.0127	6.468012	30.23037
997	10.34224	3.3664898	18.9086	18.8039	6.463939	30.21639
998	10.37528	3.3674282	18.7047	18.6011	6.459968	30.19837
999	10.40511	3.3680748	18.4887	18.3863	6.456467	30.18013
1000	10.42936	3.3685313	18.2787	18.1775	6.453650	30.16465
1001	10.44886	3.3687531	18.0568	17.9568	6.451445	30.15080
1002	10.46207	3.3688797	17.8406	17.7418	6.449960	30.14121
1003	10.47143	3.3690509	17.6186	17.5211	6.448874	30.13525
1004	10.47875	3.3692030	17.3965	17.3002	6.448016	30.13079
1005	10.48556	3.3695582	17.1713	17.0762	6.447132	30.12878
1006	10.49493	3.3700656	16.9583	16.8644	6.445911	30.12615
1007	10.50748	3.3706302	16.7453	16.6527	6.444322	30.12146
1008	10.52117	3.3710805	16.5323	16.4408	6.442658	30.11470
1009	10.53435	3.3711755	16.3376	16.2473	6.441192	30.10483
1010	10.54549	3.3710167	16.1246	16.0354	6.440049	30.09416
1011	10.55675	3.3709847	15.9147	15.8267	6.438843	30.08464
1012	10.57039	3.3714478	15.7078	15.6209	6.437180	30.07805
1013	10.58809	3.3719553	15.4918	15.4061	6.435063	30.06858
1014	10.60687	3.3724437	15.2755	15.1911	6.432837	30.05802
1015	10.62447	3.3727735	15.0626	14.9793	6.430804	30.04689
1016	10.64025	3.3731859	14.8558	14.7736	6.428935	30.03806
1017	10.65673	3.3735094	14.6429	14.5619	6.427028	30.02780
1018	10.67355	3.3739599	14.4208	14.3411	6.425033	30.01852
1019	10.69386	3.3746198	14.2078	14.1293	6.422580	30.00843
1020	10.71978	3.3753560	13.9917	13.9143	6.419495	29.99451
1021	10.74943	3.3761683	13.7788	13.7026	6.415982	29.97830
1022	10.77939	3.3770824	13.5565	13.4815	6.412397	29.96286
1023	10.80691	3.3775583	13.3375	13.2638	6.409252	29.94511
1024	10.82895	3.3777866	13.1184	13.0459	6.406795	29.92943
1025	10.84539	3.3779134	12.9177	12.8463	6.404980	29.91734
1026	10.85714	3.3781800	12.6986	12.6284	6.403612	29.91045
1027	10.86649	3.3782751	12.4857	12.4167	6.402570	29.90385
1028	10.87388	3.3783765	12.2819	12.2140	6.401735	29.89889
1029	10.88042	3.3785034	12.0748	12.0081	6.400982	29.89489
1030	10.88856	3.3785668	11.8739	11.8083	6.400082	29.88896
1031	10.89803	3.3786873	11.6640	11.5996	6.399018	29.88251
1032	10.90721	3.3773026	11.4510	11.3877	6.398580	29.86155
1033	10.91553	3.3786235	11.2350	11.1729	6.397164	29.86780
1034	10.92351	3.3785661	11.0281	10.9672	6.396330	29.86083
1035	10.93213	3.3787248	10.8091	10.7494	6.395342	29.85546
1036	10.94138	3.3789596	10.6022	10.5437	6.394258	29.85032
1037	10.95321	3.3797344	10.3892	10.3318	6.392684	29.84837
1038	10.97758	3.3821738	10.1641	10.1080	6.389116	29.85252
1039	11.04077	3.3859102	9.9480	9.8931	6.380905	29.83782
1040	11.14453	3.3885793	9.7319	9.6782	6.368821	29.77990
1041	11.24840	3.3906005	9.5190	9.4665	6.357014	29.71583
1042	11.33451	3.3921897	9.3090	9.2576	6.347285	29.66209
1043	11.39888	3.3934996	9.0929	9.0428	6.339978	29.62324
1044	11.44549	3.3942180	8.8891	8.8401	6.334784	29.59297
1045	11.47706	3.3947012	8.6730	8.6252	6.331270	29.57249
1046	11.49769	3.3950318	8.4784	8.4316	6.328968	29.55928
1047	11.51145	3.3952543	8.2714	8.2258	6.327432	29.55053
1048	11.52044	3.3954896	8.0736	8.0291	6.326393	29.54571
1049	11.52715	3.3958140	7.8666	7.8233	6.325560	29.54357
1050	11.53549	3.3960621	7.6599	7.6176	6.324585	29.53939
1051	11.54576	3.3963738	7.4528	7.4118	6.323383	29.53429
1052	11.55715	3.3965327	7.2520	7.2121	6.322122	29.52683
1053	11.56831	3.3962461	7.0482	7.0094	6.321057	29.51527
1054	11.58028	3.3958449	6.8533	6.8156	6.319949	29.50195
1055	11.59180	3.3955011	6.6496	6.6129	6.318868	29.48956
1056	11.60080	3.3943109	6.4395	6.4040	6.318374	29.47103
1057	11.61080	3.3919948	6.2266	6.1923	6.318205	29.44090
1058	11.62361	3.3870786	6.0228	5.9896	6.318731	29.38354
1059	11.64315	3.3812183	5.8128	5.7808	6.318906	29.31185
1060	11.66897	3.3745302	5.6028	5.5720	6.318733	29.22737
1061	11.69798	3.3722064	5.3929	5.3632	6.316562	29.18236
1062	11.72061	3.3707084	5.1951	5.1665	6.314747	29.15031
1063	11.73722	3.3675357	5.0004	4.9728	6.314201	29.10699
1064	11.75259	3.3645481	4.8026	4.7762	6.313712	29.06644
1065	11.76721	3.3618786	4.5987	4.5734	6.313182	29.02955
1066	11.78037	3.3601035	4.4009	4.3767	6.312466	29.00239
1067	11.79071	3.3596216	4.1971	4.1740	6.311557	28.98981
1068	11.79712	3.3598243	3.9902	3.9682	6.310804	28.98683
1069	11.80018	3.3604263	3.7741	3.7533	6.310251	28.99029
1070	11.80165	3.3602995	3.5550	3.5354	6.310141	28.98801
1071	11.80364	3.3590001	3.3358	3.3175	6.310419	28.97412
1072	11.80647	3.3578783	3.1046	3.0875	6.310543	28.96130
1073	11.80917	3.3582014	2.8825	2.8666	6.310133	28.96236
1074	11.81141	3.3593927	2.6816	2.6669	6.309444	28.97208
1075	11.81193	3.3601025	2.4961	2.4823	6.309118	28.97852
1076	11.81158	3.3604891	2.3044	2.2917	6.309006	28.98256
1077	11.81158	3.3539818	2.1187	2.1071	6.311462	28.92047
1078	11.81152	3.3607425	1.9149	1.9044	6.308911	28.98517
1079	11.81141	3.3609136	1.7110	1.7016	6.308855	28.98698
1080	11.81193	3.3609452	1.4920	1.4838	6.308785	28.98695
1081	11.81193	3.3610783	1.2576	1.2507	6.308731	28.98831
1082	11.81146	3.3611669	1.0021	0.9966	6.308743	28.98962
1083	11.80999	3.3607802	0.7555	0.7514	6.309040	28.98716
1084	11.80841	3.3603935	0.5303	0.5274	6.309350	28.98478
1085	11.80770	3.3602223	0.3447	0.3428	6.309486	28.98377
1086	11.80817	3.3603300	0.2048	0.2037	6.309394	28.98448
1087	11.80888	3.3603300	0.0953	0.0948	6.309318	28.98397
1088	11.80935	3.3601588	-0.0295	-0.0293	6.309331	28.98202
1089	11.80929	3.3598165	-0.1847	-0.1837	6.309464	28.97885
1090	11.80905	2.6400791	-0.2059	-0.2047	6.582824	22.21289
1091	11.80705	0.5134936	-0.2058	-0.2047	7.389196	3.78395
1092	11.79547	0.3342911	-0.2029	-0.2018	7.455660	2.39738
1093	11.77432	0.3871780	-0.1997	-0.1986	7.440279	2.80361
1094	11.75400	1.7191794	-0.1997	-0.1986	6.942481	13.92124
1095	11.74103	2.6907871	-0.1996	-0.1985	6.571544	22.72360
1096	11.72701	3.3053558	-0.2056	-0.2045	6.338800	28.52212
1097	11.72484	1.1809076	-0.2055	-0.2043	7.152484	9.27319
1098	11.72337	0.6685920	-0.2024	-0.2013	7.345675	5.02892
1099	11.71768	0.6645372	-0.2024	-0.2013	7.348093	4.99702
1100	11.71340	0.5867225	-0.1992	-0.1981	7.377580	4.37399
1101	11.70853	0.4905117	-0.2022	-0.2011	7.413698	3.61303
1102	11.70238	0.4495219	-0.2023	-0.2011	7.429651	3.29267
1103	11.69546	0.5193695	-0.1991	-0.1980	7.405277	3.84160
1104	11.68843	0.4990043	-0.2022	-0.2010	7.413892	3.68177
1105	11.68075	0.4466287	-0.2050	-0.2039	7.434275	3.27199
1106	11.67307	0.3925264	-0.2021	-0.2009	7.455170	2.85249
1107	11.66476	0.3565809	-0.2020	-0.2009	7.469515	2.57633
1108	11.65691	0.3546555	-0.2019	-0.2007	7.471520	2.56210
1109	11.64936	0.3375557	-0.2080	-0.2068	7.478926	2.43167
1110	11.64186	0.3026239	-0.2079	-0.2067	7.492679	2.16617
1111	11.63355	0.2753673	-0.1988	-0.1977	7.503776	1.96059
1112	11.62472	0.2957698	-0.2108	-0.2096	7.498012	2.11520
1113	11.61600	0.3463875	-0.2017	-0.2006	7.481345	2.50147
1114	11.60635	0.3678320	-0.2017	-0.2005	7.475227	2.66691
1115	11.59764	0.3522755	-0.2076	-0.2064	7.482303	2.54788
1116	11.58882	0.3226528	-0.2045	-0.2034	7.494445	2.32170
1117	11.57929	0.2832666	-0.2015	-0.2004	7.510144	2.02309
1118	11.56971	0.2677367	-0.2044	-0.2033	7.517295	1.90641
1119	11.56007	0.2559899	-0.2014	-0.2003	7.523103	1.81854
1120	11.55114	0.2549658	-0.2011	-0.2000	7.524984	1.81128
1121	11.54314	0.2492687	-0.2043	-0.2032	7.528365	1.76891
1122	11.53607	0.2350804	-0.2042	-0.2031	7.534591	1.66304
1123	11.52971	0.2178692	-0.2042	-0.2031	7.541748	1.53507
1124	11.52324	0.2076116	-0.2041	-0.2030	7.546462	1.45921
1125	11.51723	0.1968851	-0.2040	-0.2029	7.551253	1.38009
1126	11.50994	0.1843525	-0.2040	-0.2029	7.556886	1.28799
1127	11.50131	0.1760491	-0.2039	-0.2028	7.561264	1.22730
1128	11.49349	0.1685772	-0.2008	-0.1997	7.565208	1.17283
1129	11.48341	0.1640294	-0.2038	-0.2027	7.568524	1.13990
1130	11.47339	0.1579161	-0.2038	-0.2027	7.572373	1.09559
1131	11.46564	0.1536357	-0.2068	-0.2056	7.575193	1.06464
1132	11.45638	0.1499624	-0.2098	-0.2087	7.578064	1.03819
1133	11.44613	0.1488853	-0.2097	-0.2086	7.580207	1.03064
1134	11.43716	0.1485494	-0.2007	-0.1996	7.581873	1.02845
1135	11.42994	0.1492311	-0.2066	-0.2054	7.582885	1.03360
1136	11.42349	0.1507072	-0.2035	-0.2024	7.583490	1.04452
1137	11.41819	0.1523392	-0.2096	-0.2084	7.583839	1.05654
1138	11.41226	0.1532298	-0.2064	-0.2053	7.584556	1.06320
1139	11.40702	0.1540911	-0.2004	-0.1993	7.585162	1.06963
1140	11.40208	0.1612241	-0.2002	-0.1991	7.583534	1.12185
1141	11.39690	0.1748040	-0.1941	-0.1931	7.579683	1.22157
1142	11.38795	0.1935624	-0.2062	-0.2051	7.574635	1.36025
1143	11.37534	0.2150498	-0.2032	-0.2021	7.569206	1.52037
1144	11.36604	0.2301619	-0.2031	-0.2020	7.565429	1.63373
1145	11.35721	0.2375434	-0.2031	-0.2020	7.564310	1.68950
1146	11.34960	0.2419906	-0.2030	-0.2018	7.564025	1.72328
1147	11.34107	0.2469867	-0.1970	-0.1959	7.563701	1.76129
1148	11.33021	0.2548664	-0.2028	-0.2017	7.562734	1.82126
1149	11.31675	0.2598597	-0.2058	-0.2047	7.563247	1.85967
1150	11.30398	0.2543374	-0.2029	-0.2017	7.567424	1.81854
1151	11.29302	0.2371919	-0.2059	-0.2048	7.575466	1.68976
1152	11.28241	0.2259865	-0.2028	-0.2016	7.581307	1.60605
1153	11.27412	0.2562239	-0.2057	-0.2046	7.571872	1.83427
1154	11.26300	0.3361323	-0.2057	-0.2046	7.544712	2.44596
1155	11.25083	0.3459402	-0.2087	-0.2076	7.543183	2.52259
1156	11.23584	0.3689929	-0.2088	-0.2076	7.537241	2.70255
1157	11.22102	0.3759122	-0.2055	-0.2044	7.537199	2.75752
1158	11.20476	0.3695949	-0.2085	-0.2074	7.542296	2.70950
1159	11.18926	0.3530560	-0.2055	-0.2044	7.551044	2.58198
1160	11.17463	0.3269166	-0.2054	-0.2043	7.563173	2.38052
1161	11.16238	0.3114814	-0.2024	-0.2013	7.570942	2.26227
1162	11.15048	0.2987725	-0.1991	-0.1980	7.577645	2.16527
1163	11.13812	0.2928272	-0.2053	-0.2042	7.581947	2.12036
1164	11.12547	0.2861961	-0.2053	-0.2042	7.586551	2.07026
1165	11.11260	0.2733257	-0.2053	-0.2042	7.593475	1.97253
1166	11.10060	0.2643316	-0.2021	-0.2010	7.598831	1.90455
1167	11.09057	0.2648386	-0.1990	-0.1979	7.600381	1.90893
1168	11.07926	0.2697196	-0.2021	-0.2010	7.600551	1.94675
1169	11.06785	0.2767982	-0.2020	-0.2009	7.599932	2.00147
1170	11.05632	0.2751462	-0.2019	-0.2008	7.602530	1.98945
1171	11.04659	0.2720424	-0.2079	-0.2068	7.605352	1.96622
1172	11.03852	0.2706803	-0.2019	-0.2008	7.607247	1.95623
1173	11.02908	0.2651594	-0.2048	-0.2037	7.610906	1.91454
1174	11.01952	0.2554576	-0.2018	-0.2007	7.616115	1.84102
1175	11.01106	0.2454118	-0.2018	-0.2007	7.621256	1.76499
1176	11.00318	0.2364654	-0.2139	-0.2128	7.625891	1.69745
1177	10.99512	0.2284783	-0.2080	-0.2068	7.630203	1.63732
1178	10.98707	0.2210177	-0.2048	-0.2036	7.634320	1.58129
1179	10.97994	0.2147457	-0.2017	-0.2006	7.637843	1.53428
