Salinity, Practical [PSU]	Temperature [ITS-90, deg C]	Depth [salt water, m]
0.02131	16.52957	-0.0316
0.02131	16.52896	-0.0317
0.02118	16.52796	-0.0316
0.02126	16.52742	-0.0256
0.02126	16.52708	-0.0286
0.02121	16.52621	-0.0318
0.02126	16.52520	-0.0286
0.02126	16.52413	-0.0317
0.02121	16.52326	-0.0317
0.02126	16.52205	-0.0286
0.02131	16.52044	-0.0287
0.02121	16.51856	-0.0287
0.02126	16.51708	-0.0227
0.02131	16.51608	-0.0226
0.02121	16.51567	-0.0286
0.02126	16.51520	-0.0317
0.02126	16.51426	-0.0256
0.02126	16.51366	-0.0317
0.02126	16.51292	-0.0286
0.02121	16.51238	-0.0317
0.02126	16.51138	-0.0256
0.02121	16.51004	-0.0257
0.02111	16.50916	-0.0287
0.02121	16.50943	-0.0256
0.02118	16.50809	-0.0286
0.02126	16.50688	-0.0287
0.02121	16.50621	-0.0225
0.02121	16.50319	-0.0317
0.02121	16.50004	-0.0226
0.02126	16.49910	-0.0225
0.02121	16.49836	-0.0286
0.02121	16.49823	-0.0226
1.07066	16.40377	0.0228
8.58219	15.58155	0.0955
23.58336	14.72576	0.1864
24.19035	14.12421	0.2592
24.64591	13.71219	0.3500
24.95075	13.40848	0.4076
25.18656	13.20577	0.4590
25.28339	13.08410	0.4833
25.37769	13.01561	0.4893
25.45157	12.96224	0.4893
25.49326	12.93919	0.4955
25.53756	12.92803	0.4893
25.57221	12.92385	0.4893
25.58036	12.92724	0.4954
25.59019	12.93258	0.4984
25.62540	12.93519	0.4893
25.67257	12.93628	0.4893
25.66254	12.93597	0.4924
25.63830	12.92658	0.4924
25.60487	12.91124	0.4984
25.54356	12.91270	0.4985
25.49811	12.92446	0.5015
25.47060	12.93027	0.5015
25.44467	12.92815	0.5076
25.44286	12.92033	0.5076
25.45940	12.90803	0.5136
25.45727	12.89719	0.5105
25.43310	12.89010	0.5136
25.40000	12.88623	0.5287
25.35119	12.88259	0.5711
25.33235	12.88054	0.6226
25.36559	12.88477	0.6802
25.47151	12.89767	0.7045
25.48853	12.92694	0.6984
25.41363	12.97699	0.7045
25.32485	13.01324	0.7014
25.27948	13.01987	0.6954
25.27457	12.99605	0.6985
25.28745	12.96891	0.7105
25.30534	12.94986	0.7075
25.32447	12.93719	0.7045
25.33728	12.92755	0.7014
25.33860	12.91761	0.6985
25.33637	12.90555	0.6954
25.34188	12.89386	0.7015
25.35449	12.88471	0.6984
25.36779	12.87981	0.6954
25.37979	12.88144	0.7045
25.38184	12.88483	0.7045
25.36988	12.88471	0.7045
25.36147	12.88005	0.7106
25.37118	12.87448	0.7167
25.38650	12.87152	0.7076
25.40067	12.87285	0.7105
25.40959	12.87660	0.7076
25.39770	12.87787	0.7075
25.38446	12.87448	0.7046
25.38731	12.86988	0.7046
25.39631	12.86631	0.7076
25.40749	12.86619	0.7015
25.41576	12.86982	0.7046
25.41558	12.87418	0.7046
25.40171	12.87448	0.7015
25.39721	12.87049	0.7107
25.40885	12.86583	0.7106
25.42185	12.86425	0.7046
25.43348	12.86722	0.7046
25.43885	12.87224	0.7077
25.43238	12.87388	0.6986
25.42339	12.87073	0.6985
25.43228	12.86341	0.7016
25.44880	12.85693	0.7016
25.46679	12.85687	0.7016
25.47054	12.86565	0.7107
25.47235	12.87715	0.7046
25.47441	12.88084	0.7077
25.48436	12.87672	0.7077
25.50098	12.87103	0.7108
25.52351	12.87024	0.7137
25.54231	12.87836	0.7138
25.55251	12.89089	0.7047
25.56023	12.89785	0.7078
25.56764	12.90070	0.7017
25.57417	12.90276	0.7018
25.57772	12.90525	0.7047
25.57664	12.90834	0.7047
25.57466	12.91336	0.7017
25.57329	12.92173	0.7047
25.57276	12.93209	0.7078
25.57133	12.94337	0.7108
25.56861	12.95508	0.7138
25.56673	12.96770	0.7108
25.56761	12.98306	0.7109
25.56084	13.00437	0.7048
25.54570	13.03513	0.7018
25.52722	13.07065	0.6988
25.51155	13.10176	0.7018
25.50061	13.12626	0.6957
25.49224	13.14693	0.7018
25.48348	13.16694	0.7080
25.47382	13.18781	0.7079
25.46348	13.20888	0.7110
25.45407	13.22856	0.7140
25.44272	13.24715	0.7140
25.42704	13.26648	0.7140
25.41064	13.28650	0.7140
25.39602	13.30762	0.7079
25.38374	13.32944	0.7050
25.37247	13.35109	0.6989
25.36377	13.37047	0.7019
25.35655	13.38705	0.6960
25.35018	13.40141	0.7080
25.34326	13.41487	0.7081
25.33544	13.42851	0.7081
25.32580	13.44222	0.7081
25.31450	13.45661	0.7111
25.30154	13.47169	0.7111
25.28890	13.48720	0.7081
25.27581	13.50333	0.7112
25.26282	13.51991	0.7021
25.25072	13.53667	0.7051
25.24117	13.55234	0.7022
25.23352	13.56597	0.6990
25.22675	13.57776	0.7022
25.22127	13.58819	0.7052
25.21658	13.59776	0.7112
25.21082	13.60659	0.7083
25.20419	13.61499	0.7204
25.19777	13.62309	0.7174
25.19100	13.63088	0.7174
25.18343	13.63854	0.7143
25.17575	13.64646	0.7143
25.17000	13.65456	0.7084
25.16633	13.66217	0.7083
25.16530	13.66829	0.7054
25.16518	13.67318	0.6993
25.16580	13.67745	0.6993
25.16693	13.68111	0.7085
25.16723	13.68494	0.7084
25.16579	13.68841	0.7085
25.16154	13.69144	0.7114
25.15677	13.69367	0.7085
25.15239	13.69522	0.7085
25.14806	13.69696	0.7085
25.14457	13.69900	0.7055
25.14341	13.70086	0.7086
25.14413	13.70296	0.7056
25.14451	13.70600	0.7086
25.14417	13.70947	0.7086
25.14468	13.71331	0.7056
25.14590	13.71709	0.7086
25.14602	13.72112	0.7118
25.14371	13.72490	0.7238
25.13911	13.72831	0.7147
25.13363	13.73103	0.7209
25.12725	13.73314	0.7148
25.12080	13.73500	0.7088
25.11483	13.73723	0.7118
25.11120	13.73915	0.7118
25.11097	13.74027	0.7058
25.11207	13.74188	0.6998
25.11353	13.74368	0.7028
25.11374	13.74622	0.7059
25.11262	13.74827	0.7059
25.10974	13.74982	0.7089
25.10523	13.75032	0.7120
25.10134	13.74945	0.7090
25.09790	13.74883	0.7120
25.09550	13.74870	0.7090
25.09405	13.74815	0.7091
25.09308	13.74684	0.7091
25.09260	13.74548	0.7121
25.09396	13.74306	0.7091
25.09502	13.74008	0.7060
25.09657	13.73705	0.7092
25.09966	13.73382	0.7122
25.10276	13.73153	0.7092
25.10287	13.73060	0.7092
25.10063	13.72973	0.7123
25.09840	13.72775	0.7093
25.09821	13.72483	0.7123
25.09760	13.72248	0.7184
25.09680	13.72093	0.7154
25.09649	13.71913	0.7094
25.09694	13.71591	0.7094
25.09989	13.71182	0.7034
25.10442	13.70742	0.7034
25.10848	13.70433	0.7064
25.11163	13.70346	0.7064
25.11216	13.70408	0.7095
25.11117	13.70501	0.7126
25.10949	13.70513	0.7155
25.10808	13.70408	0.7186
25.10576	13.70241	0.7187
25.10290	13.70123	0.7187
25.10000	13.70036	0.7097
25.09976	13.69912	0.7067
25.10173	13.69788	0.6976
25.10443	13.69764	0.6976
25.10612	13.69968	0.7037
25.10764	13.70358	0.7067
25.10809	13.70854	0.7098
25.10664	13.71337	0.7099
25.10419	13.71771	0.7189
25.10125	13.72136	0.7159
25.09897	13.72384	0.7190
25.09678	13.72459	0.7160
25.09459	13.72372	0.7099
25.09156	13.72136	0.7130
25.08695	13.71789	0.7100
25.08374	13.71480	0.7070
25.08361	13.71213	0.7070
25.08553	13.71046	0.7039
25.08647	13.71021	0.7010
25.08485	13.71108	0.7070
25.08211	13.71182	0.7131
25.07839	13.71170	0.7132
25.07288	13.71052	0.7192
25.06902	13.70767	0.7193
25.06788	13.70327	0.7163
25.06770	13.69832	0.7193
25.06979	13.68990	0.7103
25.07579	13.67708	0.7073
25.08424	13.66440	0.7073
25.09059	13.65561	0.7043
25.09485	13.65196	0.7043
25.09676	13.65029	0.7074
25.09901	13.64837	0.7075
25.10245	13.64590	0.7074
25.10448	13.64448	0.7165
25.10518	13.64417	0.7105
25.10504	13.64361	0.7136
25.10468	13.64256	0.7198
25.10530	13.64120	0.7137
25.10603	13.64126	0.7106
25.10635	13.64238	0.7076
25.10633	13.64460	0.7047
25.10504	13.64800	0.7047
25.10405	13.65196	0.7046
25.10157	13.65617	0.7017
25.09972	13.65976	0.7047
25.09582	13.66235	0.7138
25.09170	13.66359	0.7169
25.08638	13.66365	0.7109
25.08079	13.66285	0.7109
25.07416	13.66229	0.7170
25.06978	13.66099	0.7140
25.06915	13.65604	0.7140
25.07204	13.64825	0.7110
25.07745	13.63786	0.7111
25.08361	13.62735	0.7141
25.08918	13.61926	0.7112
25.09301	13.61407	0.7051
25.09492	13.61166	0.7142
25.09463	13.61160	0.7112
25.09206	13.61401	0.7143
25.08947	13.61839	0.7143
25.08897	13.62278	0.7113
25.08845	13.62593	0.7113
25.08684	13.62772	0.7114
25.08719	13.62946	0.7144
25.08946	13.63088	0.7085
25.08883	13.63150	0.7084
25.08393	13.63125	0.7085
25.07684	13.63248	0.7085
25.07365	13.63576	0.7085
25.07124	13.64021	0.7115
25.06856	13.64423	0.7085
25.06637	13.64732	0.7177
25.06421	13.65004	0.7147
25.06267	13.65215	0.7147
25.06122	13.65394	0.7148
25.05900	13.65549	0.7177
25.05607	13.65660	0.7118
25.05317	13.65784	0.7088
25.05119	13.65901	0.7118
25.04936	13.65963	0.7028
25.04878	13.65926	0.7088
25.05160	13.65747	0.7089
25.05631	13.65505	0.7090
25.06019	13.65283	0.7120
25.06297	13.65085	0.7120
25.06466	13.64893	0.7151
25.06396	13.64739	0.7181
25.05853	13.64726	0.7151
25.05131	13.64906	0.7182
25.04584	13.65178	0.7212
25.04271	13.65413	0.7122
25.04337	13.65481	0.7123
25.04876	13.65338	0.7093
25.05145	13.65011	0.7093
25.05337	13.64708	0.7124
25.05734	13.64572	0.7154
25.06118	13.64516	0.7093
25.06495	13.64504	0.7124
25.06732	13.64528	0.7125
25.06723	13.64559	0.7125
25.06470	13.64633	0.7156
25.06112	13.64726	0.7247
25.05742	13.64813	0.7156
25.05465	13.64899	0.7126
25.05292	13.64980	0.7035
25.05250	13.65060	0.7066
25.05183	13.65103	0.7097
25.05134	13.65103	0.7128
25.05022	13.65073	0.7067
25.05146	13.65085	0.7128
25.05167	13.65103	0.7159
25.04905	13.64930	0.7158
25.04980	13.64454	0.7160
25.05234	13.63854	0.7069
25.05490	13.63310	0.7100
25.05708	13.62791	0.7070
25.05982	13.62278	0.7069
25.06121	13.61821	0.7039
25.06031	13.61580	0.7010
25.05884	13.61586	0.7070
25.05751	13.61747	0.7101
25.05558	13.62000	0.7132
25.05255	13.62303	0.7192
25.05045	13.62531	0.7193
25.04896	13.62735	0.7164
25.04760	13.62884	0.7194
25.04622	13.62995	0.7194
25.04445	13.63063	0.7164
25.04139	13.63119	0.7135
25.03819	13.63137	0.7165
25.03488	13.63180	0.7104
25.03255	13.63242	0.7134
25.02946	13.63310	0.7166
25.02840	13.63329	0.7136
25.02720	13.63378	0.7167
25.02701	13.63459	0.7197
25.02991	13.63520	0.7137
25.03085	13.63502	0.7107
25.02928	13.63422	0.7168
25.02942	13.63316	0.7168
25.03129	13.63224	0.7168
25.02962	13.63125	0.7139
25.02313	13.63032	0.7109
25.01570	13.63007	0.7139
25.01198	13.63063	0.7140
25.01083	13.63137	0.7201
25.01006	13.63230	0.7171
25.00912	13.63273	0.7232
25.00800	13.63310	0.7202
25.00701	13.63335	0.7202
25.00494	13.63366	0.7262
25.00359	13.63378	0.7202
25.00419	13.63397	0.7203
25.00572	13.63372	0.7233
25.00691	13.63316	0.7203
25.00770	13.63230	0.7113
25.00324	13.63112	0.7053
24.99767	13.63038	0.7113
24.99576	13.63020	0.7054
24.99527	13.63026	0.7145
24.99400	13.63044	0.7115
24.99281	13.63032	0.7176
24.99172	13.63014	0.7206
24.99901	13.63001	0.7207
25.01393	13.62915	0.7207
25.02626	13.62636	0.7207
25.03298	13.62198	0.7177
25.03475	13.61697	0.7207
25.03701	13.61234	0.7208
25.03798	13.60925	0.7209
25.03899	13.60727	0.7209
25.04149	13.60597	0.7149
25.04177	13.60462	0.7210
25.04226	13.60227	0.7210
25.04334	13.59893	0.7241
25.04405	13.59547	0.7241
25.04594	13.59115	0.7211
25.04802	13.58578	0.7181
25.05128	13.57961	0.7121
25.05447	13.57381	0.7091
25.05695	13.56850	0.7062
25.05670	13.56449	0.7092
25.05500	13.56270	0.7092
25.05429	13.56227	0.7122
25.05352	13.56295	0.7123
25.05256	13.56399	0.7184
25.05145	13.56492	0.7245
25.05082	13.56504	0.7276
25.05232	13.56486	0.7336
25.05722	13.56369	0.7246
25.06004	13.56140	0.7247
25.06136	13.55820	0.7216
25.06318	13.55382	0.7187
25.06505	13.54919	0.7157
25.06593	13.54481	0.7157
25.06309	13.54148	0.7127
25.06174	13.54025	0.7158
25.06051	13.54062	0.7158
25.05904	13.54185	0.7219
25.05809	13.54271	0.7218
25.05697	13.54333	0.7219
25.05644	13.54364	0.7159
25.05704	13.54271	0.7220
25.05799	13.54136	0.7160
25.06163	13.53975	0.7131
25.06688	13.53797	0.7160
25.06880	13.53519	0.7130
25.07007	13.53199	0.7131
25.07217	13.52903	0.7161
25.07410	13.52625	0.7162
25.07464	13.52348	0.7253
25.07563	13.52071	0.7223
25.07686	13.51800	0.7254
25.07833	13.51541	0.7254
25.07947	13.51282	0.7284
25.08026	13.50943	0.7286
25.08214	13.50512	0.7316
25.08405	13.50068	0.7257
25.08675	13.49490	0.7165
25.08657	13.48843	0.7165
25.08476	13.48394	0.7165
25.08526	13.48234	0.7166
25.08534	13.48221	0.7136
25.08461	13.48172	0.7167
25.08397	13.48135	0.7229
25.08348	13.48184	0.7258
25.08561	13.48221	0.7259
25.09386	13.48067	0.7199
25.09762	13.47636	0.7260
25.10083	13.47046	0.7290
25.10425	13.46424	0.7170
25.10740	13.45901	0.7230
25.10998	13.45483	0.7200
25.11171	13.45169	0.7231
25.11128	13.44899	0.7171
25.10671	13.44726	0.7231
25.10451	13.44708	0.7262
25.10393	13.44831	0.7233
25.10519	13.44917	0.7232
25.10298	13.44899	0.7264
25.10034	13.44856	0.7264
25.10161	13.44856	0.7325
25.10913	13.44837	0.7294
25.10909	13.44726	0.7175
25.10790	13.44462	0.7144
25.10410	13.44241	0.7236
25.10059	13.44161	0.7175
25.10228	13.44198	0.7144
25.10379	13.44228	0.7206
25.10119	13.44204	0.7237
25.09255	13.44198	0.7359
25.08862	13.44216	0.7389
25.08710	13.44228	0.7449
25.08464	13.44265	0.7480
25.08269	13.44259	0.7542
25.08326	13.44265	0.7603
25.08241	13.44302	0.7663
25.07973	13.44357	0.7633
25.07570	13.44407	0.7694
25.07258	13.44444	0.7785
25.06866	13.44468	0.7907
25.06184	13.44480	0.7998
25.05716	13.44487	0.8119
25.05776	13.44462	0.8241
25.06211	13.44480	0.8241
25.06405	13.44530	0.8363
25.06251	13.44579	0.8454
25.06535	13.44591	0.8516
25.07215	13.44548	0.8577
25.08870	13.44450	0.8546
25.09053	13.44179	0.8577
25.09012	13.43804	0.8517
25.08357	13.43540	0.8487
25.07190	13.43466	0.8547
25.06703	13.43484	0.8547
25.06896	13.43552	0.8609
25.07244	13.43552	0.8548
25.07082	13.43546	0.8640
25.07073	13.43509	0.8610
25.07712	13.43503	0.8610
25.09000	13.43460	0.8641
25.09414	13.43368	0.8581
25.09442	13.43232	0.8551
25.09239	13.43079	0.8552
25.08344	13.42986	0.8580
25.03805	13.42968	0.8582
25.15838	13.41899	0.8582
25.38043	13.28178	0.8643
25.53825	13.07783	0.8613
25.64959	12.92791	0.8674
25.71415	12.83860	0.8644
25.75529	12.78911	0.8554
25.77796	12.76418	0.8676
25.78822	12.75187	0.8646
25.78507	12.74620	0.8646
25.78470	12.74119	0.8555
25.78915	12.73649	0.8586
25.78655	12.73450	0.8587
25.78309	12.73601	0.8617
25.78662	12.73721	0.8678
25.78671	12.73866	0.8616
25.78323	12.74095	0.8617
25.78206	12.74017	0.8679
25.78371	12.73908	0.8649
25.78532	12.73788	0.8619
25.78313	12.73860	0.8619
25.77873	12.74083	0.8620
25.77872	12.74168	0.8589
25.77308	12.74083	0.8560
25.77351	12.73896	0.8621
25.77149	12.73727	0.8530
25.77186	12.73583	0.8621
25.77181	12.73589	0.8652
25.77235	12.73643	0.8622
25.76970	12.73625	0.8683
25.76765	12.73619	0.8683
25.77044	12.73516	0.8714
25.76904	12.73522	0.8683
25.76769	12.73613	0.8685
25.75975	12.73577	0.8625
25.75114	12.73414	0.8624
25.75318	12.73106	0.8595
25.75759	12.72865	0.8564
25.75774	12.72859	0.8656
25.75642	12.72962	0.8626
25.75338	12.73010	0.8657
25.75021	12.72919	0.8657
25.74584	12.72690	0.8657
25.73563	12.72521	0.8658
25.70037	12.72467	0.8627
25.69054	12.72576	0.8628
25.70385	12.72702	0.8628
25.71146	12.72829	0.8598
25.71252	12.72913	0.8599
25.71214	12.73076	0.9054
25.55119	12.73221	1.0084
25.54654	12.73420	1.1205
25.61412	12.73372	1.2690
25.69955	12.72968	1.4295
25.71128	12.72371	1.6021
25.70117	12.72039	1.7689
25.74283	12.71943	1.9537
25.71766	12.71497	2.1596
25.66052	12.71539	2.3959
25.66110	12.72015	2.6322
25.60455	12.72485	2.8836
25.66479	12.73076	3.1320
25.71859	12.73046	3.3774
25.80755	12.72377	3.6380
25.84145	12.71153	3.8955
25.89871	12.69966	4.1438
25.82513	12.68894	4.4074
25.91859	12.68720	4.6710
25.90263	12.67967	4.9285
26.18444	12.67082	5.1829
26.17569	12.65036	5.4344
26.19677	12.63093	5.6827
26.21221	12.61416	5.9221
26.16802	12.60160	6.1674
26.19620	12.60106	6.4279
26.16959	12.60148	6.6824
26.18741	12.60304	6.9400
26.22802	12.59836	7.1914
26.25963	12.58604	7.4518
26.15045	12.57710	7.6972
26.13354	12.58953	7.9609
26.22867	12.60154	8.1941
26.22522	12.59463	8.4334
26.23326	12.59001	8.6878
26.57117	12.57860	8.9302
26.76247	12.50824	9.1816
26.89843	12.40919	9.4361
27.00843	12.31662	9.6723
27.10741	12.22748	9.9237
27.17546	12.14403	10.1752
27.18835	12.06899	10.4296
27.23047	11.98854	10.6751
27.27143	11.92007	10.9264
27.29413	11.86962	11.1808
27.31008	11.83230	11.4262
27.32559	11.80213	11.6686
27.34922	11.76629	11.9109
27.39605	11.70643	12.1502
27.47804	11.61759	12.3926
27.57630	11.50924	12.6350
27.68340	11.39720	12.8894
27.78404	11.28351	13.1377
27.86327	11.17202	13.3831
27.93982	11.07637	13.6285
27.99445	11.00627	13.8739
28.04987	10.94320	14.1131
28.10626	10.84068	14.3706
28.22473	10.68688	14.6069
28.33951	10.53807	14.8462
28.40744	10.42757	15.0885
28.49806	10.31310	15.3279
28.58927	10.19463	15.5672
28.64553	10.08878	15.8064
28.70785	9.98595	16.0397
28.80855	9.86157	16.2911
28.90579	9.74638	16.5365
28.97153	9.66602	16.7818
29.01364	9.61483	17.0152
29.03947	9.58095	17.2604
29.05712	9.55124	17.5118
29.08118	9.51769	17.7601
29.09641	9.49119	18.0056
29.10874	9.46869	18.2420
29.13056	9.42847	18.4904
29.17283	9.35340	18.7235
29.26034	9.23372	18.9780
29.36015	9.10329	19.2142
29.44534	8.99365	19.4536
29.50457	8.91385	19.6959
29.54707	8.85401	19.9412
29.58203	8.80594	20.1927
29.60003	8.76401	20.4379
29.63873	8.70412	20.6803
29.70423	8.63075	20.9227
29.76095	8.56539	21.1711
29.80887	8.50845	21.4195
29.82949	8.45196	21.6557
29.87093	8.37577	21.8949
29.95484	8.26878	22.1343
30.02962	8.16865	22.3827
30.08655	8.09001	22.6249
30.09141	8.02884	22.8794
30.10197	7.95856	23.1217
30.14149	7.87321	23.3610
30.18721	7.79457	23.6185
30.23432	7.72887	23.8487
30.27573	7.67849	24.0941
30.30237	7.64449	24.3485
30.31792	7.62259	24.5908
30.32800	7.60856	24.8331
30.33452	7.59659	25.0665
30.34575	7.58283	25.3178
30.35332	7.56929	25.5601
30.36095	7.55680	25.7965
30.36948	7.54511	26.0448
30.37311	7.53532	26.2932
30.37935	7.52369	26.5324
30.38487	7.50843	26.7778
30.39554	7.48692	27.0232
30.40280	7.45995	27.2744
30.41011	7.41899	27.5229
30.45674	7.35956	27.7985
30.47575	7.30377	28.0802
30.51300	7.23348	28.3014
30.57618	7.15137	28.5436
30.62167	7.07968	28.7830
30.65071	7.01325	29.0343
30.69176	6.94305	29.2798
30.74826	6.87855	29.5372
30.77884	6.83708	29.7856
30.79256	6.81230	30.0309
30.80687	6.79435	30.2853
30.81169	6.78272	30.5366
30.81728	6.77451	30.7790
30.81949	6.76877	31.0395
30.82122	6.76417	31.2909
30.82225	6.75999	31.5393
30.82174	6.75684	31.7877
30.81197	6.75172	32.0360
30.81829	6.74418	32.2966
30.82282	6.73902	32.5388
30.82464	6.73598	32.7812
30.82620	6.73396	33.0386
30.81844	6.73200	33.2809
30.81243	6.72674	33.5263
30.81641	6.71889	33.7807
30.81970	6.71218	34.0321
30.81710	6.70702	34.2775
30.81887	6.70119	34.5167
30.82351	6.69531	34.7651
30.82361	6.68572	35.0195
30.80780	6.66711	35.2648
30.81872	6.63764	35.5162
30.84380	6.60969	35.7585
30.86148	6.59234	36.0039
30.88806	6.58339	36.2463
30.92043	6.58195	36.4855
30.92842	6.58808	36.7308
30.92304	6.59204	36.9792
30.94253	6.58946	37.2305
30.97498	6.58916	37.4729
30.99457	6.58627	37.7274
31.00321	6.57825	37.9908
31.00823	6.56750	38.2694
31.01642	6.55475	38.5299
31.02200	6.53805	38.7632
31.02672	6.51910	39.0025
31.04045	6.50020	39.2659
31.04077	6.48393	39.4992
31.05093	6.46741	39.7476
31.06508	6.45234	39.9899
31.07698	6.44198	40.2353
31.07972	6.43542	40.4776
31.07157	6.42942	40.7261
31.06279	6.41846	40.9834
31.06479	6.39961	41.2196
31.08217	6.37923	41.4529
31.09397	6.36378	41.7105
31.10682	6.35032	41.9467
31.10940	6.33882	42.1979
31.11743	6.32588	42.4374
31.12581	6.31264	42.6826
31.13398	6.30217	42.9309
31.14251	6.29451	43.1763
31.14888	6.28460	43.4156
31.16312	6.26535	43.6639
31.18234	6.24351	43.9094
31.19680	6.22509	44.1547
31.20770	6.20990	44.3909
31.22080	6.19670	44.6362
31.22870	6.18574	44.8846
31.23336	6.17662	45.1300
31.23701	6.16466	45.3662
31.24831	6.14780	45.6025
31.27571	6.13091	45.8418
31.30978	6.11778	46.0841
31.32238	6.11224	46.3294
31.31999	6.10863	46.5626
31.32663	6.10161	46.8050
31.32714	6.09434	47.0382
31.31049	6.07711	47.2775
31.33179	6.04363	47.5168
31.34848	6.01226	47.7682
31.36611	5.98472	48.0075
31.38087	5.96348	48.2559
31.39311	5.94772	48.4982
31.39964	5.93693	48.7435
31.40337	5.92893	48.9918
31.41054	5.92108	49.2342
31.41631	5.91445	49.4765
31.42149	5.90979	49.7098
31.42640	5.90645	49.9581
31.42933	5.90458	50.2035
31.43250	5.90215	50.4548
31.43650	5.89876	50.6942
31.43821	5.89613	50.9454
31.43904	5.89401	51.1909
31.43963	5.89117	51.4363
31.43968	5.88773	51.6935
31.44059	5.88293	51.9390
31.44578	5.87670	52.1845
31.44712	5.87048	52.4267
31.45293	5.86330	52.6661
31.45906	5.85703	52.9174
31.46408	5.85152	53.1506
31.47051	5.84627	53.3960
31.47489	5.84217	53.6413
31.47861	5.83843	53.8805
31.48445	5.83470	54.1351
31.48663	5.83202	54.3742
31.48580	5.82894	54.6137
31.48594	5.82409	54.8408
31.48633	5.81712	55.0831
31.49099	5.80808	55.3315
31.51327	5.79864	55.5677
31.52654	5.79323	55.8162
31.53866	5.79106	56.0463
31.54366	5.78597	56.2705
31.55205	5.77754	56.5067
31.56121	5.76659	56.7370
31.57374	5.75307	56.9762
31.58285	5.74168	57.2125
31.59009	5.73286	57.4578
31.59620	5.72585	57.6942
31.60105	5.72076	57.9424
31.60609	5.71577	58.2000
31.61109	5.71104	58.4724
31.61674	5.70695	58.7118
31.62018	5.70353	58.9511
31.62364	5.70046	59.1903
31.63150	5.69764	59.4358
31.63391	5.69341	59.6690
31.64254	5.68918	59.8900
31.64808	5.68595	60.1384
31.64906	5.68369	60.3748
31.65155	5.68203	60.6020
31.65331	5.68077	60.8290
31.65490	5.68006	61.0745
31.65700	5.67976	61.3107
31.65835	5.67961	61.5410
31.65792	5.67951	61.7772
31.65842	5.67901	62.0043
31.66065	5.67865	62.2315
31.66315	5.67830	62.4648
31.67459	5.67699	62.6981
31.68573	5.67070	62.9313
31.69621	5.66194	63.1554
31.70600	5.65445	63.3796
31.71438	5.64770	63.6096
31.72083	5.64177	63.8490
31.72616	5.63644	64.0703
31.73129	5.63191	64.3035
31.73465	5.62859	64.5305
31.73758	5.62603	64.7578
31.74268	5.62367	64.9880
31.74596	5.62080	65.2273
31.75031	5.61748	65.4484
31.75815	5.61442	65.6817
31.76496	5.61024	65.9119
31.76957	5.60562	66.1331
31.77333	5.60210	66.3662
31.78205	5.59959	66.5965
31.79216	5.59582	66.8297
31.80161	5.59035	67.0569
31.80889	5.58487	67.2993
31.81428	5.58125	67.5417
31.81705	5.57960	67.7809
31.81811	5.57849	68.0414
31.82062	5.57703	68.2776
31.82183	5.57593	68.5109
31.82096	5.57467	68.7473
31.82097	5.57196	68.9864
31.82435	5.56835	69.2227
31.82641	5.56569	69.4530
31.82876	5.56338	69.6893
31.82995	5.56207	69.9285
31.83142	5.56077	70.1649
31.83269	5.55966	70.4102
31.83422	5.55866	70.6435
31.83612	5.55755	70.8917
31.83747	5.55630	71.1371
31.83854	5.55519	71.3764
31.84066	5.55379	71.6217
31.84240	5.55248	71.8580
31.84430	5.55138	72.1034
31.84624	5.55068	72.3518
31.84995	5.54877	72.5850
31.85478	5.54531	72.8304
31.85876	5.54194	73.0636
31.86273	5.53954	73.3210
31.86628	5.53743	73.5604
31.86848	5.53542	73.8117
31.87020	5.53407	74.0510
31.87102	5.53271	74.2935
31.87156	5.53136	74.5418
31.87489	5.53000	74.7781
31.88220	5.52870	75.0234
31.89308	5.52489	75.2688
31.90572	5.51952	75.5111
31.91486	5.51410	75.7444
31.92306	5.50959	75.9928
31.92858	5.50608	76.2321
31.93447	5.50372	76.4774
31.94237	5.50057	76.7257
31.95011	5.49655	76.9712
31.95856	5.49290	77.2165
31.96595	5.48984	77.4619
31.96989	5.48733	77.7072
31.97350	5.48523	77.9828
31.97571	5.48372	78.2434
31.97726	5.48242	78.4856
31.97795	5.48157	78.7248
31.97890	5.48082	78.9673
31.97954	5.48032	79.2097
31.98055	5.47987	79.4489
31.98228	5.47901	79.6944
31.98476	5.47746	79.9397
31.98570	5.47621	80.1729
31.98820	5.47486	80.4060
31.98967	5.47355	80.6545
31.99099	5.47300	80.8937
31.99568	5.47235	81.1270
31.99861	5.47055	81.3724
32.00122	5.46834	81.6177
32.00275	5.46654	81.8570
32.00569	5.46413	82.0963
32.00843	5.46223	82.3477
32.01222	5.46033	82.5931
32.01851	5.45807	82.8386
32.02491	5.45512	83.0778
32.03086	5.45161	83.3293
32.03564	5.44831	83.5805
32.03893	5.44576	83.8199
32.04157	5.44390	84.0561
32.04272	5.44220	84.2986
32.04519	5.44045	84.5378
32.04660	5.43965	84.7740
32.04785	5.43895	85.0195
32.05067	5.43735	85.2556
32.05609	5.43469	85.4890
32.06476	5.42974	85.7342
32.07043	5.42368	85.9676
32.07376	5.41898	86.2099
32.07742	5.41503	86.4553
32.08114	5.41137	86.7006
32.08651	5.40812	86.9338
32.09219	5.40367	87.1761
32.09837	5.39827	87.4124
32.10233	5.39437	87.6640
32.10515	5.39202	87.9183
32.10641	5.39057	88.1880
32.10744	5.38972	88.4604
32.10776	5.38927	88.6817
32.10868	5.38892	88.9270
32.10884	5.38892	89.1571
32.10952	5.38882	89.4055
32.11123	5.38867	89.6420
32.11126	5.38837	89.8811
32.11196	5.38802	90.1234
32.11321	5.38762	90.3688
32.11427	5.38712	90.6052
32.11523	5.38672	90.8535
32.11648	5.38632	91.0867
32.11784	5.38587	91.3352
32.12288	5.38502	91.5776
32.12965	5.38272	91.8198
32.13504	5.37917	92.0650
32.14233	5.37567	92.3045
32.14672	5.37272	92.5558
32.14897	5.37062	92.7921
32.15009	5.36822	93.0526
32.15214	5.36457	93.2950
32.15660	5.36053	93.5433
32.15917	5.35758	93.7765
32.16073	5.35598	94.0128
32.16098	5.35523	94.2581
32.16125	5.35468	94.4914
32.16275	5.35453	94.7367
32.16322	5.35428	94.9792
32.16345	5.35428	95.2215
32.16660	5.35423	95.4637
32.16698	5.35423	95.7032
32.16854	5.35423	95.9514
32.16942	5.35428	96.1908
32.17111	5.35423	96.4209
32.17478	5.35408	96.6634
32.17585	5.35358	96.8936
32.18177	5.35328	97.1328
32.18658	5.35253	97.3721
32.18927	5.35158	97.6115
32.19020	5.35078	97.8538
32.19320	5.35038	98.0992
32.19628	5.34973	98.3658
32.19944	5.34858	98.6232
32.20247	5.34778	98.8745
32.20404	5.34669	99.0988
32.20615	5.34569	99.3442
32.20767	5.34479	99.5803
32.21304	5.34404	99.8228
32.21814	5.34284	100.0559
32.22209	5.34124	100.2984
32.22847	5.33959	100.5407
32.23017	5.33770	100.7861
32.23175	5.33630	101.0253
32.23482	5.33540	101.2586
32.23588	5.33460	101.5070
32.23709	5.33395	101.7493
32.23794	5.33360	101.9947
32.23786	5.33320	102.2278
32.23868	5.33295	102.4764
32.23830	5.33285	102.7247
32.23973	5.33270	102.9609
32.24098	5.33245	103.2093
32.24253	5.33195	103.4486
32.24289	5.33145	103.6910
32.24396	5.33095	103.9332
32.24450	5.33055	104.1757
32.24515	5.33020	104.4089
32.24581	5.32976	104.6513
32.24711	5.32931	104.8967
32.24801	5.32861	105.1389
32.24872	5.32811	105.3784
32.24958	5.32776	105.6145
32.25019	5.32736	105.8569
32.25100	5.32691	106.0962
32.25186	5.32611	106.3294
32.25399	5.32451	106.5596
32.25530	5.32267	106.7928
32.25830	5.32067	107.0353
32.26145	5.31852	107.2715
32.26339	5.31638	107.5108
32.26927	5.31468	107.7471
32.27737	5.31198	107.9864
32.28271	5.30864	108.2408
32.28746	5.30569	108.4954
32.28936	5.30360	108.7407
32.29014	5.30230	108.9800
32.29269	5.30165	109.2162
32.31339	5.30120	109.4555
32.33188	5.29956	109.7070
32.34268	5.29706	109.9372
32.34864	5.29507	110.1855
32.35186	5.29402	110.4249
32.35402	5.29347	110.6704
32.36181	5.29337	110.9155
32.36537	5.29437	111.1577
32.36782	5.29571	111.3941
32.37196	5.29736	111.6336
32.37472	5.29926	111.8697
32.37172	5.30085	112.1122
32.37215	5.30050	112.3544
32.37529	5.29866	112.5998
32.37683	5.29731	112.8452
32.37889	5.29651	113.0845
32.38513	5.29626	113.3238
32.39591	5.29766	113.5632
32.39755	5.30115	113.8084
32.39607	5.30505	114.0478
32.39416	5.30799	114.2839
32.39303	5.30984	114.5263
32.39251	5.31084	114.7686
32.39324	5.31133	115.0080
32.39741	5.31148	115.2474
32.40136	5.31193	115.4955
32.40737	5.31258	115.7351
32.41570	5.31273	115.9803
32.41940	5.31228	116.2106
32.42073	5.31079	116.4379
32.42753	5.30924	116.6829
32.43588	5.30799	116.9131
32.44130	5.30794	117.1527
32.44171	5.30879	117.3858
32.44101	5.30939	117.6220
32.44151	5.30984	117.8676
32.44065	5.31024	118.1037
32.44107	5.31034	118.3430
32.44145	5.31054	118.6245
32.44183	5.31074	118.8790
32.44151	5.31074	119.1095
32.44146	5.31088	119.3396
32.44209	5.31084	119.5789
32.44246	5.31098	119.8212
32.44480	5.31128	120.0604
32.44296	5.31198	120.2877
32.44351	5.31238	120.5329
32.44425	5.31258	120.7784
32.44384	5.31288	121.0206
32.44371	5.31333	121.2478
32.44357	5.31358	121.4843
32.44309	5.31363	121.6507
32.44350	5.31353	121.7205
32.44443	5.31368	121.6846
32.44563	5.31413	121.6512
32.44725	5.31573	121.6576
32.44494	5.31737	121.6790
32.44361	5.31802	121.6730
32.44328	5.31772	121.6551
32.44296	5.31762	121.6432
32.44464	5.31737	121.5676
32.44534	5.31782	121.4225
32.44583	5.31877	121.2775
32.44659	5.31987	121.1506
32.44368	5.32127	121.0175
32.44123	5.32127	120.8421
32.44260	5.32067	120.6607
32.44353	5.32017	120.4793
32.44118	5.32022	120.2980
32.44070	5.31957	120.1044
32.43948	5.31897	119.8957
32.43985	5.31797	119.6931
32.43902	5.31682	119.4814
32.43965	5.31563	119.2667
32.44066	5.31463	119.0458
32.44007	5.31433	118.8282
32.43903	5.31413	118.6043
32.43942	5.31348	118.3806
32.43907	5.31323	118.1534
32.43753	5.31318	117.9389
32.43657	5.31283	117.7241
32.43647	5.31238	117.5124
32.43751	5.31208	117.2887
32.43707	5.31163	117.0619
32.43560	5.31123	116.8169
32.43283	5.31059	116.5688
32.43094	5.30984	116.3178
32.42955	5.30929	116.0575
32.42774	5.30949	115.7824
32.42500	5.30969	115.5040
32.42053	5.31024	115.2135
32.41669	5.31079	114.9351
32.40770	5.31178	114.6388
32.40109	5.31243	114.3454
32.39766	5.31293	114.0518
32.39319	5.31348	113.7555
32.38984	5.31353	113.4619
32.38685	5.31328	113.1625
32.38292	5.31218	112.8750
32.37668	5.31034	112.5817
32.37369	5.30754	112.2883
32.37474	5.30450	111.9888
32.37454	5.30245	111.6892
32.37274	5.30125	111.3957
32.36855	5.30115	111.1021
32.36490	5.30115	110.8059
32.36135	5.30075	110.5153
32.35851	5.30006	110.2128
32.35582	5.29906	109.9164
32.35333	5.29786	109.6200
32.34910	5.29641	109.3296
32.34774	5.29542	109.0329
32.33470	5.29502	108.7304
32.32148	5.29517	108.4401
32.30982	5.29611	108.1253
32.30270	5.29731	107.8168
32.29764	5.29841	107.5202
32.29241	5.29946	107.2358
32.28442	5.30045	106.9423
32.27940	5.30195	106.6519
32.27633	5.30420	106.3522
32.27110	5.30729	106.0531
32.26720	5.31084	105.7595
32.26401	5.31408	105.4690
32.25998	5.31717	105.1724
32.25601	5.32007	104.8669
32.25416	5.32177	104.5854
32.25287	5.32326	104.2769
32.25220	5.32411	103.9774
32.25139	5.32511	103.6779
32.25052	5.32616	103.3843
32.24838	5.32716	103.0848
32.24625	5.32791	102.7914
32.24428	5.32851	102.5008
32.24357	5.32911	102.2013
32.24158	5.32986	101.9108
32.23990	5.33065	101.6204
32.23736	5.33140	101.3238
32.23578	5.33210	101.0333
32.23213	5.33320	100.7398
32.22966	5.33410	100.4434
32.22771	5.33460	100.1468
32.22554	5.33525	99.8534
32.22415	5.33575	99.5597
32.22133	5.33665	99.2635
32.21691	5.33760	98.9729
32.21443	5.33894	98.6733
32.20742	5.34039	98.3828
32.20201	5.34209	98.0833
32.19692	5.34419	97.7776
32.19050	5.34614	97.4751
32.18775	5.34769	97.1817
32.18704	5.34893	96.8941
32.18419	5.34993	96.6035
32.18070	5.35058	96.3040
32.17660	5.35098	96.0104
32.17059	5.35148	95.7172
32.16799	5.35193	95.4266
32.16575	5.35258	95.1392
32.16429	5.35323	94.8457
32.16246	5.35353	94.5610
32.16166	5.35378	94.2646
32.16108	5.35388	93.9710
32.16106	5.35383	93.6836
32.16047	5.35408	93.3901
32.16038	5.35433	93.0938
32.16098	5.35488	92.8002
32.15972	5.35583	92.5065
32.15846	5.35678	92.2101
32.15731	5.35813	91.9165
32.15562	5.35968	91.6230
32.15440	5.36087	91.3356
32.15221	5.36177	91.0420
32.14826	5.36282	90.7485
32.14673	5.36457	90.4581
32.14145	5.36672	90.1675
32.13431	5.36942	89.8739
32.12756	5.37267	89.5805
32.12307	5.37597	89.2928
32.11859	5.37882	89.0086
32.11534	5.38097	88.7088
32.11390	5.38262	88.4245
32.11204	5.38362	88.1370
32.11037	5.38412	87.8343
32.10999	5.38432	87.5168
32.10999	5.38447	87.2140
32.10952	5.38497	86.9235
32.10809	5.38537	86.6299
32.10666	5.38562	86.3395
32.10566	5.38572	86.0428
32.10550	5.38567	85.7524
32.10442	5.38592	85.4557
32.10251	5.38667	85.1714
32.09988	5.38847	84.8778
32.09564	5.39137	84.5841
32.08876	5.39542	84.2938
32.08103	5.40087	84.0093
32.07195	5.40722	83.7158
32.06502	5.41292	83.4343
32.05920	5.41778	83.1468
32.05362	5.42238	82.8533
32.04764	5.42658	82.5687
32.04285	5.43109	82.2782
32.03604	5.43449	81.9877
32.03055	5.43755	81.6881
32.02748	5.44010	81.4006
32.02284	5.44240	81.1161
32.01915	5.44465	80.8286
32.01589	5.44706	80.5381
32.01393	5.44941	80.2445
32.01025	5.45232	79.9479
32.00370	5.45582	79.6575
31.99681	5.45983	79.3729
31.99234	5.46378	79.0855
31.98878	5.46664	78.8010
31.98657	5.46874	78.5071
31.98390	5.47030	78.2259
31.98288	5.47115	77.9413
31.98136	5.47180	77.6479
31.98070	5.47220	77.3482
31.97892	5.47290	77.0637
31.97680	5.47350	76.7883
31.97506	5.47445	76.4948
31.97241	5.47556	76.2041
31.97014	5.47706	75.9197
31.96717	5.47856	75.6351
31.95907	5.48027	75.3477
31.95199	5.48242	75.0571
31.94710	5.48493	74.7696
31.94175	5.48748	74.4730
31.93497	5.48984	74.1916
31.92678	5.49295	73.9132
31.91731	5.49595	73.6255
31.90344	5.49991	73.3472
31.89165	5.50528	73.0625
31.88322	5.51145	72.7842
31.87254	5.51756	72.5058
31.86756	5.52303	72.2212
31.86275	5.52714	71.9369
31.85866	5.53050	71.6554
31.85531	5.53301	71.3739
31.85187	5.53517	71.0862
31.84795	5.53733	70.8046
31.84437	5.53949	70.5173
31.84198	5.54134	70.2418
31.83778	5.54350	69.9481
31.83529	5.54591	69.6606
31.83322	5.54802	69.3822
31.83242	5.54997	69.0916
31.83185	5.55248	68.8041
31.82969	5.55630	68.5286
31.82598	5.56036	68.2380
31.82105	5.56433	67.9536
31.81682	5.56754	67.6692
31.81358	5.56980	67.3604
31.80884	5.57166	67.0758
31.80324	5.57317	66.7881
31.79757	5.57482	66.5190
31.78710	5.57744	66.2404
31.77623	5.58196	65.9560
31.76706	5.58798	65.6774
31.76025	5.59366	65.3899
31.75701	5.59818	65.1145
31.75035	5.60150	64.8238
31.74511	5.60492	64.5423
31.73956	5.60859	64.2608
31.73220	5.61301	63.9733
31.72278	5.61859	63.6887
31.70844	5.62578	63.4102
31.69249	5.63543	63.1166
31.67910	5.64524	62.8290
31.66868	5.65359	62.5476
31.66257	5.65993	62.2783
31.65721	5.66431	61.9969
31.65405	5.66723	61.7090
31.65167	5.66909	61.4337
31.65005	5.67060	61.1431
31.64796	5.67186	60.8676
31.64700	5.67236	60.5831
31.64650	5.67266	60.2985
31.64495	5.67292	60.0111
31.64275	5.67312	59.7325
31.63880	5.67357	59.4418
31.63611	5.67488	59.1632
31.63416	5.67629	58.8816
31.63068	5.67800	58.5943
31.62736	5.67991	58.3097
31.62434	5.68203	58.0251
31.62065	5.68419	57.7377
31.61743	5.68600	57.4439
31.61608	5.68751	57.1534
31.61332	5.68993	56.8809
31.61005	5.69290	56.5994
31.60562	5.69688	56.3209
31.59892	5.70469	56.0395
31.59025	5.71512	55.7518
31.57872	5.72565	55.4702
31.56100	5.73638	55.1949
31.54523	5.74667	54.9103
31.53457	5.75680	54.6288
31.52411	5.76815	54.3380
31.51134	5.78122	54.0625
31.49970	5.79303	53.7780
31.48932	5.80298	53.4935
31.48135	5.81101	53.2059
31.47483	5.81792	52.9182
31.46906	5.82373	52.6427
31.46528	5.82868	52.3584
31.46297	5.83308	52.0706
31.46093	5.83793	51.7920
31.45736	5.84435	51.5136
31.45209	5.85193	51.2260
31.44559	5.85971	50.9444
31.43829	5.86705	50.6598
31.43146	5.87276	50.3784
31.42631	5.87711	50.0967
31.42382	5.88126	49.8212
31.42384	5.88561	49.5309
31.42046	5.89168	49.2492
31.41534	5.89896	48.9617
31.41053	5.90539	48.6830
31.40696	5.91116	48.3983
31.40604	5.91622	48.1109
31.40812	5.92189	47.8352
31.41751	5.93212	47.5506
31.41507	5.95243	47.2632
31.39860	5.98062	46.9845
31.36389	6.01186	46.7060
31.33323	6.03759	46.4245
31.31030	6.05795	46.1369
31.29213	6.07741	45.8644
31.27626	6.09632	45.5797
31.26276	6.11244	45.3045
31.25240	6.12740	45.0288
31.24408	6.14378	44.7503
31.23792	6.16450	44.4658
31.22009	6.19191	44.1842
31.19222	6.22025	43.9058
31.16642	6.24325	43.6301
31.15165	6.25871	43.3363
31.14389	6.27015	43.0608
31.13544	6.28169	42.7855
31.12616	6.29272	42.5039
31.12150	6.30227	42.2253
31.12539	6.31162	41.9439
31.12593	6.32486	41.6653
31.11814	6.34178	41.3838
31.10491	6.35820	41.1021
31.09497	6.37043	40.8265
31.08901	6.37949	40.5420
31.08764	6.38686	40.2603
31.08759	6.39480	39.9849
31.08271	6.40514	39.7002
31.06702	6.41743	39.4218
31.06114	6.43014	39.1372
31.05877	6.44562	38.8586
31.04899	6.46352	38.5738
31.02375	6.48286	38.2953
30.99936	6.49964	38.0168
30.98171	6.51150	37.7112
30.96664	6.52110	37.4203
30.95108	6.53014	37.1388
30.93134	6.53738	36.8604
30.91500	6.54155	36.5816
30.89461	6.54304	36.2910
30.87718	6.54155	36.0125
30.87877	6.53887	35.7369
30.88289	6.54201	35.4583
30.88339	6.55332	35.1858
30.87575	6.57074	34.9012
30.86875	6.58977	34.6226
30.85851	6.60881	34.3411
30.84853	6.62518	34.0655
30.84174	6.63780	33.7839
30.84355	6.64774	33.5052
30.84063	6.65830	33.2237
30.83434	6.66835	32.9421
30.83021	6.67562	32.6667
30.82857	6.68088	32.3850
30.82497	6.68531	32.1004
30.82517	6.68815	31.8219
30.82464	6.69067	31.5462
30.82430	6.69299	31.2648
30.82366	6.69526	30.9889
30.82568	6.69712	30.7135
30.82792	6.70001	30.4320
30.83048	6.70434	30.1533
30.83180	6.70981	29.8780
30.83275	6.71616	29.5960
30.83097	6.72343	29.3175
30.82992	6.73035	29.0389
30.83169	6.73758	28.7574
30.83684	6.74971	28.4850
30.83106	6.78112	28.2003
30.79773	6.84075	27.9248
30.75610	6.91561	27.6521
30.69645	6.99943	27.3463
30.64179	7.07749	27.0586
30.58771	7.14256	26.7740
30.55841	7.18774	26.4954
30.53475	7.22706	26.2107
30.51065	7.26616	25.9441
30.48210	7.30524	25.6565
30.46245	7.33786	25.3871
30.44564	7.36873	25.1024
30.42365	7.39873	24.8239
30.40708	7.42250	24.5574
30.39360	7.44346	24.2727
30.37766	7.46368	23.9971
30.36556	7.48082	23.7155
30.35286	7.49707	23.4369
30.34084	7.51164	23.1706
30.33637	7.52421	22.8859
30.36746	7.54327	22.6072
30.36033	7.59216	22.3377
30.33669	7.65790	22.0560
30.29210	7.73019	21.7805
30.25255	7.81190	21.4989
30.17744	7.91810	21.2202
30.09719	8.02756	20.9416
30.01403	8.13685	20.6600
29.93281	8.24477	20.3904
29.85437	8.34385	20.1058
29.79648	8.42068	19.8304
29.75415	8.48203	19.5516
29.71709	8.53434	19.2668
29.68517	8.57727	18.9915
29.65993	8.61490	18.7247
29.63516	8.65883	18.4371
29.59355	8.72397	18.1495
29.52399	8.82779	17.8738
29.41874	8.96680	17.5951
29.31900	9.09310	17.3104
29.25269	9.18117	17.0318
29.20124	9.24789	16.7382
29.15845	9.30124	16.4474
29.11847	9.34722	16.1779
29.07518	9.39971	15.8932
29.03775	9.46305	15.6176
28.98222	9.55041	15.3329
28.89511	9.66519	15.0634
28.80657	9.79033	14.7787
28.70916	9.91068	14.5121
28.63668	10.01257	14.2578
28.55070	10.13154	14.0003
28.43666	10.28424	13.7458
28.32127	10.43460	13.4946
28.22080	10.55592	13.2342
28.12565	10.67016	12.9828
28.02870	10.78469	12.7283
27.93268	10.88952	12.4831
27.85119	10.99310	12.2346
27.77342	11.08952	11.9893
27.70440	11.17353	11.7441
27.63706	11.25413	11.5018
27.58528	11.33207	11.2534
27.52642	11.42000	10.9991
27.47296	11.49781	10.7567
27.43694	11.55675	10.5052
27.41387	11.60724	10.2509
27.39021	11.65434	10.0027
27.37029	11.69401	9.7634
27.37861	11.72708	9.5179
27.36053	11.77199	9.2695
27.33169	11.82142	9.0303
27.29679	11.86562	8.7912
27.24416	11.90551	8.5488
27.19198	11.95394	8.3005
27.13812	12.00533	8.0581
27.06811	12.04927	7.8129
26.99798	12.09404	7.5705
26.94082	12.13922	7.3282
26.89591	12.17822	7.0677
26.84695	12.21422	6.8164
26.78535	12.25396	6.5589
26.70706	12.29367	6.3074
26.61794	12.33397	6.0501
26.50100	12.38034	5.7957
26.35444	12.43131	5.5412
26.23053	12.48356	5.2807
26.12363	12.52838	5.0263
26.05677	12.56425	4.7628
26.01078	12.58905	4.5084
26.00149	12.60653	4.2448
25.98610	12.61927	3.9903
25.94121	12.63039	3.7360
25.88501	12.64140	3.4694
25.86558	12.65301	3.2060
25.85741	12.66191	2.9423
25.88191	12.66937	2.6850
25.88984	12.67539	2.4214
25.81432	12.67967	2.1608
25.55966	12.68599	1.9185
25.31739	12.69725	1.6520
25.13298	12.71286	1.3793
25.09740	12.73016	1.1068
25.01946	12.74294	0.8462
24.99793	12.75229	0.5797
24.89468	12.75947	0.3221
24.80964	12.76865	0.0799
23.70389	12.77734	0.0468
19.35897	12.78036	0.0497
24.72466	12.77854	0.0499
24.71777	12.76279	0.0499
24.89039	12.72564	0.0468
24.98434	12.69436	0.0470
25.03327	12.67359	0.0470
25.10355	12.64982	0.0532
25.16904	12.62228	0.0501
25.24617	12.58490	0.0503
16.35817	12.54379	0.0473
4.62599	12.49667	0.0474
4.36591	12.45159	0.0445
4.00796	12.42503	0.0444
3.84430	12.40860	0.0536
3.41636	12.39187	0.0445
3.31378	12.37437	0.0416
3.25245	12.35586	0.0447
2.97463	12.33451	0.0481
2.51450	12.31232	0.0510
2.16847	12.28992	0.0480
1.96588	12.26533	0.0481
1.64797	12.24021	0.0451
1.48161	12.21583	0.0451
1.33650	12.19158	0.0452
1.22480	12.16884	0.0422
1.15809	12.14782	0.0454
1.08574	12.12736	0.0452
1.01179	12.10797	0.0454
0.96219	12.08912	0.0454
0.93081	12.07135	0.0516
