Salinity, Practical [PSU]	Temperature [ITS-90, deg C]	Depth [salt water, m]
0.00748	13.49268	-0.0065
0.00750	13.49243	-0.0095
0.00745	13.49268	-0.0125
0.00747	13.49219	-0.0034
0.00743	13.49176	-0.0065
0.00742	13.49132	-0.0095
0.00740	13.49102	-0.0126
0.00742	13.48966	-0.0095
0.00743	13.48732	-0.0095
0.00743	13.48621	-0.0097
0.00742	13.48548	-0.0035
0.00740	13.48369	-0.0065
0.00742	13.48135	-0.0035
0.00740	13.48024	-0.0035
0.00743	13.47932	-0.0036
0.00742	13.47803	-0.0127
0.00743	13.47741	-0.0035
0.00743	13.47587	-0.0035
0.00742	13.47446	-0.0036
0.00746	13.47378	-0.0066
0.00741	13.47360	-0.0096
0.00739	13.47372	-0.0037
0.00739	13.47390	-0.0036
0.00741	13.47409	-0.0036
0.00743	13.47440	-0.0066
0.00741	13.47427	-0.0066
0.00739	13.47470	-0.0036
0.00743	13.47501	-0.0005
0.00742	13.47600	-0.0036
0.00743	13.47698	-0.0036
0.00742	13.47809	-0.0036
0.00740	13.47926	-0.0072
0.00750	13.48080	-0.0036
0.00747	13.48166	-0.0065
0.00750	13.48221	-0.0096
0.00747	13.48283	-0.0037
0.00753	13.48277	-0.0037
0.00756	13.48258	-0.0038
0.00768	13.48227	-0.0069
0.00773	13.48141	-0.0067
0.00774	13.48123	-0.0036
0.00773	13.48080	-0.0067
0.00773	13.48037	-0.0066
0.00777	13.48043	-0.0067
0.00777	13.48000	-0.0066
0.00780	13.47969	-0.0066
0.00777	13.47987	-0.0006
0.00780	13.47950	-0.0036
0.00776	13.47870	-0.0037
0.00773	13.47772	-0.0036
0.00776	13.47717	0.0025
0.00774	13.47704	-0.0037
0.00773	13.47686	-0.0065
0.00776	13.47643	-0.0097
0.00776	13.47636	-0.0036
0.00776	13.47612	-0.0066
0.00780	13.47655	-0.0005
0.00776	13.47729	-0.0006
0.00776	13.47797	-0.0097
0.00780	13.47846	-0.0037
0.00776	13.47920	-0.0038
0.00774	13.47981	-0.0066
0.00773	13.47987	-0.0036
0.00774	13.47993	-0.0037
0.00777	13.47957	-0.0067
2.50553	13.47760	0.0205
9.72173	13.00231	0.1145
25.26657	11.89767	0.2478
26.17029	11.08000	0.3780
26.94775	10.47640	0.4871
27.41274	10.07311	0.5810
27.70219	9.82987	0.6931
27.87794	9.69720	0.7870
27.86711	9.61233	0.8598
28.05450	9.55523	0.8719
28.12761	9.57707	0.8628
28.11898	9.64397	0.8538
28.02721	9.69181	0.8567
27.97045	9.71906	0.8627
28.00767	9.71928	0.8750
28.08396	9.68580	0.8779
28.16844	9.63509	0.8779
28.22304	9.59270	0.8718
28.28642	9.54299	0.8688
28.36910	9.48909	0.8658
28.42619	9.44184	0.8537
28.45947	9.41070	0.8537
28.48276	9.39994	0.8568
28.50760	9.40148	0.8628
28.53089	9.40115	0.8688
28.53684	9.39751	0.8718
28.51423	9.39166	0.8719
28.51529	9.38454	0.8688
28.53263	9.37980	0.8779
28.55042	9.38272	0.8779
28.56891	9.39111	0.8687
28.57263	9.40120	0.8598
28.53931	9.40981	0.8567
28.48744	9.41329	0.8598
28.48112	9.41202	0.8568
28.49635	9.40396	0.8748
28.53203	9.39260	0.8870
28.58679	9.38719	0.8840
28.61874	9.40347	0.8809
28.60132	9.42731	0.8750
28.55603	9.42499	0.8598
28.52475	9.39971	0.8505
28.51997	9.37313	0.8477
28.52274	9.34970	0.8567
28.54697	9.33439	0.8688
28.58394	9.33736	0.8688
28.63072	9.35891	0.8688
28.62407	9.38377	0.8688
28.58766	9.38752	0.8537
28.53255	9.37241	0.8598
28.51862	9.35902	0.8688
28.52991	9.34750	0.8810
28.56775	9.35053	0.8901
28.65470	9.37291	0.8901
28.70687	9.40418	0.8840
28.69347	9.41141	0.8689
28.57430	9.40661	0.8568
28.50712	9.39795	0.8477
28.48790	9.39238	0.8597
28.51772	9.39618	0.8658
28.60027	9.41997	0.8658
28.64374	9.45222	0.8689
28.61425	9.46084	0.8658
28.50952	9.45935	0.8689
28.47771	9.45526	0.8719
28.48751	9.45200	0.8749
28.53926	9.45581	0.8780
28.58082	9.47261	0.8749
28.53859	9.49058	0.8660
28.48198	9.49700	0.8658
28.45106	9.49401	0.8659
28.47465	9.48815	0.8750
28.56806	9.48677	0.8719
28.64329	9.49600	0.8718
28.66036	9.50497	0.8690
28.64260	9.50873	0.8659
28.62154	9.51094	0.8719
28.66124	9.51260	0.8718
28.72013	9.51664	0.8751
28.75217	9.52157	0.8750
28.75362	9.52467	0.8629
28.72099	9.52804	0.8658
28.69081	9.53142	0.8598
28.71651	9.53363	0.8628
28.77742	9.53801	0.8628
28.80754	9.54510	0.8658
28.81441	9.55163	0.8658
28.79468	9.55795	0.8600
28.74915	9.56426	0.8628
28.73276	9.56848	0.8721
28.76527	9.57169	0.8780
28.82206	9.57762	0.8871
28.85144	9.58627	0.8812
28.85538	9.59325	0.8690
28.81517	9.59952	0.8569
28.74377	9.60729	0.8539
28.70557	9.61045	0.8660
28.71445	9.60790	0.8721
28.79365	9.60629	0.8812
28.84549	9.61544	0.8751
28.85123	9.63020	0.8781
28.79732	9.68613	0.8661
28.66231	9.76554	0.8661
28.57097	9.80588	0.8631
28.52564	9.83422	0.8692
28.57094	9.85749	0.8660
28.60956	9.88553	0.8690
28.61315	9.90459	0.8691
28.59280	9.91387	0.8722
28.55066	9.92572	0.8782
28.52810	9.93333	0.8752
28.55503	9.93272	0.8754
28.59229	9.93663	0.8723
28.59985	9.94872	0.8751
28.57347	9.95958	0.8632
28.52867	9.96422	0.8632
28.51241	9.96199	0.8724
28.53673	9.95745	0.8753
28.57989	9.95723	0.8785
28.60983	9.96344	0.8814
28.61627	9.97218	0.8814
28.60578	9.98013	0.8754
28.58084	9.98573	0.8694
28.55306	9.98932	0.8664
28.53974	9.99094	0.8633
28.54639	9.99206	0.8694
28.56172	9.99413	0.8725
28.58007	9.99850	0.8725
28.59574	10.00501	0.8815
28.60318	10.01162	0.8694
28.59795	10.01706	0.8663
28.57435	10.02216	0.8603
28.54491	10.02670	0.8573
28.53352	10.02855	0.8605
28.54617	10.02816	0.8634
28.57100	10.02906	0.8664
28.58676	10.03310	0.8666
28.58741	10.03876	0.8666
28.57905	10.04426	0.8726
28.57181	10.04936	0.8817
28.57458	10.05391	0.8817
28.58106	10.05829	0.8756
28.58039	10.06289	0.8788
28.56932	10.06738	0.8698
28.55289	10.07148	0.8728
28.54941	10.07417	0.8727
28.56378	10.07597	0.8698
28.57858	10.07855	0.8727
28.57881	10.08209	0.8669
28.56395	10.08569	0.8638
28.54193	10.08883	0.8576
28.53472	10.09001	0.8608
28.54892	10.08951	0.8667
28.56823	10.09057	0.8670
28.57786	10.09361	0.8699
28.57892	10.09726	0.8851
28.57819	10.10046	0.8790
28.57527	10.10378	0.8762
28.56649	10.10732	0.8760
28.55237	10.11108	0.8761
28.54774	10.11462	0.8700
28.55806	10.11754	0.8730
28.56839	10.12086	0.8671
28.56089	10.12390	0.8640
28.52093	10.12654	0.8641
28.47240	10.12688	0.8732
28.47476	10.11957	0.8793
28.53419	10.11007	0.8885
28.57421	10.10855	0.8914
28.57554	10.11108	0.8854
28.51732	10.14943	0.8794
28.40593	10.20280	0.8704
28.33926	10.22540	0.8673
28.30824	10.23955	0.8643
28.34345	10.25670	0.8643
28.36790	10.27515	0.8674
28.37783	10.28119	0.8734
28.36395	10.27950	0.8675
28.31387	10.28356	0.8614
28.27821	10.28463	0.8644
28.28867	10.27961	0.8706
28.32463	10.27667	0.8615
28.34320	10.28537	0.8706
28.33116	10.29610	0.8737
28.28343	10.29932	0.8737
28.26292	10.29548	0.8828
28.28947	10.28966	0.8888
28.34325	10.28757	0.8859
28.36217	10.29017	0.8858
28.33190	10.29553	0.8738
28.26175	10.30807	0.8739
28.21422	10.31915	0.8737
28.21189	10.31790	0.8739
28.27311	10.30762	0.8860
28.31020	10.30547	0.8738
28.32600	10.30310	0.8800
28.25952	10.31937	0.8680
28.18732	10.33503	0.8649
28.14774	10.33831	0.8588
28.16397	10.33152	0.8740
28.23914	10.30971	0.8832
28.29153	10.29542	0.8892
28.32702	10.27933	0.8893
28.29434	10.28797	0.8833
28.22626	10.30474	0.8743
28.19273	10.30615	0.8682
28.18347	10.30062	0.8529
28.21386	10.29435	0.8682
28.26338	10.29638	0.8744
28.28484	10.30135	0.8804
28.29420	10.29694	0.8774
28.26613	10.29316	0.8775
28.22824	10.29683	0.8805
28.20267	10.29994	0.8806
28.21092	10.30191	0.8775
28.24294	10.30434	0.8867
28.26523	10.31208	0.8867
28.26207	10.31915	0.8805
28.22776	10.31965	0.8808
28.19880	10.31722	0.8747
28.19059	10.31474	0.8718
28.20992	10.31225	0.8748
28.24302	10.31039	0.8868
28.26590	10.30926	0.8808
28.25718	10.31011	0.8778
28.22749	10.31316	0.8688
28.19938	10.31491	0.8627
28.18580	10.31383	0.8659
28.19309	10.31112	0.8719
28.21423	10.30875	0.8810
28.23692	10.30903	0.8841
28.25126	10.31118	0.8872
28.25450	10.31299	0.8902
28.23881	10.31542	0.8750
28.20960	10.31819	0.8722
28.18588	10.31852	0.8751
28.18280	10.31564	0.8782
28.19993	10.31135	0.8722
28.22124	10.30971	0.8782
28.23132	10.31090	0.8784
28.22233	10.31208	0.8783
28.20217	10.31208	0.8814
28.19408	10.31039	0.8844
28.20662	10.30745	0.8845
28.23288	10.30542	0.8815
28.24834	10.30581	0.8876
28.23668	10.30705	0.8846
28.20423	10.30903	0.8755
28.17730	10.30864	0.8726
28.17511	10.30485	0.8726
28.19013	10.29926	0.8787
28.21094	10.29621	0.8756
28.22754	10.29694	0.8878
28.24198	10.29757	0.8789
28.24500	10.29706	0.8818
28.21796	10.29898	0.8699
28.17878	10.30169	0.8728
28.15787	10.29999	0.8759
28.16790	10.29169	0.8790
28.20989	10.28221	0.8912
28.24405	10.27876	0.8881
28.26255	10.27526	0.8881
28.21389	10.28548	0.8821
28.15401	10.30073	0.8761
28.12412	10.30954	0.8822
28.12697	10.31429	0.8821
28.17046	10.31321	0.8883
28.19875	10.31570	0.8945
28.20776	10.31338	0.8914
28.17018	10.31429	0.8823
28.13031	10.31762	0.8763
28.11349	10.31943	0.8703
28.11862	10.32305	0.8764
28.13408	10.32615	0.8795
28.13860	10.33175	0.8766
28.13400	10.33689	0.8825
28.13027	10.33904	0.8856
28.13537	10.33938	0.8888
28.14596	10.33949	0.8828
28.14775	10.34017	0.8918
28.13177	10.34017	0.8920
28.11283	10.33944	0.8857
28.10572	10.33689	0.8798
28.11700	10.33254	0.8860
28.14021	10.32887	0.8859
28.15552	10.32745	0.8799
28.15002	10.32621	0.8799
28.13524	10.32497	0.8770
28.12599	10.32321	0.8709
28.12496	10.32107	0.8800
28.12477	10.31903	0.8709
28.11637	10.31728	0.8682
28.10720	10.31525	0.8832
28.11429	10.31112	0.8922
28.14349	10.30626	0.8983
28.18324	10.30474	0.9075
28.20198	10.30429	0.8955
28.18858	10.30739	0.8864
28.12876	10.32112	0.8773
28.08073	10.33051	0.8652
28.04885	10.33282	0.8622
28.05856	10.31643	0.8744
28.11449	10.27758	0.8805
28.17901	10.25585	0.8806
28.21986	10.24953	0.8927
28.20645	10.24767	0.8867
28.14105	10.25653	0.8775
28.10141	10.26319	0.8716
28.09205	10.26234	0.8747
28.12500	10.26251	0.8837
28.16532	10.26595	0.8838
28.18676	10.26155	0.8777
28.17921	10.25331	0.8840
28.13765	10.25303	0.8719
28.11087	10.25094	0.8809
28.11320	10.24818	0.8810
28.14103	10.24598	0.8871
28.16843	10.24925	0.8841
28.17812	10.25433	0.8841
28.15290	10.25376	0.8750
28.11872	10.24925	0.8721
28.09979	10.24389	0.8721
28.10848	10.23724	0.8843
28.13982	10.23036	0.8874
28.17626	10.22805	0.8934
28.19971	10.22997	0.8935
28.19149	10.23600	0.8844
28.14092	10.24463	0.8784
28.09639	10.24931	0.8785
28.07422	10.24982	0.8785
28.08707	10.24085	0.8907
28.14106	10.22686	0.8906
28.18591	10.22168	0.8998
28.21276	10.21852	0.8938
28.16343	10.22670	0.8847
28.10352	10.23600	0.8728
28.07726	10.23752	0.8788
28.07657	10.23786	0.8757
28.10991	10.24186	0.8819
28.14525	10.24361	0.8818
28.16525	10.23617	0.8880
28.16005	10.22760	0.8850
28.12792	10.22703	0.8850
28.10486	10.22551	0.8790
28.09586	10.22111	0.8851
28.10685	10.21717	0.8851
28.12508	10.21548	0.8851
28.13486	10.21768	0.8883
28.13703	10.22173	0.8883
28.13430	10.22455	0.8944
28.12582	10.22619	0.8884
28.11430	10.22664	0.8945
28.10964	10.22579	0.8825
28.11480	10.22410	0.8795
28.12107	10.22264	0.8794
28.11616	10.22196	0.8765
28.09867	10.22168	0.8765
28.08520	10.21959	0.8796
28.09264	10.21424	0.8827
28.12101	10.20843	0.8886
28.15791	10.20663	0.8857
28.17008	10.20624	0.8889
28.13257	10.20731	0.8828
28.08613	10.21215	0.8798
28.06585	10.21486	0.8707
28.07550	10.21114	0.8769
28.11420	10.20539	0.8860
28.14022	10.20477	0.8922
28.15068	10.20342	0.8922
28.12723	10.20427	0.8860
28.09083	10.20624	0.8862
28.07344	10.20686	0.8952
28.07903	10.20618	0.8863
28.10050	10.20629	0.8833
28.11629	10.20996	0.8833
28.10888	10.21345	0.8803
28.07756	10.21384	0.8712
28.05435	10.21063	0.8775
28.05962	10.20381	0.8804
28.08973	10.19503	0.8896
28.12918	10.19063	0.8896
28.15084	10.18872	0.8928
28.11595	10.19092	0.8866
28.06715	10.19604	0.8897
28.04694	10.20269	0.8898
28.05831	10.20551	0.8868
28.09957	10.20410	0.8898
28.13104	10.20472	0.8898
28.12635	10.20455	0.8778
28.06859	10.20714	0.8748
28.03224	10.20877	0.8718
28.01713	10.21001	0.8749
28.04539	10.19632	0.8871
28.10407	10.17650	0.9022
28.14319	10.16761	0.8901
28.14704	10.16035	0.8933
28.10046	10.15703	0.8963
28.07048	10.15432	0.8903
28.06560	10.15416	0.8871
28.08504	10.15556	0.8843
28.10832	10.15810	0.8873
28.11371	10.15990	0.8874
28.10421	10.15883	0.8874
28.09273	10.15613	0.8874
28.09491	10.15252	0.8936
28.11188	10.14892	0.8846
28.12236	10.14605	0.8787
28.10793	10.14330	0.8787
28.07966	10.14043	0.8756
28.06933	10.13711	0.8757
28.09016	10.13160	0.8878
28.12502	10.12615	0.8848
28.14220	10.12238	0.8909
28.12388	10.11895	0.8850
28.09872	10.11558	0.8940
28.09853	10.11204	0.8971
28.12180	10.10979	0.9032
28.14155	10.11367	0.8972
28.12594	10.12047	0.8912
28.09117	10.12311	0.8852
28.07119	10.12058	0.8852
28.08173	10.11580	0.8943
28.11185	10.11198	0.8913
28.13807	10.11091	0.8884
28.13454	10.11058	0.8853
28.09666	10.11367	0.8763
28.06776	10.11704	0.8795
28.06294	10.11901	0.8826
28.08223	10.11856	0.8917
28.10522	10.12013	0.8916
28.11130	10.12333	0.8857
28.09034	10.12339	0.8857
28.06587	10.12215	0.8918
28.05724	10.12036	0.8949
28.07113	10.11766	0.8979
28.09522	10.11710	0.9010
28.11141	10.11979	0.8919
28.10162	10.12170	0.8858
28.07602	10.12137	0.8798
28.05574	10.11962	0.8800
28.04910	10.11676	0.8800
28.05404	10.11265	0.8800
28.06632	10.10855	0.8861
28.08095	10.10687	0.8983
28.09497	10.10748	0.8953
28.10697	10.10872	0.9044
28.10745	10.11142	0.8984
28.08895	10.11524	0.8955
28.05868	10.11771	0.8833
28.04063	10.11704	0.8833
28.04057	10.11294	0.8834
28.06108	10.10664	0.8866
28.08742	10.10310	0.8866
28.10489	10.10147	0.8777
28.09578	10.10029	0.8805
28.06314	10.10248	0.8836
28.04300	10.10293	0.8746
28.04412	10.10068	0.8747
28.06351	10.09703	0.8898
28.08118	10.09703	0.8838
28.08445	10.09928	0.8869
28.06973	10.09973	0.8899
28.05504	10.09771	0.8961
28.05314	10.09400	0.8991
28.06430	10.09024	0.9083
28.08234	10.08788	0.9053
28.09442	10.08681	0.9053
28.08928	10.08737	0.8902
28.06821	10.08922	0.8872
28.04282	10.08990	0.8752
28.03151	10.08737	0.8844
28.04016	10.08069	0.8874
28.07088	10.07339	0.8905
28.10524	10.07058	0.8965
28.12169	10.07036	0.8845
28.08034	10.07721	0.8755
28.03646	10.08327	0.8725
28.01293	10.08658	0.8846
28.01242	10.08535	0.8846
28.05100	10.06929	0.8967
28.09426	10.05846	0.8968
28.11408	10.05082	0.9059
28.02793	10.04633	0.8938
27.80928	10.00786	0.8969
27.90033	9.82233	0.8998
28.05249	9.62043	0.8941
28.16211	9.47980	0.8939
28.23721	9.39651	0.8971
28.27432	9.35318	0.8971
28.29406	9.32976	0.9001
28.30994	9.31605	0.8912
28.31700	9.30752	0.8882
28.32140	9.30157	0.8851
28.32712	9.29623	0.8912
28.33225	9.29101	0.8882
28.33623	9.28622	0.8912
28.33824	9.28259	0.8913
28.34070	9.27995	0.8884
28.34191	9.27835	0.8855
28.34328	9.27709	0.8854
28.34404	9.27637	0.8855
28.34426	9.27648	0.8916
28.34403	9.27654	0.8857
28.34390	9.27654	0.8917
28.34405	9.27714	0.8886
28.34440	9.27802	0.8888
28.34440	9.27857	0.8918
28.34286	9.27934	0.8919
28.34158	9.27923	0.8919
28.34326	9.27813	0.8980
28.34439	9.27725	0.8950
28.34470	9.27632	0.8920
28.34508	9.27544	0.8950
28.34543	9.27516	0.8890
28.34444	9.27555	0.8922
28.34276	9.27648	0.8922
28.34326	9.27593	0.8923
28.34272	9.27505	0.8833
28.34570	9.27467	0.8803
28.34654	9.27494	0.8833
28.34714	9.27621	0.9046
28.34300	9.27780	0.9592
28.34195	9.27593	1.0591
28.35090	9.26686	1.1986
28.35529	9.25817	1.3682
28.35588	9.25553	1.5471
28.35786	9.25295	1.7319
28.35103	9.24899	1.9258
28.37019	9.22366	2.1166
28.39159	9.19632	2.3046
28.40868	9.17772	2.5136
28.40141	9.18902	2.7138
28.38670	9.20703	2.9227
28.38223	9.20675	3.1348
28.40897	9.17317	3.3530
28.44491	9.13648	3.5591
28.49215	9.10871	3.7924
28.51855	9.08528	4.0105
28.54243	9.06503	4.2318
28.56166	9.04436	4.4649
28.58188	9.02654	4.6832
28.59999	9.00987	4.9165
28.63333	8.98803	5.1406
28.66359	8.96156	5.3681
28.68058	8.94372	5.5951
28.68574	8.93456	5.8194
28.68133	8.93026	6.0497
28.65844	8.93462	6.2709
28.66500	8.94241	6.4982
28.67392	8.94394	6.7224
28.70337	8.92034	6.9618
28.76693	8.85657	7.1921
28.82540	8.78812	7.4194
28.86211	8.74311	7.6465
28.89745	8.71469	7.8678
28.94765	8.68396	8.0891
28.99624	8.63897	8.3222
29.03808	8.58895	8.5556
29.06782	8.55156	8.7859
29.09282	8.52425	9.0161
29.11225	8.50219	9.2311
29.12781	8.48106	9.4585
29.13619	8.46074	9.6948
29.17339	8.43376	9.9190
29.22751	8.40094	10.1493
29.25673	8.37115	10.3827
29.31551	8.33730	10.6191
29.35990	8.29763	10.8492
29.40432	8.25924	11.0855
29.44300	8.22206	11.3067
29.48147	8.18160	11.5401
29.51368	8.14101	11.7612
29.54641	8.10010	11.9914
29.57086	8.06915	12.2066
29.59384	8.04403	12.4429
29.68028	8.00966	12.6670
29.78593	7.95526	12.9096
29.85084	7.90067	13.1430
29.88817	7.86456	13.3793
29.91529	7.84313	13.6155
29.93232	7.83013	13.8459
29.94180	7.82223	14.0761
29.94683	7.81656	14.3004
29.95136	7.81200	14.5247
29.95598	7.80872	14.7578
29.95972	7.80607	14.9881
29.96216	7.80448	15.2153
29.96479	7.80357	15.4487
29.96533	7.80283	15.6667
29.96661	7.80199	15.8970
29.96965	7.79955	16.1243
29.97344	7.79526	16.3546
29.97922	7.78985	16.5757
29.98589	7.78381	16.7907
29.99307	7.77793	17.0152
29.99984	7.77359	17.2332
30.00244	7.77121	17.4725
30.00418	7.77020	17.7210
30.00744	7.76994	17.9512
30.01108	7.76925	18.1694
30.01753	7.76719	18.3876
30.02312	7.76475	18.6148
30.03183	7.76242	18.8359
30.04239	7.76030	19.0571
30.04381	7.75930	19.2905
30.04447	7.75887	19.5056
30.04685	7.75919	19.7328
30.05306	7.75962	19.9509
30.05283	7.76083	20.1689
30.05492	7.76179	20.3964
30.05794	7.76242	20.6206
30.05970	7.76284	20.8418
30.06251	7.76311	21.0688
30.06955	7.76417	21.2901
30.06837	7.76671	21.5113
30.08164	7.76957	21.7325
30.07888	7.77417	21.9566
30.08179	7.77820	22.1839
30.07599	7.78132	22.4142
30.07707	7.78291	22.6353
30.07878	7.78408	22.8535
30.08436	7.78524	23.0717
30.09214	7.78710	23.3018
30.09616	7.79006	23.5230
30.09953	7.79340	23.7473
30.10783	7.79610	23.9714
30.13705	7.79647	24.1926
30.16240	7.79112	24.4108
30.19057	7.78117	24.6349
30.20835	7.76756	24.8653
30.22764	7.74866	25.0924
30.24303	7.72951	25.3288
30.25531	7.71449	25.5530
30.26881	7.69778	25.7681
30.28354	7.68034	25.9893
30.29505	7.66624	26.2195
30.30476	7.65679	26.4377
30.31217	7.64998	26.6709
30.32605	7.64164	26.8891
30.34628	7.62602	27.1132
30.40725	7.60972	27.3405
30.44647	7.60276	27.5648
30.50858	7.59812	27.7919
30.55003	7.56908	28.0252
30.61734	7.51516	28.3100
30.67314	7.46536	28.5221
30.70573	7.43201	28.7523
30.73821	7.41143	28.9794
30.77038	7.39401	29.2038
30.79791	7.37534	29.4401
30.82025	7.35961	29.6613
30.83126	7.34750	29.8913
30.83711	7.34006	30.1187
30.83766	7.33200	30.3459
30.84488	7.31869	30.5732
30.85214	7.30534	30.7973
30.85303	7.29399	31.0186
30.85425	7.28159	31.2458
30.86234	7.26867	31.4700
30.87065	7.25753	31.6881
30.88597	7.24937	31.9184
30.89501	7.24535	32.1335
30.89585	7.24242	32.3697
30.90083	7.23965	32.5939
30.90262	7.23829	32.8120
30.90033	7.23730	33.0424
30.90071	7.23474	33.2787
30.90614	7.23072	33.5059
30.91198	7.22847	33.7392
30.90983	7.22816	33.9542
30.91505	7.22774	34.1816
30.90755	7.22816	34.4087
30.89926	7.22476	34.6391
30.90675	7.21515	34.8540
30.91248	7.20789	35.0753
30.91504	7.20387	35.3055
30.91665	7.20120	35.5298
30.91812	7.19990	35.7449
30.91885	7.19927	35.9750
30.91963	7.19896	36.1963
30.91906	7.19912	36.4112
30.91976	7.19896	36.6386
30.92193	7.19859	36.8658
30.92359	7.19849	37.0839
30.92301	7.19828	37.3112
30.92192	7.19797	37.5354
30.92270	7.19765	37.7594
30.93160	7.19708	37.9867
30.94362	7.19520	38.2140
30.97055	7.19035	38.4412
30.99115	7.18278	38.6866
31.00641	7.17438	38.9289
31.02299	7.16603	39.1410
31.03586	7.15779	39.3622
31.04832	7.15179	39.5954
31.06713	7.14605	39.8135
31.09634	7.13875	40.0407
31.11183	7.13151	40.2619
31.12807	7.12395	40.4892
31.13993	7.11910	40.7163
31.15001	7.11692	40.9316
31.16668	7.11686	41.1647
31.20660	7.11884	41.3860
31.21524	7.12270	41.6131
31.25677	7.12583	41.8373
31.27507	7.13448	42.0677
31.26975	7.14522	42.2978
31.26426	7.15116	42.5190
31.26714	7.15367	42.7463
31.28100	7.15466	42.9764
31.29247	7.15643	43.2127
31.30234	7.15820	43.4279
31.32792	7.15690	43.6581
31.35343	7.14835	43.8822
31.36753	7.13709	44.1156
31.37951	7.12750	44.3428
31.38787	7.12072	44.5670
31.39477	7.11598	44.7943
31.40460	7.11233	45.0244
31.41244	7.10686	45.2487
31.42075	7.10014	45.4758
31.42949	7.09452	45.6970
31.43632	7.08869	45.9243
31.44135	7.08379	46.1514
31.44553	7.07983	46.3757
31.44832	7.07629	46.5938
31.45217	7.07234	46.8149
31.45692	7.06776	47.0391
31.46281	7.06334	47.2603
31.46786	7.05917	47.4875
31.47021	7.05537	47.7054
31.47560	7.05121	47.9327
31.48860	7.04331	48.1569
31.50493	7.02687	48.3842
31.52796	7.00743	48.6175
31.54714	6.98852	48.8507
31.56424	6.97123	49.0781
31.57548	6.95960	49.2990
31.58210	6.95265	49.5233
31.58590	6.94875	49.7627
31.58799	6.94673	49.9840
31.58831	6.94554	50.2019
31.58935	6.94465	50.4351
31.58934	6.94419	50.6564
31.58947	6.94357	50.8806
31.58886	6.94227	51.0956
31.59235	6.93983	51.3290
31.59628	6.93869	51.5501
31.60044	6.93744	51.7742
31.59952	6.93604	51.9954
31.59968	6.93428	52.2226
31.60299	6.93241	52.4558
31.60537	6.93008	52.6741
31.60766	6.92821	52.9012
31.61845	6.92432	53.1346
31.62838	6.91592	53.3587
31.63962	6.90654	53.5888
31.64807	6.89902	53.8101
31.65548	6.89270	54.0402
31.66518	6.88752	54.2674
31.67435	6.88327	54.4947
31.68104	6.87767	54.7218
31.68658	6.87228	54.9522
31.69082	6.86757	55.1794
31.69449	6.86384	55.4096
31.69644	6.86162	55.6248
31.69785	6.86027	55.8519
31.69892	6.85944	56.0701
31.69900	6.85887	56.3005
31.69923	6.85815	56.5215
31.70251	6.85742	56.7458
31.70938	6.85561	56.9759
31.72316	6.85074	57.2001
31.73606	6.84360	57.4121
31.74669	6.83485	57.6394
31.75517	6.82704	57.8576
31.76000	6.82171	58.0786
31.76267	6.81835	58.3026
31.76409	6.81633	58.5178
31.76537	6.81483	58.7541
31.76820	6.81312	58.9996
31.77313	6.81054	59.2449
31.78846	6.80661	59.4659
31.80201	6.79989	59.6842
31.80784	6.79311	59.9174
31.81849	6.78872	60.1415
31.82320	6.78500	60.3596
31.82730	6.78231	60.5868
31.83060	6.78040	60.8111
31.83277	6.77905	61.0383
31.83328	6.77838	61.2716
31.83527	6.77797	61.4896
31.83850	6.77724	61.7109
31.84100	6.77590	61.9381
31.84458	6.77414	62.1653
31.85026	6.77187	62.3954
31.85761	6.76929	62.6197
31.86339	6.76655	62.8438
31.86915	6.76355	63.0649
31.87610	6.76066	63.2922
31.87950	6.75689	63.5163
31.87952	6.75271	63.7435
31.88294	6.74863	63.9646
31.88940	6.74553	64.1979
31.90465	6.74026	64.4190
31.91651	6.73247	64.6464
31.92708	6.72606	64.8767
31.93247	6.72126	65.1068
31.93788	6.71755	65.3279
31.94152	6.71420	65.5522
31.94267	6.71218	65.7883
31.94348	6.71120	66.0096
31.94254	6.71100	66.2337
31.94700	6.71115	66.4669
31.95568	6.70965	66.6941
31.96518	6.70553	66.9152
31.97169	6.69991	67.1335
31.97687	6.69542	67.3515
31.98367	6.69227	67.5697
31.99023	6.68918	67.7818
31.99739	6.68572	68.0090
32.00517	6.68088	68.2360
32.01311	6.67557	68.4572
32.01841	6.67088	68.6846
32.02351	6.66634	68.9086
32.02838	6.66247	69.1479
32.03545	6.65985	69.3933
32.03953	6.65758	69.6143
32.04405	6.65629	69.8447
32.04557	6.65521	70.0780
32.05734	6.65418	70.3021
32.06408	6.65155	70.5293
32.07594	6.64676	70.7534
32.08515	6.63893	70.9897
32.09372	6.63151	71.2110
32.09868	6.62611	71.4350
32.10191	6.62256	71.6623
32.10353	6.62034	71.8833
32.10542	6.61895	72.1074
32.10731	6.61828	72.3409
32.10750	6.61833	72.5680
32.10759	6.61849	72.7922
32.10749	6.61849	73.0162
32.10748	6.61839	73.2373
32.10746	6.61792	73.4768
32.10871	6.61684	73.7040
32.11068	6.61499	73.9282
32.11246	6.61298	74.1552
32.11484	6.61144	74.3704
32.11657	6.60948	74.5885
32.11910	6.60696	74.8187
32.12080	6.60475	75.0399
32.12475	6.60145	75.2671
32.13185	6.59487	75.4974
32.14452	6.58669	75.7215
32.16883	6.57666	75.9547
32.19787	6.56308	76.1819
32.22229	6.55080	76.3973
32.24272	6.54165	76.6273
32.25388	6.53482	76.8605
32.26004	6.52994	77.0786
32.26329	6.52711	77.3028
32.26607	6.52552	77.5268
32.26811	6.52434	77.7448
32.26937	6.52326	77.9691
32.27210	6.52208	78.1873
32.27351	6.52084	78.4144
32.27731	6.51992	78.6324
32.28264	6.51817	78.8597
32.28526	6.51566	79.0809
32.28724	6.51345	79.3110
32.28931	6.51222	79.5839
32.29212	6.51124	79.8170
32.29412	6.50975	80.0200
32.29502	6.50831	80.2562
32.29564	6.50754	80.4924
32.29621	6.50718	80.7197
32.29813	6.50688	80.9378
32.30251	6.50431	81.1679
32.30774	6.49866	81.3983
32.31313	6.49322	81.6193
32.31734	6.48794	81.8435
32.32111	6.48347	82.0736
32.32307	6.48019	82.2948
32.32404	6.47649	82.5218
32.32761	6.47116	82.7341
32.33343	6.46526	82.9734
32.33731	6.46105	83.1975
32.34002	6.45808	83.4156
32.34127	6.45629	83.6458
32.34203	6.45500	83.8697
32.34456	6.45295	84.0941
32.34570	6.45126	84.3243
32.34696	6.45018	84.5546
32.34803	6.44931	84.7757
32.34836	6.44885	84.9969
32.34893	6.44849	85.2302
32.34931	6.44798	85.4542
32.34959	6.44721	85.6753
32.35064	6.44598	85.9117
32.35136	6.44511	86.1297
32.35208	6.44460	86.3630
32.35261	6.44393	86.5811
32.35264	6.44342	86.8143
32.35278	6.44316	87.0354
32.35315	6.44265	87.2685
32.35299	6.44234	87.4957
32.35391	6.44162	87.7200
32.35630	6.44044	87.9411
32.35865	6.43896	88.1592
32.36026	6.43824	88.3803
32.36261	6.43783	88.6043
32.36304	6.43726	88.8226
32.36392	6.43660	89.0466
32.36575	6.43557	89.2769
32.36893	6.43429	89.5041
32.37012	6.43327	89.7587
32.37152	6.43240	90.0099
32.37230	6.43183	90.2221
32.37717	6.43147	90.4461
32.38040	6.43101	90.6764
32.38196	6.43070	90.9065
32.38344	6.43050	91.1277
32.38486	6.43035	91.3517
32.38606	6.43035	91.5788
32.38610	6.43019	91.8120
32.38935	6.42994	92.0394
32.39445	6.42947	92.2545
32.39610	6.42799	92.4846
32.39739	6.42691	92.6455
32.39846	6.42609	92.7543
32.39954	6.42568	92.7665
32.40063	6.42563	92.7456
32.40025	6.42640	92.7426
32.39922	6.42748	92.7548
32.39885	6.42824	92.7428
32.39728	6.42917	92.7400
32.39670	6.43050	92.7490
32.39621	6.43101	92.7581
32.39631	6.43091	92.7492
32.39443	6.43070	92.7494
32.39478	6.43106	92.7555
32.39527	6.43091	92.7526
32.39749	6.43040	92.7526
32.39771	6.43055	92.7195
32.39549	6.43111	92.6168
32.39829	6.43152	92.4653
32.39949	6.43281	92.3290
32.39585	6.43460	92.1870
32.39395	6.43486	92.0236
32.39466	6.43383	91.8600
32.39423	6.43291	91.6877
32.39327	6.43219	91.5121
32.39173	6.43178	91.3368
32.39034	6.43188	91.1521
32.38842	6.43219	90.9523
32.38699	6.43234	90.7286
32.38498	6.43240	90.4954
32.38295	6.43255	90.2531
32.38123	6.43229	90.0021
32.38037	6.43224	89.7416
32.37908	6.43265	89.4512
32.37341	6.43337	89.1908
32.37189	6.43327	88.9548
32.37097	6.43327	88.7158
32.36930	6.43332	88.4796
32.36726	6.43347	88.2557
32.36624	6.43393	88.0256
32.36522	6.43439	87.8047
32.36435	6.43506	87.5777
32.36215	6.43603	87.3508
32.36004	6.43691	87.1359
32.35795	6.43814	86.9029
32.35684	6.43906	86.6728
32.35582	6.43988	86.4578
32.35500	6.44049	86.2278
32.35546	6.44085	86.0040
32.35449	6.44162	85.7769
32.35352	6.44203	85.5499
32.35334	6.44234	85.3259
32.35310	6.44234	85.1019
32.35291	6.44265	84.8810
32.35323	6.44316	84.6511
32.35221	6.44434	84.4333
32.35018	6.44557	84.2091
32.34863	6.44659	83.9761
32.34806	6.44731	83.7490
32.34809	6.44813	83.5160
32.34765	6.44900	83.2860
32.34650	6.44967	83.0651
32.34627	6.45003	82.8349
32.34560	6.45085	82.6051
32.34355	6.45203	82.3871
32.34244	6.45331	82.1571
32.34223	6.45475	81.9301
32.34107	6.45711	81.7121
32.33934	6.46013	81.4851
32.33793	6.46393	81.2611
32.33444	6.46808	81.0401
32.33037	6.47249	80.8163
32.32591	6.47696	80.5951
32.32041	6.48142	80.3684
32.31502	6.48650	80.1443
32.31075	6.49112	79.9264
32.30726	6.49456	79.6962
32.30372	6.49733	79.4541
32.30049	6.49984	79.2088
32.29694	6.50226	78.9850
32.29378	6.50426	78.7550
32.29213	6.50611	78.5340
32.29049	6.50760	78.3100
32.28864	6.50893	78.0830
32.28621	6.51016	77.8499
32.28325	6.51129	77.6229
32.28086	6.51247	77.4017
32.27921	6.51360	77.1749
32.27633	6.51494	76.9509
32.27316	6.51658	76.7239
32.27122	6.51802	76.4967
32.26723	6.51951	76.2760
32.26086	6.52054	76.0428
32.25235	6.52177	75.8279
32.24461	6.52351	75.6038
32.23871	6.52521	75.3739
32.22769	6.52721	75.1559
32.21332	6.53065	74.9228
32.19819	6.53667	74.6960
32.18447	6.54448	74.4658
32.17181	6.55337	74.2418
32.15944	6.56267	74.0146
32.14942	6.57198	73.7906
32.14101	6.57995	73.5636
32.13395	6.58684	73.3337
32.12831	6.59260	73.1067
32.12303	6.59723	72.8827
32.11890	6.60145	72.6586
32.11482	6.60475	72.4377
32.11292	6.60732	72.2137
32.11104	6.60943	71.9896
32.10970	6.61097	71.7596
32.10845	6.61205	71.5416
32.10783	6.61283	71.3176
32.10760	6.61355	71.0966
32.10630	6.61432	70.8695
32.10592	6.61483	70.6486
32.10525	6.61530	70.4185
32.10506	6.61561	70.1976
32.10424	6.61586	69.9736
32.10308	6.61612	69.7464
32.09797	6.61736	69.5226
32.09001	6.62055	69.2834
32.08142	6.62508	69.0293
32.06871	6.63048	68.7990
32.06042	6.63615	68.5749
32.05351	6.64078	68.3419
32.04711	6.64444	68.1149
32.04062	6.64789	67.8998
32.03382	6.65124	67.6698
32.02793	6.65480	67.4460
32.02089	6.65840	67.2250
32.01530	6.66237	66.9979
32.01022	6.66608	66.7767
32.00606	6.66917	66.5561
32.00283	6.67165	66.3289
32.00049	6.67361	66.1109
31.99910	6.67521	65.8869
31.99497	6.67644	65.6569
31.98302	6.67923	65.4296
31.97493	6.68397	65.2088
31.96190	6.68902	64.9908
31.95004	6.69495	64.7607
31.94023	6.70089	64.5398
31.93519	6.70604	64.3186
31.92969	6.70986	64.0887
31.92350	6.71265	63.8646
31.91630	6.71579	63.6436
31.91109	6.71930	63.4135
31.90512	6.72333	63.1986
31.90143	6.72705	62.9655
31.89661	6.73086	62.7416
31.88837	6.73551	62.5083
31.87907	6.74062	62.2875
31.87197	6.74610	62.0664
31.86451	6.75064	61.8333
31.85641	6.75477	61.6062
31.85131	6.75890	61.3821
31.84688	6.76195	61.1582
31.84280	6.76469	60.9311
31.83943	6.76696	60.7100
31.83761	6.76867	60.4923
31.83544	6.77001	60.2682
31.83242	6.77125	60.0471
31.82854	6.77223	59.8200
31.82415	6.77347	59.5961
31.81602	6.77507	59.3689
31.80710	6.77833	59.1480
31.79895	6.78283	58.9086
31.78971	6.78784	58.6755
31.78514	6.79260	58.4547
31.77893	6.79647	58.2244
31.77332	6.80014	57.9975
31.76900	6.80345	57.7735
31.76400	6.80676	57.5433
31.75804	6.81007	57.3224
31.75170	6.81395	57.0953
31.74770	6.81824	56.8652
31.74367	6.82161	56.6350
31.73915	6.82440	56.4201
31.73523	6.82699	56.1992
31.73085	6.82963	55.9751
31.72543	6.83237	55.7479
31.72003	6.83573	55.5390
31.71477	6.83941	55.3090
31.71051	6.84303	55.0819
31.70628	6.84588	54.8670
31.70332	6.84847	54.6370
31.70066	6.85043	54.4188
31.69996	6.85204	54.1978
31.69867	6.85318	53.9738
31.69656	6.85447	53.7558
31.69208	6.85649	53.5285
31.68666	6.85923	53.3108
31.68154	6.86239	53.0866
31.67855	6.86545	52.8597
31.67271	6.86814	52.6326
31.66710	6.87109	52.4024
31.66016	6.87513	52.1753
31.65167	6.88047	51.9573
31.64157	6.88720	51.7211
31.63142	6.89503	51.4942
31.62341	6.90208	51.2701
31.61803	6.90804	51.0460
31.61302	6.91286	50.8249
31.60892	6.91670	50.6040
31.60538	6.91991	50.3890
31.60276	6.92251	50.1711
31.60009	6.92479	49.9469
31.59763	6.92691	49.7289
31.59554	6.92930	49.5109
31.59368	6.93106	49.2871
31.59250	6.93246	49.0599
31.59165	6.93350	48.8297
31.59027	6.93438	48.5996
31.58971	6.93511	48.3786
31.58852	6.93578	48.1454
31.58776	6.93635	47.9183
31.58547	6.93718	47.6943
31.58044	6.93983	47.4702
31.57324	6.94564	47.2492
31.56177	6.95493	47.0251
31.54670	6.96785	46.8012
31.52998	6.98297	46.5830
31.51517	6.99777	46.3559
31.50285	7.00988	46.1290
31.49424	7.01866	45.9110
31.48611	7.02589	45.6900
31.47903	7.03337	45.4658
31.47166	7.04045	45.2479
31.46503	7.04716	45.0267
31.45769	7.05309	44.7998
31.44820	7.05922	44.5754
31.43826	7.06698	44.3578
31.42736	7.07505	44.1334
31.41991	7.08259	43.9124
31.41163	7.08853	43.6916
31.40003	7.09405	43.4674
31.38249	7.09957	43.2432
31.36351	7.10603	43.0222
31.34682	7.11426	42.8043
31.32304	7.12239	42.5771
31.30262	7.12927	42.3501
31.28872	7.13453	42.1381
31.27734	7.13844	41.9110
31.27418	7.14167	41.6840
31.25687	7.14418	41.4661
31.23568	7.14579	41.2327
31.22174	7.14496	41.0116
31.20929	7.14204	40.7847
31.19231	7.13834	40.5544
31.17320	7.13453	40.3396
31.16451	7.13036	40.1152
31.15254	7.12624	39.8945
31.14496	7.12202	39.6733
31.13310	7.11890	39.4523
31.11537	7.11723	39.2371
31.10279	7.11744	39.0102
31.09327	7.11978	38.7739
31.07373	7.12296	38.5438
31.06311	7.12802	38.3168
31.04115	7.13323	38.1017
31.00633	7.14001	37.8805
30.98718	7.14981	37.6474
30.96643	7.15925	37.4204
30.95741	7.16718	37.2022
30.94570	7.17349	36.9781
30.93988	7.17860	36.7570
30.93414	7.18220	36.5331
30.92934	7.18476	36.3119
30.92502	7.18680	36.0848
30.92275	7.18847	35.8671
30.92128	7.18977	35.6518
30.92029	7.19061	35.4307
30.91968	7.19102	35.2128
30.91903	7.19149	34.9887
30.91923	7.19176	34.7737
30.91916	7.19202	34.5527
30.91801	7.19259	34.3285
30.91705	7.19348	34.1074
30.91521	7.19452	33.8866
30.91438	7.19557	33.6681
30.91396	7.19614	33.4443
30.91161	7.19687	33.2233
30.91077	7.19739	33.0052
30.91149	7.19849	32.7931
30.91143	7.20120	32.5661
30.91115	7.20491	32.3542
30.90979	7.20909	32.1330
30.90836	7.21275	31.9150
30.90667	7.21609	31.6910
30.90501	7.21880	31.4638
30.90359	7.22126	31.2395
30.90603	7.22371	31.0216
30.90675	7.22706	30.7946
30.90756	7.23098	30.5734
30.91189	7.23573	30.3553
30.91184	7.24247	30.1314
30.91473	7.24990	29.9071
30.90979	7.25993	29.6921
30.89635	7.27180	29.4680
30.87984	7.28457	29.2562
30.86726	7.29519	29.0350
30.85801	7.30267	28.8230
30.84791	7.30828	28.6081
30.83957	7.31409	28.3898
30.83430	7.31938	28.1478
30.82670	7.32330	27.9234
30.81506	7.32676	27.6965
30.79249	7.33315	27.4724
30.77718	7.34389	27.2543
30.75456	7.35411	27.0363
30.74557	7.36690	26.8060
30.70353	7.38593	26.5850
30.63240	7.41736	26.3579
30.55307	7.45165	26.1398
30.49380	7.48371	25.9216
30.45364	7.51353	25.7006
30.42011	7.54053	25.4885
30.39080	7.56275	25.2706
30.37008	7.58151	25.0525
30.35038	7.59717	24.8344
30.33523	7.61140	24.6195
30.32321	7.62417	24.3983
30.31307	7.63493	24.1832
30.30394	7.64507	23.9622
30.29559	7.65478	23.7412
30.28826	7.66217	23.5261
30.27256	7.67194	23.3081
30.24582	7.68341	23.0811
30.21930	7.69720	22.8629
30.19419	7.71121	22.6418
30.17628	7.72284	22.4234
30.15165	7.72945	22.1935
30.13635	7.73543	21.9784
30.13011	7.74056	21.7544
30.12118	7.74517	21.5423
30.11189	7.74914	21.3212
30.10231	7.75146	21.1030
30.09312	7.75305	20.8821
30.08619	7.75422	20.6610
30.08079	7.75422	20.4399
30.07513	7.75369	20.2157
30.07335	7.75289	19.9976
30.07202	7.75205	19.7827
30.06902	7.75131	19.5675
30.06676	7.75025	19.3496
30.06050	7.74882	19.1253
30.05797	7.74670	18.9041
30.05696	7.74480	18.6800
30.05609	7.74326	18.4652
30.05589	7.74178	18.2379
30.05561	7.74077	18.0199
30.05496	7.73982	17.7863
30.05255	7.73940	17.5625
30.04556	7.73919	17.3414
30.03642	7.73966	17.1172
30.03146	7.74083	16.8993
30.02433	7.74215	16.6721
30.01646	7.74374	16.4569
30.00972	7.74575	16.2359
30.00603	7.74802	16.0087
30.00340	7.74966	15.7966
29.99974	7.75183	15.5786
29.99625	7.75379	15.3544
29.99379	7.75570	15.1364
29.99067	7.75723	14.9212
29.98746	7.75887	14.7002
29.98388	7.76057	14.4852
29.97911	7.76311	14.2670
29.97565	7.76671	14.0490
29.97196	7.77073	13.8248
29.96867	7.77407	13.6066
29.96637	7.77709	13.3795
29.96350	7.77947	13.1615
29.96011	7.78201	12.9373
29.95675	7.78413	12.7193
29.95376	7.78636	12.4890
29.95075	7.78853	12.2740
29.94832	7.79033	12.0528
29.94529	7.79176	11.8409
29.94076	7.79351	11.6167
29.93562	7.79557	11.3987
29.92528	7.79716	11.1927
29.91689	7.79891	10.9867
29.89372	7.80108	10.7838
29.87054	7.80511	10.5959
29.83195	7.81407	10.3990
29.79679	7.83400	10.1992
29.76044	7.86064	9.9901
29.72543	7.89005	9.7659
29.70398	7.91730	9.5570
29.67774	7.93723	9.3327
29.65079	7.96255	9.1299
29.61897	7.99076	8.8996
29.58725	8.02095	8.6906
29.55393	8.05203	8.4819
29.51824	8.08323	8.2575
29.48613	8.11361	8.0455
29.45458	8.14139	7.8304
29.41667	8.16635	7.6122
29.38303	8.19267	7.3942
29.36089	8.22002	7.1790
29.32534	8.24364	6.9609
29.29201	8.26696	6.7368
29.26402	8.28776	6.5188
29.23657	8.31040	6.3067
29.21599	8.33730	6.0885
29.19438	8.35830	5.8766
29.17456	8.38002	5.6554
29.15308	8.40470	5.4343
29.13269	8.42870	5.2162
29.11137	8.44975	5.0041
29.08091	8.47281	4.7860
29.01673	8.51789	4.5770
28.93386	8.59759	4.3648
28.83554	8.70071	4.1499
28.75228	8.80588	3.9379
28.69744	8.87540	3.7258
28.66058	8.91728	3.5137
28.63033	8.95120	3.3017
28.59748	8.98754	3.0925
28.56180	9.02889	2.8714
28.52612	9.07094	2.6715
28.49445	9.10931	2.4685
28.47124	9.13862	2.2747
28.46008	9.15490	2.0869
28.45158	9.16949	1.8839
28.44610	9.18359	1.6839
28.44736	9.18266	1.4809
28.44209	9.15995	1.2841
28.44975	9.12914	1.0932
28.46007	9.11364	0.9054
28.46617	9.11282	0.7298
28.46419	9.12476	0.5692
28.44468	9.15611	0.4177
28.40963	9.19863	0.2723
28.38170	9.22866	0.1360
28.36072	9.24712	0.0604
26.91393	9.25669	0.0664
25.69610	9.26400	0.0695
28.31381	9.26472	0.0664
28.32372	9.25433	0.0606
28.33137	9.24295	0.0666
28.33144	9.23454	0.0726
28.32854	9.22965	0.0635
28.32845	9.22262	0.0697
28.34093	9.21026	0.0608
28.25299	9.18310	0.0668
28.23253	9.16362	0.0607
28.25616	9.14076	0.0637
28.27957	9.10690	0.0668
8.80860	9.07072	0.0609
4.24560	9.04709	0.0670
3.87385	9.03736	0.0641
4.82324	9.03321	0.0641
5.97171	9.03047	0.0611
4.64637	9.02752	0.0610
3.89102	9.02457	0.0641
3.66100	9.01998	0.0673
3.36834	9.01485	0.0582
3.46295	9.00916	0.0582
3.56378	9.00365	0.0675
2.92657	8.99824	0.0615
2.82933	8.99273	0.0644
2.82945	8.98667	0.0675
2.87602	8.98072	0.0674
2.56717	8.97455	0.0585
2.37038	8.96745	0.0644
2.16953	8.96085	0.0646
2.23262	8.95501	0.0555
2.17155	8.95000	0.0496
2.24322	8.94683	0.0556
2.29862	8.94956	0.0495
2.12137	8.95310	0.0495
1.92144	8.95665	0.0526
1.81774	8.96167	0.0466
1.81831	8.96789	0.0526
1.90466	8.97635	0.0528
2.08076	8.98683	0.0500
1.99366	8.99742	0.0497
1.95974	9.00709	0.0499
1.82129	9.01605	0.0559
1.68274	9.02326	0.0500
1.56960	9.03184	0.0469
1.48735	9.04370	0.0559
1.41770	9.05475	0.0501
1.36003	9.06678	0.0561
1.32429	9.07543	0.0562
1.30700	9.08265	0.0500
1.32455	9.08823	0.0502
1.36759	9.09442	0.0472
1.47631	9.09984	0.0473
1.84378	9.10548	0.0563
2.00773	9.11364	0.0502
2.13858	9.13035	0.0503
2.19257	9.15096	0.0504
2.19812	9.16565	0.0504
2.17967	9.17717	0.0625
2.15039	9.18792	0.0566
2.12461	9.19500	0.0656
2.11761	9.19896	0.0625
2.14965	9.20390	0.0628
2.21873	9.20944	0.0627
2.30072	9.21592	0.0596
2.31982	9.22180	0.0628
2.29931	9.22597	0.0566
