Salinity, Practical [PSU]	Temperature [ITS-90, deg C]	Depth [salt water, m]
0.06335	13.47163	0.0043
0.06331	13.47132	0.0013
0.06331	13.47156	0.0073
0.06328	13.47175	0.0043
0.06331	13.47175	0.0012
0.06324	13.47200	0.0012
0.06326	13.47193	0.0073
0.06328	13.47193	0.0012
0.06331	13.47181	0.0072
0.06333	13.47212	0.0041
0.06337	13.47280	0.0043
0.06331	13.47273	0.0072
0.06328	13.47255	0.0012
0.06320	13.47267	0.0043
0.06318	13.47329	0.0042
0.06309	13.47366	0.0011
0.06305	13.47366	0.0041
0.06300	13.47366	0.0071
0.06300	13.47366	0.0072
0.06331	13.47335	0.0042
0.06354	13.47316	0.0011
0.06363	13.47335	0.0042
0.06365	13.47335	0.0041
0.06363	13.47341	0.0071
0.06359	13.47335	0.0042
0.06363	13.47341	0.0011
0.06365	13.47347	0.0101
0.06366	13.47360	0.0071
0.06368	13.47360	0.0040
0.06365	13.47403	0.0011
0.06363	13.47384	0.0040
0.06365	13.47403	-0.0020
0.06363	13.47421	0.0042
0.06365	13.47433	0.0041
0.06366	13.47446	0.0010
0.06364	13.47464	0.0071
0.06366	13.47483	0.0071
0.06364	13.47483	0.0132
0.06364	13.47513	0.0041
0.06363	13.47532	0.0071
0.06364	13.47550	0.0040
0.06363	13.47550	-0.0020
0.06364	13.47569	0.0010
0.06366	13.47587	0.0041
0.06364	13.47612	0.0010
0.06364	13.47612	0.0071
0.06362	13.47612	0.0010
0.06359	13.47630	0.0071
0.06362	13.47649	0.0010
0.06364	13.47661	0.0101
0.06357	13.47673	0.0040
0.06364	13.47686	0.0070
0.06357	13.47704	0.0071
0.06364	13.47710	0.0010
0.06359	13.47723	0.0041
0.06366	13.47729	-0.0020
0.06364	13.47747	0.0071
0.06362	13.47741	0.0072
0.06364	13.47784	0.0071
0.06362	13.47815	0.0042
0.06358	13.47846	0.0011
0.06357	13.47883	0.0102
0.06353	13.47926	0.0010
0.06347	13.47901	0.0071
0.06351	13.47938	-0.0021
0.06353	13.47938	0.0010
0.06351	13.47944	0.0010
0.06353	13.47920	0.0041
0.06351	13.47944	0.0039
0.06347	13.47950	0.0010
0.06351	13.47981	0.0011
0.06347	13.47987	0.0042
0.06353	13.48012	0.0041
0.06351	13.48018	0.0071
0.06347	13.48043	0.0100
0.06351	13.48055	0.0071
0.06347	13.48092	0.0071
0.06347	13.48110	0.0071
0.06353	13.48110	0.0041
0.06347	13.48135	0.0071
0.06347	13.48147	0.0042
0.06341	13.48172	0.0010
0.06347	13.48172	0.0071
0.06347	13.48160	0.0010
0.06341	13.48190	0.0010
0.06341	13.48197	0.0038
0.06347	13.48203	0.0071
0.06347	13.48227	0.0042
0.06347	13.48221	0.0040
0.06347	13.48252	0.0071
0.06341	13.48252	0.0041
0.06341	13.48264	0.0101
0.06341	13.48271	0.0071
0.06341	13.48277	0.0040
0.06341	13.48283	0.0010
0.06341	13.48307	0.0101
0.06341	13.48314	0.0040
0.06336	13.48314	-0.0050
0.06341	13.48351	0.0041
0.06336	13.48357	0.0041
0.06341	13.48394	0.0071
0.06341	13.48381	0.0131
0.06337	13.48406	0.0040
0.06341	13.48400	0.0010
0.06341	13.48418	0.0071
0.06341	13.48418	0.0071
0.06335	13.48431	0.0071
0.06341	13.48449	0.0040
0.06341	13.48437	0.0071
0.06341	13.48443	0.0010
0.06335	13.48455	0.0071
0.06337	13.48443	0.0071
0.06335	13.48443	0.0041
0.06332	13.48455	0.0041
0.06335	13.48455	0.0011
0.06335	13.48474	0.0041
0.06337	13.48467	0.0102
0.06330	13.48504	0.0010
0.06337	13.48517	0.0041
0.06335	13.48529	0.0071
0.06337	13.48541	0.0101
0.06335	13.48554	0.0071
0.06337	13.48554	0.0011
0.06335	13.48578	0.0101
0.06335	13.48584	0.0011
0.06337	13.48609	0.0041
0.06335	13.48615	0.0071
0.06332	13.48621	0.0070
0.06330	13.48634	0.0071
0.06331	13.48652	0.0071
0.06335	13.48665	0.0071
0.06335	13.48677	0.0071
0.06331	13.48695	0.0040
0.06330	13.48701	0.0041
0.06331	13.48738	0.0040
0.06330	13.48745	0.0041
0.06331	13.48751	0.0071
0.06329	13.48775	0.0040
0.06326	13.48806	0.0071
0.06329	13.48806	0.0041
0.06324	13.48843	0.0041
0.06326	13.48837	0.0072
0.06329	13.48837	0.0041
0.06326	13.48892	0.0041
0.06324	13.48886	0.0041
0.06326	13.48905	0.0042
0.06324	13.48898	-0.0019
0.06326	13.48911	0.0041
0.06324	13.48929	0.0010
0.06324	13.48942	0.0071
0.06326	13.48935	0.0071
0.06318	13.48917	0.0102
0.06326	13.48923	0.0071
0.06324	13.48935	0.0041
0.06331	13.48942	0.0010
0.06324	13.48923	0.0071
0.06316	13.48942	0.0041
0.06318	13.48929	0.0101
0.06318	13.48837	0.0071
0.06322	13.48751	0.0072
0.06324	13.48732	0.0041
0.06322	13.48732	0.0161
0.06318	13.48775	0.0071
0.06322	13.48788	0.0011
0.06324	13.48818	0.0102
0.06322	13.48837	0.0101
0.06318	13.48849	0.0102
0.06318	13.48855	0.0072
0.06322	13.48898	0.0102
0.06318	13.48923	0.0072
0.06316	13.48929	0.0071
0.06324	13.48960	0.0103
0.06337	13.48979	0.0042
0.06340	13.49028	0.0071
0.06346	13.49083	0.0041
0.06346	13.49095	0.0101
0.06351	13.49089	0.0071
0.06364	13.49052	0.0071
0.06366	13.49059	0.0071
0.06398	13.49083	0.0071
0.06411	13.49095	0.0042
0.06446	13.49089	0.0103
0.06476	13.49126	0.0102
0.06490	13.49163	0.0042
0.06503	13.49176	0.0041
0.06513	13.49182	0.0072
0.06552	13.49194	0.0102
0.06600	13.49182	0.0102
0.06624	13.49212	0.0103
0.06631	13.49249	0.0102
0.06624	13.49268	0.0071
0.06637	13.49268	0.0101
0.06637	13.49293	0.0072
0.06643	13.49293	0.0101
0.06648	13.49336	0.0133
0.06652	13.49342	0.0071
0.06648	13.49360	0.0042
0.06652	13.49373	0.0071
0.06659	13.49403	0.0042
0.06657	13.49428	0.0071
0.06663	13.49422	0.0072
0.06663	13.49459	0.0072
0.09260	13.49490	0.0224
15.37640	13.40295	0.1132
24.99523	12.99927	0.2587
25.41811	12.64633	0.4526
25.69012	12.39635	0.6100
25.87809	12.23260	0.7554
25.97529	12.12825	0.8948
25.99201	12.06591	1.0098
26.05018	12.03525	1.0554
26.09282	12.03543	1.0553
26.07369	12.05578	1.0584
26.04740	12.07278	1.0553
26.02267	12.08444	1.0371
26.00567	12.08978	1.0251
26.03439	12.08012	1.0221
26.10221	12.05993	1.0220
26.14626	12.04513	1.0160
26.17321	12.03791	1.0160
26.18307	12.03401	1.0221
26.18985	12.02868	1.0190
26.22592	12.01958	1.0189
26.24573	12.01006	1.0372
26.26142	12.00149	1.0492
26.27344	11.99611	1.0523
26.27624	11.99327	1.0584
26.27807	11.99067	1.0584
26.27339	11.98831	1.0674
26.27190	11.98494	1.0523
26.28436	11.98098	1.0583
26.29744	11.97773	1.0524
26.30241	11.97567	1.0462
26.30162	11.97508	1.0494
26.29933	11.97578	1.0462
26.29714	11.97726	1.0401
26.29946	11.97856	1.0311
26.30476	11.97939	1.0311
26.31172	11.97933	1.0281
26.30145	11.97951	1.0250
26.28238	11.97874	1.0160
26.28308	11.97578	1.0159
26.29411	11.97141	1.0189
26.30290	11.96793	1.0372
26.31099	11.96757	1.0433
26.31847	11.97088	1.0524
26.32072	11.97555	1.0553
26.30895	11.97915	1.0613
26.29323	11.97968	1.0614
26.28917	11.97767	1.0705
26.30100	11.97472	1.0615
26.31462	11.97242	1.0585
26.31593	11.97130	1.0553
26.30715	11.96976	1.0433
26.30507	11.96763	1.0281
26.30419	11.96651	1.0343
26.30475	11.96687	1.0343
26.30912	11.96893	1.0343
26.31481	11.97330	1.0403
26.31745	11.98021	1.0281
26.29529	11.98571	1.0281
26.28136	11.98600	1.0282
26.29116	11.98346	1.0372
26.30032	11.98110	1.0493
26.30954	11.98045	1.0645
26.31664	11.98364	1.0614
26.32120	11.99067	1.0585
26.32036	11.99605	1.0584
26.30697	11.99623	1.0524
26.30335	11.99162	1.0462
26.30976	11.98677	1.0493
26.31827	11.98411	1.0522
26.32314	11.98736	1.0463
26.32777	11.99487	1.0462
26.33171	11.99894	1.0432
26.33478	12.00024	1.0342
26.34290	12.00084	1.0373
26.35052	12.00084	1.0373
26.35609	12.00054	1.0342
26.36200	12.00125	1.0342
26.36343	12.00355	1.0372
26.36642	12.00669	1.0402
26.37097	12.00964	1.0433
26.37456	12.01266	1.0463
26.37732	12.01520	1.0524
26.37617	12.01757	1.0585
26.37053	12.02040	1.0585
26.37039	12.02306	1.0585
26.37714	12.02519	1.0584
26.38009	12.02756	1.0494
26.37870	12.03010	1.0494
26.37968	12.03265	1.0403
26.38646	12.03507	1.0312
26.39198	12.03756	1.0310
26.39426	12.03939	1.0343
26.39602	12.04057	1.0373
26.39711	12.04247	1.0373
26.39527	12.04507	1.0404
26.39333	12.04773	1.0434
26.39374	12.05034	1.0525
26.39530	12.05288	1.0464
26.39634	12.05549	1.0495
26.39821	12.05815	1.0555
26.40012	12.06093	1.0464
26.40232	12.06354	1.0404
26.40321	12.06555	1.0464
26.40068	12.06602	1.0464
26.40495	12.06561	1.0585
26.40030	12.06656	1.0585
26.38947	12.06899	1.0586
26.38627	12.07017	1.0496
26.38651	12.07041	1.0495
26.39130	12.07147	1.0404
26.39395	12.07254	1.0373
26.38897	12.07201	1.0284
26.39270	12.07064	1.0253
26.39397	12.07088	1.0314
26.39273	12.07378	1.0374
26.38956	12.07787	1.0466
26.38495	12.08196	1.0465
26.38275	12.08515	1.0465
26.37965	12.08758	1.0557
26.37576	12.09007	1.0465
26.37463	12.09315	1.0496
26.37455	12.09564	1.0466
26.37305	12.09801	1.0525
26.37641	12.10044	1.0556
26.37658	12.10216	1.0556
26.37479	12.10257	1.0527
26.36703	12.10394	1.0466
26.36187	12.10619	1.0436
26.36038	12.10749	1.0374
26.36518	12.10755	1.0375
26.36483	12.10945	1.0405
26.36685	12.11206	1.0436
26.36088	12.11449	1.0345
26.35053	12.11716	1.0344
26.34224	12.11911	1.0315
26.34118	12.11971	1.0436
26.34514	12.12048	1.0406
26.35091	12.12332	1.0496
26.35168	12.12795	1.0527
26.34972	12.13287	1.0527
26.34488	12.13738	1.0528
26.33762	12.14213	1.0498
26.33184	12.14610	1.0467
26.32828	12.14919	1.0528
26.32769	12.15126	1.0436
26.32755	12.15334	1.0528
26.32764	12.15560	1.0437
26.32815	12.15815	1.0437
26.33075	12.16100	1.0437
26.33058	12.16444	1.0438
26.32213	12.16836	1.0376
26.30554	12.17174	1.0347
26.29901	12.17163	1.0408
26.30065	12.16741	1.0376
26.31218	12.16343	1.0498
26.32217	12.16420	1.0408
26.32747	12.16575	1.0529
26.32068	12.16984	1.0499
26.29244	12.18493	1.0409
26.27121	12.19610	1.0438
26.26730	12.19675	1.0468
26.26995	12.19265	1.0499
26.27803	12.19218	1.0620
26.27599	12.19895	1.0681
26.27902	12.20281	1.0771
26.27257	12.21203	1.0621
26.24851	12.23623	1.0621
26.21863	12.25491	1.0530
26.20489	12.26146	1.0318
26.20350	12.26485	1.0257
26.20035	12.26812	1.0228
26.20202	12.27181	1.0167
26.20003	12.27729	1.0257
26.19798	12.28253	1.0258
26.19821	12.28515	1.0350
26.19792	12.28581	1.0440
26.19585	12.28599	1.0530
26.19265	12.28605	1.0532
26.19253	12.28605	1.0684
26.19638	12.28563	1.0623
26.20394	12.28563	1.0684
26.20969	12.28545	1.0714
26.21009	12.28373	1.0653
26.20472	12.28122	1.0743
26.19792	12.28104	1.0684
26.19580	12.28170	1.0594
26.19424	12.28253	1.0563
26.19263	12.28313	1.0441
26.19036	12.28367	1.0441
26.19094	12.28390	1.0413
26.19435	12.28420	1.0382
26.19782	12.28474	1.0320
26.19715	12.28545	1.0291
26.18971	12.28617	1.0322
26.18121	12.28652	1.0291
26.18236	12.28587	1.0262
26.18482	12.28373	1.0322
26.19055	12.28176	1.0473
26.19585	12.28146	1.0533
26.19708	12.28110	1.0474
26.18961	12.28039	1.0594
26.18501	12.27950	1.0716
26.18818	12.27807	1.0716
26.19730	12.27723	1.0746
26.20307	12.27777	1.0748
26.19734	12.28146	1.0656
26.18250	12.28688	1.0535
26.17025	12.28843	1.0475
26.16754	12.28641	1.0384
26.17375	12.28283	1.0385
26.18074	12.28128	1.0414
26.18449	12.28140	1.0383
26.18510	12.27979	1.0384
26.17877	12.27819	1.0414
26.17097	12.27795	1.0537
26.16861	12.27729	1.0596
26.17190	12.27586	1.0628
26.17930	12.27545	1.0597
26.18506	12.27860	1.0566
26.18461	12.28361	1.0628
26.17753	12.28825	1.0627
26.16292	12.29212	1.0629
26.15327	12.29355	1.0598
26.15150	12.29290	1.0477
26.15349	12.29111	1.0447
26.15499	12.28944	1.0508
26.15789	12.28891	1.0507
26.16112	12.29052	1.0567
26.16726	12.29314	1.0508
26.16531	12.29552	1.0388
26.14904	12.29874	1.0327
26.13660	12.30058	1.0266
26.13178	12.29862	1.0386
26.13848	12.29153	1.0417
26.15193	12.28438	1.0569
26.16102	12.28152	1.0751
26.17421	12.27682	1.0812
26.17816	12.27789	1.0902
26.16217	12.28694	1.0873
26.14211	12.29337	1.0721
26.13310	12.29415	1.0601
26.13152	12.29397	1.0419
26.12696	12.29469	1.0390
26.12595	12.29457	1.0389
26.13422	12.29337	1.0390
26.14324	12.29218	1.0359
26.15200	12.29218	1.0419
26.15053	12.29159	1.0359
26.13082	12.29349	1.0329
26.11890	12.29451	1.0238
26.11734	12.29403	1.0269
26.12577	12.29087	1.0390
26.13589	12.28974	1.0481
26.13943	12.29058	1.0603
26.14014	12.29069	1.0785
26.14269	12.29040	1.0876
26.14576	12.29010	1.0966
26.14859	12.28998	1.0906
26.14827	12.29111	1.0846
26.14048	12.29260	1.0755
26.13028	12.29343	1.0725
26.12224	12.29314	1.0665
26.11879	12.29153	1.0542
26.12042	12.28837	1.0453
26.12281	12.28444	1.0362
26.12642	12.28015	1.0362
26.13201	12.27682	1.0363
26.13789	12.27610	1.0332
26.13864	12.27676	1.0333
26.13678	12.27688	1.0363
26.13113	12.27652	1.0363
26.12828	12.27509	1.0394
26.12945	12.27283	1.0516
26.13469	12.27056	1.0606
26.14413	12.26967	1.0607
26.14818	12.27003	1.0667
26.14195	12.27116	1.0727
26.13163	12.27307	1.0760
26.12845	12.27384	1.0789
26.13156	12.27390	1.0790
26.13857	12.27569	1.0730
26.14211	12.27956	1.0728
26.13550	12.28396	1.0607
26.12223	12.28658	1.0487
26.11120	12.28623	1.0426
26.10960	12.28384	1.0365
26.11621	12.27813	1.0487
26.12606	12.27318	1.0548
26.13401	12.27122	1.0548
26.13851	12.26854	1.0609
26.08225	12.26687	1.0639
26.05865	12.26783	1.0640
26.07385	12.26604	1.0609
26.12622	12.25914	1.0489
26.13126	12.25527	1.0489
26.13498	12.25485	1.0550
26.13653	12.25616	1.0579
26.14130	12.25622	1.0641
26.14533	12.25455	1.0610
26.14174	12.25378	1.0581
26.12335	12.25461	1.0672
26.11150	12.25039	1.0975
26.13618	12.21096	1.1731
26.17010	12.14972	1.2732
26.20003	12.09979	1.3732
26.23163	12.06087	1.4822
26.25656	12.02963	1.5974
26.28365	12.00397	1.7307
26.31931	11.98264	1.8823
26.34206	11.96551	2.0579
26.35944	11.95217	2.2306
26.37955	11.94036	2.4154
26.41569	11.92957	2.5791
26.47940	11.92213	2.7639
26.58264	11.91594	2.9425
26.77650	11.90250	3.1244
26.91674	11.87852	3.3184
27.01236	11.85596	3.5152
27.14153	11.83725	3.7273
27.24723	11.81277	3.9333
27.32894	11.77810	4.1392
27.39217	11.74650	4.3483
27.42840	11.71758	4.5726
27.43236	11.66389	4.7966
27.43901	11.57071	5.0391
27.49871	11.46104	5.2845
27.56006	11.35367	5.5330
27.68879	11.20423	5.7752
27.92447	10.99712	6.0328
28.23829	10.77874	6.2872
28.45430	10.55785	6.5446
28.57190	10.31022	6.8236
28.48540	10.02670	7.0779
28.00226	9.59159	7.3505
28.06994	8.95485	7.6020
28.33560	8.38228	7.8595
28.53382	7.91438	8.1231
28.75495	7.52858	8.3746
28.92398	7.21954	8.6411
29.10728	6.97102	8.8744
29.23097	6.77745	9.1380
29.38138	6.63430	9.3956
29.50747	6.53949	9.6317
29.59073	6.49938	9.8923
29.59291	6.46608	10.1559
29.61646	6.42276	10.4135
29.66448	6.38174	10.6738
29.71446	6.35124	10.9254
29.75519	6.32701	11.1828
29.78243	6.30304	11.4251
29.78876	6.28235	11.6797
29.81918	6.26172	11.9221
29.83767	6.24310	12.1765
29.86204	6.23361	12.4279
29.85741	6.22963	12.6763
29.86175	6.22061	12.9217
29.87050	6.21128	13.1883
29.86867	6.20608	13.4519
29.88383	6.20292	13.7063
29.90113	6.19945	13.9637
29.92398	6.19828	14.2093
29.92819	6.20011	14.4849
29.92875	6.20322	14.7424
29.92486	6.20735	14.9968
29.92440	6.21214	15.2634
29.93080	6.21423	15.5391
29.96217	6.21857	15.7996
29.98556	6.23152	16.0541
29.99246	6.24397	16.3085
29.99779	6.25432	16.5720
29.98280	6.26331	16.8447
29.97223	6.26560	17.1114
29.97391	6.25999	17.3839
29.99643	6.24514	17.6659
30.02164	6.23121	17.9534
30.05559	6.22402	18.2262
30.08010	6.22163	18.5018
30.12283	6.22963	18.7684
30.17844	6.25300	19.0439
30.24664	6.29415	19.3349
30.22237	6.33999	19.6167
30.17114	6.36582	19.9043
30.14412	6.36884	20.1830
30.15436	6.35968	20.4738
30.18245	6.35595	20.7586
30.19647	6.35851	21.0402
30.19657	6.35718	21.3310
30.18647	6.35370	21.6097
30.18757	6.34777	21.9035
30.18531	6.34148	22.1882
30.17372	6.33355	22.4700
30.16836	6.31934	22.7457
30.17940	6.30477	23.0304
30.18912	6.29185	23.3063
30.19125	6.27684	23.5758
30.19712	6.26116	23.8574
30.20617	6.24728	24.1208
30.21199	6.23733	24.3966
30.22103	6.23208	24.6723
30.24265	6.21836	24.9449
30.27596	6.18722	25.2267
30.30528	6.15661	25.4962
30.33250	6.12953	25.7689
30.35903	6.10613	26.0323
30.37522	6.08865	26.3292
30.38444	6.07670	26.6140
30.39575	6.06771	26.8835
30.40469	6.06060	27.1682
30.41330	6.05567	27.4470
30.43180	6.05064	27.7257
30.48638	6.04180	28.0165
30.53677	6.04150	28.3559
30.56142	6.05034	28.6587
30.57494	6.05465	28.9252
30.58067	6.05790	29.2373
30.58991	6.06222	29.5190
30.59369	6.06390	29.8037
30.60214	6.06593	30.1037
30.62970	6.06888	30.3883
30.65224	6.07055	30.6761
30.66045	6.07152	30.9668
30.66472	6.06994	31.2546
30.66708	6.06847	31.5364
30.67076	6.06710	31.8120
30.67262	6.06461	32.0877
30.66557	6.05420	32.3573
30.68448	6.03414	32.6148
30.70038	6.01714	32.8661
30.71202	6.00775	33.1387
30.71974	6.00405	33.3934
30.73030	6.00379	33.6598
30.74632	6.00750	33.9233
30.75951	6.01445	34.2050
30.76263	6.02120	34.4776
30.76578	6.02267	34.7625
30.77007	6.01952	35.0501
30.77537	6.01495	35.3379
30.78077	6.00871	35.6348
30.78676	6.00496	35.9287
30.80761	6.00095	36.2196
30.83462	5.99892	36.5042
30.85476	6.00288	36.8009
30.86271	6.00790	37.0979
30.86743	6.01110	37.3766
30.88171	6.01186	37.6613
30.89532	6.01470	37.9491
30.90995	6.02114	38.2186
30.94843	6.03084	38.5093
31.04387	6.05511	38.8094
31.08776	6.09444	39.1002
31.07741	6.13360	39.3515
31.06294	6.16282	39.6182
31.05959	6.18421	39.8967
31.05748	6.20032	40.1543
31.05841	6.21204	40.4300
31.06136	6.22224	40.6964
31.07081	6.23030	40.9691
31.07565	6.23453	41.2508
31.08149	6.23790	41.5295
31.10043	6.24249	41.8233
31.11980	6.24728	42.1080
31.16069	6.25616	42.3988
31.18345	6.27086	42.6837
31.24862	6.29302	42.9685
31.25950	6.32593	43.2623
31.25089	6.35513	43.5621
31.24872	6.37739	43.8498
31.25890	6.39561	44.1316
31.28527	6.41272	44.4226
31.28836	6.43214	44.7039
31.28155	6.44803	44.9888
31.27796	6.45967	45.2676
31.28057	6.46818	45.5432
31.27957	6.47403	45.8277
31.28274	6.47778	46.0974
31.29471	6.48075	46.3671
31.30415	6.48368	46.6306
31.31403	6.48670	46.9092
31.32702	6.48968	47.1729
31.33837	6.49230	47.4363
31.34560	6.49363	47.6998
31.35162	6.49486	47.9755
31.36744	6.49810	48.2420
31.38372	6.50246	48.5148
31.40334	6.50616	48.7994
31.41901	6.51237	49.0841
31.43797	6.52115	49.3719
31.45317	6.53143	49.6536
31.45716	6.54108	49.9352
31.45286	6.54812	50.2321
31.45076	6.55203	50.5230
31.45058	6.55393	50.8198
31.45667	6.55470	51.1198
31.45449	6.55537	51.4106
31.46834	6.55578	51.7075
31.48469	6.55696	51.9829
31.49487	6.55804	52.2830
31.51669	6.55840	52.5556
31.52527	6.55686	52.8342
31.52291	6.55249	53.0978
31.52297	6.54067	53.3885
31.53628	6.51858	53.6461
31.55801	6.49492	53.9096
31.57392	6.47757	54.1792
31.58476	6.46572	54.4398
31.59010	6.45767	54.7062
31.59235	6.45039	54.9698
31.58958	6.44172	55.2334
31.59631	6.43004	55.5060
31.59244	6.41820	55.7848
31.60257	6.40248	56.0665
31.61296	6.38773	56.3483
31.60487	6.37565	56.6298
31.61072	6.35769	56.9177
31.64527	6.33861	57.2206
31.65840	6.32721	57.5052
31.67097	6.31929	57.8051
31.67730	6.31418	58.1019
31.68378	6.31024	58.3867
31.69394	6.30779	58.6865
31.68946	6.30707	58.9955
31.68572	6.30452	59.3105
31.69317	6.30028	59.5770
31.69620	6.29711	59.8466
31.69946	6.29502	60.1283
31.71002	6.29364	60.3920
31.71898	6.29354	60.6615
31.71556	6.29420	60.9282
31.71320	6.29195	61.1918
31.71635	6.28608	61.4642
31.72049	6.28061	61.7399
31.72398	6.27607	62.0155
31.72847	6.27178	62.2821
31.73320	6.26841	62.5579
31.74804	6.26525	62.8305
31.77630	6.26147	63.1120
31.79401	6.25489	63.3939
31.80557	6.24591	63.6726
31.81296	6.23897	63.9542
31.81722	6.23463	64.2449
31.82025	6.23198	64.5358
31.82331	6.23040	64.8266
31.82562	6.22948	65.1113
31.82802	6.22897	65.4052
31.83000	6.22810	65.6989
31.83488	6.22525	65.9778
31.84061	6.22147	66.2775
31.84572	6.21882	66.5503
31.85100	6.21760	66.8410
31.85313	6.21775	67.1136
31.85340	6.21806	67.3922
31.85387	6.21816	67.6649
31.85344	6.21811	67.9344
31.85329	6.21739	68.2101
31.85505	6.21546	68.4767
31.85817	6.21301	68.7553
31.86002	6.21128	69.0219
31.86370	6.21036	69.3218
31.86643	6.21015	69.6216
31.87020	6.21072	69.8610
31.87140	6.21143	70.1305
31.87336	6.21199	70.4153
31.87375	6.21260	70.6880
31.87455	6.21337	70.9727
31.87458	6.21393	71.2603
31.87484	6.21388	71.5453
31.87645	6.21311	71.8358
31.87693	6.21245	72.1358
31.87730	6.21168	72.4296
31.87945	6.21087	72.7143
31.88487	6.21066	73.0112
31.88844	6.21179	73.2929
31.88803	6.21347	73.5807
31.88763	6.21449	73.8654
31.88798	6.21398	74.1350
31.88887	6.21311	74.4014
31.89024	6.21240	74.6682
31.89203	6.21072	74.9436
31.89605	6.20659	75.2103
31.91490	6.20113	75.4738
31.91834	6.19476	75.7403
31.90694	6.18136	76.0130
31.91119	6.15585	76.2915
31.93552	6.12521	76.5553
31.95166	6.10110	76.8249
31.96858	6.08270	77.1035
31.97916	6.07060	77.3791
31.98082	6.06151	77.6578
31.98783	6.05247	77.9396
31.99444	6.04577	78.2183
31.99940	6.04175	78.5091
32.00407	6.03952	78.7877
32.00588	6.03820	79.0665
32.01106	6.03505	79.3663
32.01877	6.02921	79.6963
32.00821	6.02038	79.9932
32.01512	6.00597	80.2566
32.03289	5.99172	80.5353
32.05444	5.97985	80.8292
32.07015	5.97205	81.1108
32.07629	5.96718	81.3775
32.07956	5.96374	81.6591
32.08420	5.96140	81.9439
32.08690	5.95988	82.2195
32.08744	5.95917	82.4860
32.09138	5.95882	82.7708
32.09719	5.95892	83.0524
32.10288	5.95922	83.3191
32.11360	5.95963	83.5945
32.11912	5.96004	83.8673
32.12150	5.95988	84.1368
32.12278	5.95912	84.4065
32.12419	5.95750	84.6761
32.12586	5.95487	84.9516
32.12747	5.95238	85.2121
32.12708	5.95046	85.4908
32.12055	5.94828	85.7664
32.11744	5.94286	86.0390
32.12096	5.93506	86.3116
32.12539	5.92812	86.6054
32.12863	5.92280	86.8902
32.13060	5.91840	87.1689
32.13201	5.91450	87.4596
32.13836	5.90964	87.7445
32.14293	5.90286	88.0352
32.14487	5.89497	88.3167
32.14896	5.88657	88.6105
32.15329	5.87938	88.8923
32.15500	5.87291	89.1771
32.15295	5.86593	89.4617
32.15741	5.85714	89.7828
32.16229	5.84900	90.0796
32.16544	5.84162	90.3340
32.16976	5.83343	90.5975
32.17659	5.82429	90.8763
32.18266	5.81611	91.1427
32.19810	5.80934	91.4153
32.20774	5.80515	91.6879
32.21410	5.80404	91.9665
32.21650	5.80459	92.2421
32.21604	5.80596	92.5149
32.21647	5.80727	92.7874
32.21787	5.80843	93.0691
32.21983	5.80974	93.3509
32.22005	5.81156	93.6294
32.21881	5.81308	93.9141
32.22033	5.81419	94.1959
32.22179	5.81500	94.4806
32.22386	5.81510	94.7682
32.22577	5.81515	95.0409
32.22703	5.81550	95.3257
32.22704	5.81601	95.6104
32.22582	5.81575	95.9011
32.22680	5.81348	96.1889
32.22879	5.80979	96.4707
32.23207	5.80555	96.7490
32.23417	5.80212	97.0338
32.23751	5.79884	97.3185
32.24502	5.79404	97.5912
32.25111	5.78899	97.8638
32.25539	5.78364	98.1242
32.25951	5.77809	98.4029
32.26382	5.77345	98.6663
32.26721	5.76977	98.9330
32.26860	5.76745	99.2025
32.26971	5.76477	99.4658
32.27452	5.75887	99.7417
32.28054	5.75242	100.0507
32.28464	5.74748	100.3414
32.28826	5.74334	100.6110
32.29057	5.73976	100.8865
32.29361	5.73643	101.1833
32.29597	5.73346	101.4710
32.29685	5.73094	101.7557
32.29859	5.72605	102.0525
32.30438	5.71854	102.3554
32.31030	5.71184	102.6492
32.31451	5.70731	102.9369
32.31677	5.70444	103.2277
32.31896	5.70237	103.5155
32.31991	5.70086	103.8032
32.32055	5.69905	104.0667
32.32238	5.69663	104.3514
32.32420	5.69386	104.6179
32.32627	5.69119	104.8997
32.32806	5.68882	105.1663
32.32966	5.68666	105.4449
32.33083	5.68414	105.7023
32.33316	5.68062	105.9779
32.33618	5.67624	106.2506
32.34049	5.67161	106.5323
32.34328	5.66718	106.8018
32.34638	5.66235	107.0744
32.35033	5.65671	107.3532
32.35589	5.65027	107.6348
32.36174	5.64418	107.9135
32.36682	5.63875	108.1860
32.37037	5.63417	108.4829
32.37439	5.62950	108.7555
32.37951	5.62548	109.0462
32.38255	5.62246	109.3279
32.38431	5.62020	109.6156
32.38621	5.61844	109.9034
32.38770	5.61673	110.2214
32.38963	5.61457	110.5270
32.39224	5.61200	110.8057
32.39452	5.60949	111.0875
32.39690	5.60723	111.3843
32.39920	5.60542	111.6690
32.40130	5.60346	111.9506
32.40439	5.60085	112.2173
32.40892	5.59738	112.4988
32.41379	5.59291	112.7746
32.41923	5.58844	113.0440
32.42500	5.58457	113.3075
32.43034	5.57990	113.5831
32.43519	5.57583	113.8498
32.43811	5.57267	114.1101
32.44055	5.57036	114.3796
32.44285	5.56820	114.6524
32.44612	5.56634	114.9280
32.45080	5.56353	115.2127
32.45565	5.55981	115.4913
32.45925	5.55630	115.7700
32.46239	5.55399	116.0698
32.46446	5.55198	116.3666
32.46584	5.55063	116.6572
32.46710	5.54967	116.9571
32.46904	5.54897	117.2508
32.47197	5.54716	117.5508
32.47583	5.54375	117.8385
32.47869	5.54064	118.1261
32.48068	5.53843	118.4137
32.48227	5.53708	118.6924
32.48374	5.53607	118.9681
32.48661	5.53507	119.2376
32.48711	5.53442	119.5101
32.48747	5.53392	119.7646
32.48881	5.53377	120.0463
32.49118	5.53372	120.3340
32.49318	5.53382	120.6369
32.49725	5.53382	120.9185
32.50025	5.53341	121.1761
32.50440	5.53291	121.4487
32.50889	5.53241	121.7363
32.51054	5.53231	122.0119
32.51337	5.53171	122.2935
32.51590	5.53106	122.5751
32.52352	5.53050	122.8718
32.52548	5.53015	123.1627
32.52781	5.52970	123.4534
32.52970	5.52870	123.7351
32.53091	5.52729	124.0350
32.53271	5.52529	124.3196
32.53502	5.52333	124.6103
32.53767	5.52198	124.8981
32.54110	5.52148	125.1827
32.54305	5.52143	125.4704
32.54507	5.52138	125.7489
32.55163	5.52077	126.0335
32.55252	5.52007	126.3185
32.55404	5.51952	126.5971
32.56061	5.51892	126.8784
32.56331	5.51882	127.1604
32.56582	5.51892	127.4328
32.56808	5.51892	127.7055
32.57061	5.51907	127.9779
32.57287	5.51907	128.2444
32.57637	5.51837	128.5171
32.58246	5.51666	128.7866
32.58714	5.51526	129.0560
32.58914	5.51450	129.3227
32.59239	5.51420	129.6073
32.60161	5.51340	129.8860
32.60769	5.51200	130.1766
32.61175	5.51084	130.4796
32.61582	5.51019	130.8034
32.61710	5.50994	131.1215
32.61924	5.50969	131.4059
32.62225	5.50964	131.6969
32.62463	5.50994	131.9814
32.62518	5.51024	132.2813
32.62535	5.51064	132.5599
32.62558	5.51099	132.8476
32.62721	5.51119	133.1293
32.62960	5.51150	133.4048
32.63294	5.51220	133.6834
32.63379	5.51300	133.9532
32.63817	5.51400	134.2196
32.64260	5.51496	134.4951
32.65632	5.51636	134.7556
32.66149	5.51902	135.0281
32.67726	5.52223	135.3006
32.69463	5.52785	135.5671
32.69724	5.53582	135.8397
32.69995	5.54325	136.1154
32.70298	5.55027	136.4061
32.70295	5.55690	136.6878
32.70221	5.56252	136.9753
32.70342	5.56714	137.2629
32.70278	5.57121	137.5537
32.70382	5.57462	137.8414
32.70790	5.57739	138.1322
32.71244	5.58075	138.4138
32.71341	5.58462	138.6864
32.71540	5.58844	138.9741
32.71946	5.59230	139.2497
32.72724	5.59698	139.5403
32.72414	5.60321	139.8157
32.72263	5.60854	140.0978
32.72735	5.61281	140.3731
32.73234	5.61788	140.6607
32.73387	5.62362	140.9728
32.74237	5.62935	141.2816
32.76483	5.63563	141.5662
32.78559	5.64514	141.8327
32.78707	5.65701	142.1113
32.78694	5.66728	142.3870
32.78065	5.67513	142.6716
32.79946	5.68062	142.9379
32.80617	5.68711	143.2196
32.80311	5.69366	143.4982
32.80144	5.69849	143.7616
32.80107	5.70192	144.0403
32.80275	5.70469	144.3159
32.80778	5.70726	144.5884
32.80837	5.71078	144.8638
32.81111	5.71426	145.1487
32.80974	5.71799	145.4302
32.81152	5.72136	145.7179
32.82174	5.72504	145.9965
32.82507	5.73109	146.2780
32.82140	5.73754	146.5658
32.82904	5.74314	146.8506
32.84300	5.74969	147.1443
32.84785	5.75852	147.4256
32.84298	5.76699	147.7103
32.84126	5.77290	147.9860
32.85151	5.77719	148.2678
32.85736	5.78289	148.5371
32.87449	5.79015	148.8096
32.87559	5.79959	149.0762
32.88308	5.80787	149.3396
32.87945	5.81328	149.6091
32.88035	5.81439	149.8756
32.88771	5.81313	150.1361
32.90218	5.81207	150.4027
32.91229	5.81333	150.6781
32.91333	5.81464	150.9718
32.91856	5.81237	151.2777
32.91799	5.80919	151.5683
32.92644	5.80717	151.8439
32.92905	5.80616	152.1164
32.93016	5.80560	152.4009
32.93111	5.80520	152.6826
32.93446	5.80479	152.9765
32.93667	5.80419	153.2670
32.93734	5.80409	153.5428
32.93769	5.80358	153.8303
32.93950	5.80303	154.1119
32.94336	5.80283	154.3876
32.94317	5.80323	154.6780
32.94345	5.80353	154.9541
32.94445	5.80272	155.2262
32.94535	5.80166	155.5018
32.94578	5.80000	155.7803
32.94602	5.79752	156.0589
32.94843	5.79419	156.3285
32.95049	5.79086	156.6041
32.95344	5.78733	156.8826
32.95832	5.78364	157.1400
32.96424	5.78062	157.4066
32.96835	5.77880	157.6818
32.96930	5.77804	157.9546
32.97015	5.77668	158.2270
32.97204	5.77496	158.4965
32.97309	5.77375	158.7659
32.97350	5.77320	159.0356
32.97391	5.77264	159.3021
32.97456	5.77184	159.5744
32.97486	5.77103	159.8530
32.97591	5.76982	160.1316
32.97650	5.76871	160.4071
32.97749	5.76755	160.6948
32.97829	5.76659	160.9826
32.97811	5.76553	161.2942
32.97807	5.76397	161.6154
32.97919	5.76195	161.9090
32.98038	5.75923	162.1876
32.98362	5.75605	162.4722
32.98465	5.75312	162.7506
32.98620	5.74959	163.0353
32.99059	5.74495	163.3170
32.99464	5.74032	163.5894
32.99996	5.73618	163.8588
33.00268	5.73326	164.1253
33.00347	5.73160	164.4010
33.00513	5.73049	164.6613
33.00634	5.72983	164.9277
33.00696	5.72943	165.1913
33.00662	5.72928	165.4577
33.00725	5.72923	165.7302
33.00671	5.72928	166.0087
33.00657	5.72928	166.2873
33.00714	5.72928	166.5629
33.00769	5.72923	166.8415
33.00716	5.72933	167.1263
33.00817	5.72953	167.4077
33.01226	5.72953	167.6863
33.01498	5.72978	167.9738
33.02354	5.73018	168.2646
33.03015	5.73079	168.5492
33.03067	5.73119	168.8277
33.03478	5.73154	169.1093
33.04143	5.73175	169.3878
33.05055	5.73195	169.6632
33.06027	5.73190	169.9480
33.06515	5.73175	170.2266
33.08022	5.73129	170.4928
33.09599	5.73049	170.7685
33.09874	5.72963	171.0379
33.10051	5.72877	171.3133
33.10272	5.72817	171.6192
33.10416	5.72726	171.9161
33.10538	5.72661	172.1884
33.10819	5.72570	172.4427
33.11199	5.72530	172.7033
33.11463	5.72535	172.9758
33.11723	5.72545	173.2420
33.12238	5.72575	173.5177
33.12573	5.72580	173.7841
33.12564	5.72575	174.0565
33.12709	5.72449	174.3442
33.12873	5.72267	174.6258
33.12993	5.72131	174.9135
33.13002	5.72036	175.2008
33.13027	5.71960	175.4797
33.13082	5.71890	175.7731
33.13131	5.71824	176.0699
33.13177	5.71799	176.3576
33.13202	5.71759	176.6451
33.13259	5.71759	176.9268
33.13260	5.71743	177.2053
33.13287	5.71738	177.4835
33.13339	5.71743	177.7534
33.13356	5.71748	178.0319
33.13343	5.71748	178.2982
33.13370	5.71743	178.5614
33.13291	5.71738	178.8251
33.13271	5.71738	179.0945
33.13335	5.71703	179.3456
33.13322	5.71703	179.6274
33.13341	5.71703	179.9420
33.13325	5.71703	180.2721
33.13345	5.71703	180.5777
33.13390	5.71708	180.8684
33.13336	5.71713	181.1320
33.13134	5.71733	181.3923
33.13255	5.71633	181.6678
33.13434	5.71507	181.9797
33.13537	5.71386	182.2913
33.13670	5.71300	182.5819
33.13735	5.71219	182.8698
33.13781	5.71159	183.1543
33.13857	5.71104	183.4298
33.13994	5.71058	183.7050
33.14025	5.71013	183.9776
33.14071	5.70988	184.2503
33.14208	5.70942	184.5255
33.14319	5.70887	184.8074
33.14416	5.70847	185.0859
33.14463	5.70821	185.3462
33.14536	5.70806	185.5974
33.14665	5.70771	185.8456
33.14762	5.70695	186.0972
33.14784	5.70660	186.3453
33.14823	5.70630	186.5964
33.14940	5.70585	186.8418
33.14998	5.70549	187.0901
33.15086	5.70519	187.3323
33.15124	5.70504	187.5715
33.15207	5.70479	187.8317
33.15223	5.70449	188.1042
33.15249	5.70408	188.3859
33.15310	5.70333	188.6582
33.15390	5.70272	188.9429
33.15441	5.70207	189.2122
33.15447	5.70187	189.5090
33.15482	5.70136	189.7903
33.15472	5.70096	190.0720
33.15488	5.70066	190.3565
33.15499	5.70041	190.6350
33.15560	5.70000	190.9165
33.15662	5.69955	191.1921
33.15688	5.69915	191.4645
33.15712	5.69905	191.7430
33.15724	5.69879	192.0094
33.15796	5.69864	192.2789
33.15716	5.69859	192.5755
33.15737	5.69859	192.8691
33.15779	5.69874	193.1478
33.15816	5.69859	193.4050
33.15841	5.69849	193.6651
33.15841	5.69844	193.9196
33.15909	5.69834	194.1770
33.15981	5.69819	194.4434
33.16022	5.69764	194.7097
33.16064	5.69744	194.9824
33.16086	5.69744	195.2485
33.16137	5.69713	195.5300
33.16119	5.69718	195.7966
33.16226	5.69703	196.0780
33.16233	5.69683	196.3535
33.16223	5.69678	196.6381
33.16215	5.69673	196.9106
33.16312	5.69668	197.1888
33.16308	5.69658	197.4794
33.16410	5.69648	197.7492
33.16478	5.69638	198.0183
33.16656	5.69623	198.2969
33.16723	5.69613	198.5693
33.16909	5.69618	198.8476
33.16986	5.69597	199.1173
33.17054	5.69623	199.3898
33.17072	5.69663	199.6560
33.17125	5.69668	199.9225
33.17097	5.69683	200.1949
33.17196	5.69698	200.4582
33.17218	5.69713	200.7216
33.17215	5.69738	200.9820
33.17389	5.69728	201.2391
33.17403	5.69774	201.5025
33.17436	5.69799	201.7601
33.17438	5.69819	202.0233
33.17391	5.69854	202.2837
33.17408	5.69859	202.5530
33.17520	5.69874	202.8467
33.17615	5.69900	203.1436
33.17602	5.69935	203.4188
33.17644	5.69950	203.6942
33.17798	5.69960	203.9606
33.17972	5.69985	204.2420
33.18186	5.70005	204.5144
33.18339	5.69980	204.7899
33.18480	5.69895	205.0654
33.18591	5.69804	205.3316
33.18749	5.69738	205.5831
33.18858	5.69653	205.8159
33.18893	5.69608	206.0008
33.18908	5.69587	206.0887
33.18985	5.69567	206.0860
33.19016	5.69582	206.0224
33.19023	5.69613	205.9800
33.19026	5.69683	205.9592
33.18901	5.69738	205.9594
33.18925	5.69784	205.9866
33.18901	5.69809	205.9838
33.18822	5.69854	205.9658
33.18798	5.69879	205.9509
33.18784	5.69895	205.9387
33.18804	5.69910	205.9360
33.18812	5.69940	205.8939
33.18666	5.69950	205.7818
33.18680	5.69980	205.6186
33.18765	5.70046	205.4523
33.18552	5.70126	205.2920
33.18443	5.70182	205.1231
33.18519	5.70177	204.9538
33.18445	5.70197	204.7814
33.18362	5.70182	204.6090
33.18310	5.70136	204.4158
33.18327	5.70086	204.2067
33.18379	5.70051	204.0046
33.18213	5.70051	203.7927
33.18142	5.70061	203.5873
33.18047	5.70096	203.3723
33.17887	5.70126	203.1608
33.17707	5.70141	202.9250
33.17688	5.70136	202.6890
33.17714	5.70121	202.4501
33.17625	5.70151	202.2203
33.17480	5.70167	202.0026
33.17440	5.70146	201.7820
33.17377	5.70121	201.5432
33.17287	5.70081	201.3132
33.17288	5.70056	201.0771
33.17258	5.70026	200.8446
33.17233	5.69990	200.6179
33.17300	5.69970	200.3851
33.17271	5.69940	200.1519
33.17207	5.69945	199.9160
33.17127	5.69930	199.6833
33.17077	5.69920	199.4597
33.17012	5.69890	199.2388
33.16998	5.69864	199.0092
33.16942	5.69839	198.7824
33.16993	5.69799	198.5523
33.16959	5.69809	198.3317
33.16950	5.69794	198.0989
33.16824	5.69789	197.8751
33.16686	5.69769	197.6393
33.16642	5.69754	197.4063
33.16526	5.69738	197.1766
33.16462	5.69708	196.9349
33.16464	5.69718	196.7019
33.16466	5.69728	196.4510
33.16312	5.69754	196.2090
33.16279	5.69764	195.9548
33.16241	5.69779	195.7037
33.16254	5.69779	195.4529
33.16186	5.69789	195.1989
33.16198	5.69789	194.9479
33.16171	5.69794	194.6850
33.16153	5.69789	194.4368
33.16104	5.69779	194.1889
33.16072	5.69789	193.9196
33.16064	5.69774	193.6593
33.15957	5.69789	193.3964
33.15929	5.69794	193.1363
33.15976	5.69824	192.8821
33.15850	5.69864	192.6099
33.15814	5.69879	192.3351
33.15757	5.69915	192.0716
33.15714	5.69935	191.8239
33.15747	5.69950	191.5757
33.15668	5.69970	191.3308
33.15686	5.69965	191.0736
33.15734	5.69965	190.8229
33.15706	5.69970	190.5718
33.15650	5.69975	190.3116
33.15673	5.69965	190.0454
33.15665	5.69950	189.7884
33.15709	5.69955	189.5223
33.15713	5.70000	189.2500
33.15636	5.70056	188.9840
33.15535	5.70101	188.7090
33.15504	5.70146	188.4334
33.15452	5.70177	188.1613
33.15426	5.70217	187.8860
33.15350	5.70308	187.6197
33.15284	5.70353	187.3536
33.15247	5.70403	187.0844
33.15176	5.70454	186.8152
33.15134	5.70474	186.5399
33.15047	5.70504	186.2859
33.15061	5.70524	186.0227
33.15002	5.70539	185.7686
33.14935	5.70585	185.5146
33.14892	5.70605	185.2666
33.14849	5.70625	185.0154
33.14736	5.70645	184.7676
33.14668	5.70690	184.5225
33.14570	5.70731	184.2777
33.14517	5.70761	184.0205
33.14420	5.70801	183.7634
33.14317	5.70847	183.5063
33.14194	5.70877	183.2464
33.14178	5.70907	182.9829
33.14121	5.70942	182.7140
33.13984	5.70988	182.4445
33.13978	5.71008	182.1696
33.13962	5.71038	181.8790
33.13854	5.71099	181.5738
33.13838	5.71129	181.3073
33.13792	5.71189	181.0351
33.13756	5.71275	180.7718
33.13626	5.71386	180.4937
33.13541	5.71486	180.2003
33.13468	5.71577	179.8797
33.13464	5.71633	179.5681
33.13368	5.71708	179.2987
33.13315	5.71738	179.0507
33.13303	5.71764	178.8091
33.13248	5.71789	178.5577
33.13248	5.71809	178.3007
33.13271	5.71834	178.0467
33.13213	5.71869	177.8077
33.13135	5.71890	177.5564
33.13148	5.71890	177.2965
33.13100	5.71915	177.0423
33.13188	5.71910	176.7880
33.13166	5.71910	176.5250
33.13119	5.71935	176.2589
33.13128	5.71940	175.9865
33.13131	5.71950	175.7144
33.13064	5.71960	175.4421
33.13047	5.71955	175.1636
33.13096	5.71955	174.8918
33.13105	5.71960	174.6132
33.13109	5.71970	174.3349
33.13102	5.71990	174.0655
33.13122	5.72021	173.7873
33.13025	5.72061	173.5212
33.12777	5.72147	173.2519
33.12500	5.72262	172.9918
33.12172	5.72358	172.7227
33.11719	5.72444	172.4684
33.11430	5.72499	172.2144
33.11134	5.72524	171.9725
33.10921	5.72540	171.7031
33.10838	5.72565	171.4459
33.10692	5.72590	171.1768
33.10552	5.72645	170.9226
33.10351	5.72711	170.6775
33.09926	5.72761	170.4263
33.09411	5.72802	170.1786
33.08597	5.72852	169.9244
33.07551	5.72902	169.6641
33.06880	5.72988	169.4010
33.06135	5.73049	169.1256
33.05224	5.73099	168.8595
33.03945	5.73165	168.5815
33.03125	5.73195	168.3090
33.02258	5.73200	168.0365
33.01588	5.73185	167.7673
33.01105	5.73160	167.4802
33.00951	5.73114	167.2079
33.00763	5.73104	166.9385
33.00661	5.73114	166.6572
33.00580	5.73109	166.3914
33.00548	5.73119	166.1217
33.00516	5.73129	165.8584
33.00525	5.73170	165.6014
33.00443	5.73230	165.3382
33.00396	5.73255	165.0720
33.00378	5.73250	164.8267
33.00350	5.73220	164.5695
33.00411	5.73170	164.3216
33.00402	5.73119	164.0797
33.00394	5.73104	163.8225
33.00356	5.73084	163.5714
33.00379	5.73109	163.3203
33.00312	5.73190	163.0692
33.00212	5.73306	162.8059
33.00108	5.73497	162.5458
32.99945	5.73749	162.2858
32.99722	5.74027	162.0193
32.99445	5.74324	161.7439
32.99067	5.74616	161.4808
32.99017	5.74899	161.1873
32.98945	5.75232	160.8999
32.98699	5.75570	160.6276
32.98537	5.75822	160.3462
32.98329	5.76049	160.0739
32.98190	5.76240	159.7986
32.98085	5.76361	159.5356
32.97995	5.76467	159.2663
32.97939	5.76538	158.9999
32.97923	5.76604	158.7396
32.97922	5.76689	158.4825
32.97877	5.76820	158.2253
32.97627	5.76982	157.9680
32.97361	5.77158	157.7143
32.97114	5.77280	157.4691
32.96882	5.77385	157.2117
32.96661	5.77451	156.9640
32.96474	5.77512	156.7159
32.96398	5.77602	156.4554
32.96263	5.77754	156.2014
32.96159	5.77946	155.9320
32.96051	5.78178	155.6751
32.95864	5.78491	155.4116
32.95621	5.78819	155.1364
32.95374	5.79121	154.8698
32.95117	5.79399	154.5888
32.94819	5.79646	154.3165
32.94487	5.79864	154.0319
32.94267	5.79995	153.7658
32.94146	5.80060	153.4933
32.94055	5.80096	153.2149
32.93874	5.80151	152.9365
32.93757	5.80212	152.6733
32.93600	5.80278	152.4102
32.93426	5.80333	152.1437
32.93203	5.80394	151.8837
32.93036	5.80434	151.6144
32.92918	5.80459	151.3660
32.92761	5.80490	151.1030
32.92367	5.80626	150.8427
32.91541	5.80808	150.5857
32.90767	5.80964	150.3404
32.90000	5.81085	150.0925
32.89263	5.81212	149.8415
32.88267	5.81353	149.5781
32.87276	5.81494	149.3301
32.86365	5.81621	149.0697
32.85162	5.81621	148.8096
32.83733	5.81383	148.5433
32.83031	5.80904	148.2738
32.82688	5.80338	147.9986
32.82481	5.79783	147.7264
32.81710	5.79303	147.4511
32.80751	5.78728	147.1695
32.80435	5.78031	146.8939
32.80385	5.77345	146.6126
32.80132	5.76730	146.3344
32.79300	5.76094	146.0620
32.79330	5.75368	145.7896
32.79298	5.74662	145.5205
32.79217	5.74042	145.2572
32.79263	5.73437	144.9937
32.79335	5.72948	144.7365
32.79495	5.72550	144.4885
32.79596	5.72242	144.2343
32.79449	5.72016	143.9832
32.79241	5.71779	143.7318
32.78983	5.71522	143.4808
32.78492	5.71250	143.2387
32.77823	5.70952	142.9814
32.77053	5.70585	142.7335
32.75080	5.70131	142.4704
32.74097	5.69441	142.2132
32.74034	5.68686	141.9465
32.74294	5.68092	141.6773
32.73949	5.67679	141.4048
32.73219	5.67337	141.1235
32.72544	5.66939	140.8238
32.71999	5.66486	140.5306
32.71821	5.66003	140.2521
32.71589	5.65545	139.9826
32.71252	5.65087	139.7103
32.70303	5.64579	139.4349
32.69860	5.63875	139.1718
32.69774	5.63086	138.9022
32.69986	5.62352	138.6485
32.70479	5.61748	138.3760
32.70438	5.61376	138.1278
32.70237	5.61060	137.8703
32.69872	5.60738	137.6164
32.69435	5.60346	137.3620
32.69657	5.59884	137.1077
32.69641	5.59522	136.8535
32.69351	5.59225	136.5962
32.69211	5.58889	136.3453
32.69436	5.58598	136.0940
32.69365	5.58402	135.8278
32.69222	5.58236	135.5736
32.68617	5.58060	135.3164
32.67911	5.57764	135.0561
32.67243	5.57327	134.7927
32.66549	5.56779	134.5294
32.65532	5.56202	134.2634
32.64059	5.55529	133.9909
32.63365	5.54772	133.7184
32.63174	5.54054	133.4462
32.62478	5.53472	133.1797
32.62503	5.52930	132.9074
32.62153	5.52514	132.6319
32.62169	5.52163	132.3657
32.62269	5.51892	132.0963
32.62209	5.51721	131.8298
32.62224	5.51581	131.5637
32.61820	5.51511	131.3004
32.61650	5.51415	131.0429
32.61457	5.51345	130.7709
32.61274	5.51280	130.4953
32.61270	5.51210	130.2320
32.61190	5.51160	129.9869
32.61077	5.51114	129.7389
32.60957	5.51069	129.4875
32.60781	5.51054	129.2271
32.60479	5.51094	128.9822
32.60150	5.51165	128.7220
32.59730	5.51255	128.4677
32.59325	5.51330	128.1982
32.59079	5.51350	127.9382
32.58734	5.51400	127.6868
32.58269	5.51465	127.4144
32.57829	5.51541	127.1423
32.57328	5.51651	126.8726
32.56971	5.51721	126.6004
32.56654	5.51771	126.3308
32.56199	5.51827	126.0556
32.56043	5.51857	125.7832
32.55683	5.51887	125.5045
32.55295	5.51917	125.2291
32.54960	5.51957	124.9537
32.54575	5.52012	124.6904
32.54289	5.52052	124.4244
32.54057	5.52072	124.1637
32.53912	5.52097	123.9096
32.53739	5.52107	123.6493
32.53629	5.52132	123.4013
32.53597	5.52178	123.1532
32.53398	5.52288	122.8987
32.53014	5.52413	122.6537
32.52697	5.52544	122.4055
32.52392	5.52689	122.1574
32.52064	5.52795	121.9030
32.51755	5.52880	121.6427
32.51441	5.52935	121.3764
32.51210	5.53005	121.1192
32.50882	5.53060	120.8406
32.50459	5.53106	120.5562
32.49922	5.53146	120.2718
32.49372	5.53191	119.9931
32.49108	5.53231	119.7149
32.48969	5.53251	119.4422
32.48696	5.53271	119.1577
32.48592	5.53276	118.8913
32.48556	5.53291	118.6099
32.48475	5.53316	118.3437
32.48361	5.53346	118.0741
32.48309	5.53377	117.8109
32.48213	5.53417	117.5505
32.48188	5.53442	117.2842
32.48185	5.53472	117.0299
32.48068	5.53497	116.7787
32.47846	5.53602	116.5156
32.47608	5.53788	116.2702
32.47411	5.53969	116.0161
32.47179	5.54149	115.7588
32.47008	5.54310	115.5106
32.46770	5.54460	115.2532
32.46577	5.54601	115.0019
32.46321	5.54741	114.7447
32.45954	5.54952	114.4875
32.45601	5.55193	114.2211
32.45272	5.55439	113.9488
32.45013	5.55685	113.6791
32.44720	5.55901	113.4161
32.44469	5.56102	113.1465
32.44149	5.56303	112.8709
32.43757	5.56549	112.5897
32.43276	5.56850	112.3170
32.42857	5.57211	112.0508
32.42381	5.57588	111.7783
32.41918	5.57980	111.5150
32.41470	5.58387	111.2395
32.41080	5.58768	110.9731
32.40734	5.59105	110.7070
32.40391	5.59401	110.4434
32.40172	5.59642	110.1741
32.39968	5.59869	109.9106
32.39767	5.60090	109.6624
32.39558	5.60291	109.4080
32.39311	5.60487	109.1599
32.39200	5.60688	108.9087
32.38987	5.60879	108.6547
32.38753	5.61070	108.3880
32.38596	5.61246	108.1340
32.38419	5.61406	107.8733
32.38341	5.61502	107.6040
32.38248	5.61613	107.3316
32.38147	5.61723	107.0653
32.38003	5.61894	106.7926
32.37774	5.62110	106.5144
32.37586	5.62357	106.2417
32.37289	5.62789	105.9634
32.36809	5.63367	105.6940
32.36319	5.63971	105.4215
32.35801	5.64589	105.1520
32.35343	5.65218	104.8826
32.34863	5.65842	104.6071
32.34307	5.66471	104.3407
32.33893	5.67025	104.0745
32.33500	5.67513	103.8200
32.33181	5.67896	103.5597
32.32939	5.68198	103.2994
32.32790	5.68439	103.0392
32.32604	5.68646	102.7818
32.32468	5.68837	102.5334
32.32287	5.69038	102.2762
32.32159	5.69230	102.0128
32.32067	5.69396	101.7646
32.31946	5.69572	101.5012
32.31881	5.69799	101.2438
32.31595	5.70212	100.9927
32.31215	5.70695	100.7293
32.30887	5.71124	100.4692
32.30554	5.71522	100.1905
32.30325	5.71885	99.9181
32.30004	5.72262	99.6396
32.29661	5.72671	99.3729
32.29284	5.73079	99.0976
32.29015	5.73447	98.8222
32.28608	5.73885	98.5437
32.28246	5.74329	98.2771
32.27929	5.74732	97.9987
32.27677	5.75075	97.7291
32.27441	5.75408	97.4660
32.27099	5.75817	97.1966
32.26637	5.76240	96.9271
32.26091	5.76664	96.6667
32.25590	5.77078	96.4061
32.25202	5.77431	96.1522
32.24911	5.77749	95.8915
32.24571	5.78117	95.6374
32.24317	5.78536	95.3739
32.23836	5.79015	95.1225
32.23328	5.79495	94.8714
32.22861	5.79924	94.6141
32.22338	5.80303	94.3630
32.22065	5.80565	94.1025
32.21756	5.80727	93.8479
32.21456	5.80843	93.5879
32.21360	5.80883	93.3243
32.21249	5.80904	93.0669
32.21019	5.80873	92.8006
32.20913	5.80823	92.5372
32.20716	5.80757	92.2769
32.20534	5.80641	92.0044
32.20350	5.80490	91.7379
32.20008	5.80293	91.4655
32.19695	5.80101	91.1992
32.19555	5.79939	90.9387
32.19557	5.79914	90.6690
32.19418	5.80111	90.3996
32.19232	5.80495	90.1362
32.18871	5.81040	89.8640
32.18582	5.81636	89.5733
32.18655	5.82252	89.3068
32.18572	5.83025	89.0463
32.18250	5.83909	88.7982
32.17925	5.84768	88.5350
32.17873	5.85552	88.2807
32.17549	5.86401	88.0324
32.16927	5.87134	87.7749
32.16443	5.87655	87.5204
32.15928	5.88035	87.2570
32.15438	5.88424	87.0058
32.15108	5.88814	86.7453
32.14860	5.89264	86.4821
32.14631	5.89810	86.2246
32.14638	5.90387	85.9490
32.14543	5.91071	85.6858
32.14279	5.91830	85.4193
32.14007	5.92554	85.1528
32.13500	5.93248	84.8863
32.13137	5.93774	84.6231
32.12861	5.94159	84.3536
32.12640	5.94443	84.0871
32.12441	5.94666	83.8176
32.12157	5.94869	83.5543
32.11870	5.95046	83.2938
32.11588	5.95188	83.0273
32.11355	5.95330	82.7699
32.11108	5.95456	82.5155
32.10784	5.95563	82.2522
32.10213	5.95644	81.9950
32.09462	5.95659	81.7435
32.08860	5.95634	81.4832
32.08575	5.95588	81.2381
32.08427	5.95537	80.9836
32.08233	5.95507	80.7265
32.07768	5.95512	80.4749
32.07077	5.95537	80.2177
32.06359	5.95598	79.9693
32.06127	5.95674	79.6908
32.06505	5.95867	79.4181
32.06734	5.96526	79.1367
32.05585	5.97752	78.8763
32.04495	5.98888	78.6040
32.03400	5.99877	78.3282
32.02379	6.00795	78.0617
32.01475	6.01531	77.7893
32.00849	6.02120	77.5197
32.00444	6.02526	77.2380
32.00284	6.02855	76.9625
32.00156	6.03180	76.6991
31.99998	6.03500	76.4358
31.99890	6.03856	76.1785
32.00029	6.04323	75.9150
32.00432	6.05155	75.6485
32.00015	6.06613	75.4002
31.98935	6.08453	75.1518
31.97243	6.10547	74.9004
31.95522	6.12673	74.6553
31.93912	6.14485	74.4069
31.92498	6.15987	74.1527
31.91447	6.17082	73.9014
31.90700	6.17927	73.6439
31.90051	6.18630	73.3958
31.89553	6.19211	73.1321
31.89129	6.19639	72.8718
31.88746	6.19930	72.6054
31.88363	6.20123	72.3388
31.88040	6.20230	72.0843
31.87756	6.20261	71.8119
31.87535	6.20261	71.5422
31.87453	6.20215	71.2699
31.87430	6.20179	71.0064
31.87435	6.20210	70.7278
31.87376	6.20302	70.4613
31.87239	6.20424	70.1857
31.87031	6.20557	69.9194
31.86845	6.20659	69.6557
31.86581	6.20704	69.3893
31.86329	6.20715	69.1167
31.86020	6.20684	68.8382
31.85951	6.20623	68.5868
31.85881	6.20572	68.3264
31.85824	6.20572	68.0749
31.85783	6.20628	67.8326
31.85709	6.20720	67.5815
31.85573	6.20812	67.3208
31.85371	6.20929	67.0757
31.85165	6.21015	66.8184
31.84920	6.21077	66.5699
31.84762	6.21082	66.3095
31.84612	6.21072	66.0491
31.84416	6.21066	65.7826
31.84285	6.21087	65.5223
31.83992	6.21163	65.2527
31.83736	6.21377	64.9772
31.83277	6.21668	64.7107
31.82876	6.21933	64.4351
31.82386	6.22147	64.1656
31.81728	6.22290	63.8991
31.80822	6.22514	63.6296
31.79316	6.22851	63.3661
31.78026	6.23310	63.1086
31.76936	6.23703	62.8420
31.75671	6.24070	62.5817
31.74991	6.24473	62.3183
31.74118	6.24825	62.0548
31.73435	6.25136	61.7942
31.73088	6.25381	61.5397
31.72680	6.25545	61.2764
31.72389	6.25693	61.0190
31.72105	6.25790	60.7707
31.71784	6.25831	60.5011
31.71747	6.25846	60.2468
31.71756	6.25953	59.9924
31.71648	6.26229	59.7319
31.70869	6.26606	59.4744
31.70256	6.26902	59.2111
31.69714	6.27122	58.9414
31.68982	6.27347	58.6751
31.68338	6.27587	58.4177
31.67667	6.27857	58.1511
31.67206	6.28240	57.8876
31.66976	6.28766	57.6151
31.66960	6.29660	57.3484
31.66346	6.31019	57.0850
31.65665	6.32481	56.8064
31.64692	6.33902	56.5430
31.63988	6.35043	56.2734
31.63716	6.35984	56.0038
31.63621	6.36925	55.7342
31.62977	6.38031	55.4738
31.62037	6.39198	55.2104
31.60555	6.40196	54.9498
31.59099	6.40770	54.6985
31.58493	6.41083	54.4439
31.58757	6.41533	54.1991
31.58834	6.42394	53.9414
31.57811	6.43762	53.6901
31.56184	6.45357	53.4387
31.54888	6.46690	53.1812
31.53772	6.47778	52.9266
31.52479	6.48830	52.6632
31.50663	6.49871	52.4118
31.49296	6.50826	52.1578
31.48338	6.51591	51.8971
31.47253	6.52197	51.6397
31.46294	6.52690	51.3731
31.45607	6.53050	51.1035
31.45170	6.53286	50.8430
31.44496	6.53492	50.5797
31.43948	6.53605	50.3160
31.43521	6.53677	50.0405
31.43057	6.53728	49.7741
31.42128	6.53708	49.5134
31.41295	6.53620	49.2499
31.40662	6.53420	48.9744
31.39722	6.53153	48.7079
31.39246	6.52788	48.4473
31.38513	6.52377	48.1837
31.37719	6.51884	47.9234
31.37450	6.51294	47.6629
31.37002	6.50749	47.4115
31.36820	6.50241	47.1690
31.36085	6.49794	46.9179
31.35669	6.49363	46.6723
31.35077	6.49050	46.4211
31.34292	6.48783	46.1697
31.33407	6.48486	45.9243
31.32635	6.48183	45.6731
31.31770	6.47885	45.4185
31.31216	6.47598	45.1610
31.30429	6.47357	44.8944
31.29970	6.47152	44.6250
31.29118	6.46982	44.3524
31.27662	6.46752	44.0858
31.25773	6.46357	43.8132
31.25265	6.45767	43.5377
31.25130	6.45208	43.2620
31.24864	6.44793	42.9863
31.24006	6.44511	42.7287
31.23020	6.44249	42.4593
31.20721	6.43834	42.1957
31.19036	6.43029	41.9441
31.18310	6.41964	41.6839
31.17860	6.40893	41.4356
31.16989	6.39889	41.1720
31.15439	6.38840	40.9205
31.13958	6.37611	40.6631
31.12756	6.36240	40.4085
31.10585	6.34761	40.1544
31.08937	6.33089	39.8998
31.08659	6.31382	39.6454
31.06937	6.29849	39.3971
31.07357	6.28322	39.1456
31.07178	6.27214	38.8728
31.05931	6.26448	38.6126
31.05503	6.25754	38.3518
31.04640	6.25208	38.0914
31.04692	6.24769	37.8310
31.04299	6.24499	37.5644
31.02765	6.24427	37.3009
31.01371	6.24233	37.0283
30.99274	6.23723	36.7556
30.96517	6.22729	36.4861
30.92005	6.21066	36.2103
30.87193	6.18391	35.9438
30.85989	6.14979	35.6803
30.85271	6.11717	35.4137
30.85136	6.08890	35.1532
30.83796	6.06573	34.8957
30.83532	6.04485	34.6352
30.82133	6.02769	34.3898
30.80743	6.01297	34.1386
30.79706	5.99953	33.8961
30.79635	5.98847	33.6447
30.78874	5.98193	33.4055
30.78182	5.97838	33.1449
30.77451	5.97615	32.9027
30.76817	5.97489	32.6421
30.75889	5.97408	32.3844
30.74751	5.97342	32.1270
30.73716	5.97215	31.8636
30.72787	5.96972	31.5999
30.72124	5.96652	31.3364
30.71737	5.96434	31.0698
30.71710	5.96642	30.7912
30.71204	5.97311	30.5245
30.70467	5.98325	30.2459
30.69630	5.99375	29.9853
30.68825	6.00374	29.7219
30.68108	6.01232	29.4551
30.67467	6.01871	29.1887
30.66671	6.02434	28.9252
30.65141	6.02901	28.6586
30.62939	6.03221	28.3857
30.59399	6.03404	28.1012
30.57545	6.03333	27.8315
30.53928	6.03084	27.5801
30.53564	6.02840	27.3164
30.53238	6.02795	27.0712
30.52065	6.02967	26.8198
30.49623	6.02972	26.5743
30.48748	6.02424	26.3108
30.47424	6.01622	26.0682
30.45219	6.00876	25.8107
30.43625	6.00263	25.5624
30.41514	5.99811	25.3019
30.41057	5.99370	25.0415
30.40162	5.99010	24.7809
30.39226	5.98741	24.5173
30.38874	5.98589	24.2596
30.38325	5.98650	23.9842
30.37624	5.98888	23.7054
30.36546	5.99208	23.4359
30.34358	5.99831	23.1570
30.31743	6.01160	22.8903
30.29245	6.02911	22.6178
30.26882	6.04815	22.3482
30.25227	6.06654	22.0784
30.24138	6.08666	21.8119
30.22905	6.10939	21.5453
30.21063	6.13248	21.2908
30.19919	6.15106	21.0272
30.18266	6.16639	20.7699
30.16682	6.17785	20.5153
30.15586	6.18595	20.2490
30.15716	6.19119	19.9941
30.16521	6.19935	19.7368
30.16721	6.21281	19.4853
30.15967	6.22907	19.2339
30.15164	6.24483	18.9704
30.11066	6.25800	18.7278
30.05017	6.26019	18.4673
30.01459	6.24795	18.2128
30.00076	6.22887	17.9553
29.99540	6.21133	17.6948
30.00691	6.20078	17.4282
29.99528	6.19930	17.1737
29.99125	6.20195	16.9130
29.98359	6.20750	16.6462
29.96974	6.21423	16.3829
29.94863	6.21882	16.1162
29.92706	6.21984	15.8467
29.90603	6.21607	15.5861
29.89119	6.20898	15.3285
29.88022	6.20032	15.0742
29.87839	6.19242	14.8137
29.86672	6.18681	14.5620
29.85087	6.18095	14.3045
29.83445	6.17377	14.0499
29.83401	6.16557	13.7955
29.82081	6.15860	13.5410
29.81071	6.15014	13.2927
29.80602	6.14093	13.0319
29.79636	6.13259	12.7805
29.78723	6.12485	12.5230
29.77428	6.11727	12.2715
29.76410	6.10959	12.0229
29.75453	6.10227	11.7686
29.75274	6.09622	11.5201
29.74449	6.09205	11.2626
29.73653	6.08961	10.9929
29.72084	6.08859	10.7352
29.70119	6.08875	10.4840
29.69103	6.09073	10.2175
29.68115	6.09322	9.9689
29.66906	6.09581	9.7083
29.65615	6.09851	9.4508
29.63921	6.10085	9.1991
29.62477	6.10293	8.9387
29.61173	6.10639	8.6932
29.59066	6.10944	8.4388
29.57724	6.11336	8.1844
29.56414	6.12348	7.9239
29.52532	6.13930	7.6752
29.46565	6.14943	7.4148
29.42825	6.14902	7.1603
29.40702	6.14561	6.9057
29.38130	6.14785	6.6571
29.35258	6.15987	6.4058
29.37847	6.18681	6.1574
29.38795	6.25565	5.9149
29.36356	6.35754	5.6664
29.59616	6.48188	5.4208
30.01695	6.71879	5.1817
30.19984	7.13693	4.9363
29.78150	7.63319	4.6908
29.74420	8.00918	4.4513
29.61723	8.33939	4.2031
29.54764	8.64395	3.9547
29.40687	8.93892	3.7151
29.11405	9.22218	3.4666
28.88861	9.47068	3.2241
28.72349	9.71193	2.9879
28.58952	9.97117	2.7486
28.38278	10.28401	2.5124
28.16344	10.58169	2.2760
27.91139	10.83157	2.0487
27.58365	11.02020	1.8275
27.26959	11.17567	1.6124
27.01171	11.31878	1.4002
26.87173	11.44502	1.1912
26.78980	11.54244	0.9821
26.75234	11.61087	0.7792
26.68122	11.65130	0.5913
26.59237	11.68340	0.3914
26.50140	11.71699	0.1881
26.41153	11.74539	0.0852
26.39603	11.75220	0.0883
26.44704	11.71623	0.0760
26.52239	11.65253	0.0880
26.57512	11.58958	0.0882
26.62803	11.52879	0.0851
26.68216	11.45294	0.0913
26.70283	11.39673	0.0824
26.75321	11.33828	0.0823
26.78694	11.25564	0.0823
9.48014	11.14608	0.0823
4.57063	11.03310	0.0854
4.55243	10.95412	0.0884
4.49105	10.90852	0.0855
4.10147	10.87541	0.0825
3.55621	10.84223	0.0825
3.17462	10.80037	0.0826
3.18414	10.76759	0.0826
3.22719	10.74666	0.0795
3.02589	10.72781	0.0826
2.64272	10.70856	0.0826
2.28267	10.68961	0.0826
2.07438	10.67159	0.0914
1.82499	10.65368	0.0917
1.61506	10.63578	0.0917
1.45996	10.62057	0.0948
1.40483	10.60611	0.1008
1.37992	10.58977	0.0980
1.38775	10.57281	0.0948
1.43613	10.55541	0.0948
1.67206	10.53818	0.0948
2.09289	10.52080	0.0948
2.30266	10.50245	0.0979
2.31997	10.48122	0.0981
1.96058	10.45660	0.0979
1.73185	10.42780	0.0949
1.57914	10.39092	0.1010
1.44447	10.34781	0.1040
1.43829	10.30389	0.1040
1.33012	10.26589	0.0979
1.25612	10.23352	0.1071
1.21188	10.20162	0.1101
1.25056	10.17132	0.1042
1.34250	10.14740	0.1070
2.08592	10.13914	0.1071
