Salinity, Practical [PSU]	Temperature [ITS-90, deg C]	Depth [salt water, m]
0.02416	13.72267	-0.0801
0.02414	13.72279	-0.0739
0.02414	13.72279	-0.0741
0.02419	13.72291	-0.0801
0.02409	13.72329	-0.0831
0.02414	13.72347	-0.0771
0.02414	13.72335	-0.0832
0.02414	13.72335	-0.0802
0.02414	13.72298	-0.0802
0.02414	13.72279	-0.0862
0.02414	13.72229	-0.0740
0.02414	13.72143	-0.0710
0.02414	13.72093	-0.0803
0.02414	13.72037	-0.0802
0.02409	13.72031	-0.0742
0.02414	13.71957	-0.0802
0.02414	13.71870	-0.0742
0.02414	13.71870	-0.0833
0.02414	13.71882	-0.0802
0.02409	13.71932	-0.0773
0.02409	13.71950	-0.0802
0.02414	13.71926	-0.0803
0.02409	13.71864	-0.0803
0.02414	13.71734	-0.0774
0.02414	13.71672	-0.0774
0.02414	13.71616	-0.0803
0.02414	13.71610	-0.0774
0.02419	13.71628	-0.0743
0.02414	13.71597	-0.0713
0.02409	13.71517	-0.0743
0.02414	13.71418	-0.0803
0.02414	13.71306	-0.0742
0.02419	13.71232	-0.0743
0.02414	13.71108	-0.0774
0.02414	13.71071	-0.0835
0.02414	13.71083	-0.0713
0.02418	13.71108	-0.0773
0.02409	13.71120	-0.0743
0.02414	13.71126	-0.0743
0.02414	13.71157	-0.0804
0.02409	13.71207	-0.0774
0.02409	13.71226	-0.0774
0.02414	13.71306	-0.0713
0.02409	13.71325	-0.0742
0.02414	13.71368	-0.0744
0.02414	13.71442	-0.0745
0.02414	13.71455	-0.0804
0.02414	13.71517	-0.0682
0.02414	13.71560	-0.0714
0.02414	13.71554	-0.0744
0.21280	13.71603	-0.0623
3.51831	13.69931	0.0438
3.95593	13.64318	0.2075
5.00201	13.59795	0.3195
8.95407	13.52508	0.3984
12.25335	13.32172	0.4498
13.46061	13.08617	0.5344
13.64901	12.91991	0.5739
12.32895	12.81599	0.6315
11.25574	12.75621	0.6467
11.35997	12.71792	0.6558
12.80082	12.69147	0.6648
13.37946	12.67070	0.6679
13.66901	12.65289	0.6678
13.34292	12.63965	0.6708
12.36944	12.63430	0.6678
11.93040	12.63262	0.6680
11.41245	12.63977	0.6648
11.22727	12.67768	0.6647
11.20008	12.72413	0.6618
11.19392	12.77891	0.6618
11.17147	12.82923	0.6587
11.17217	12.86922	0.6648
11.28493	12.89549	0.6558
11.48325	12.90615	0.6527
11.81327	12.90446	0.6557
12.20888	12.89719	0.6587
12.54217	12.88235	0.6587
12.91599	12.84949	0.6587
13.23697	12.79992	0.6648
13.37526	12.75507	0.6648
13.29582	12.71846	0.6769
12.98421	12.70087	0.6829
12.70615	12.70280	0.6890
12.58984	12.70629	0.7132
12.65181	12.70262	0.7162
13.27128	12.69876	0.7133
14.01111	12.69021	0.7162
14.72992	12.65975	0.7041
15.27275	12.59307	0.7042
15.61419	12.52136	0.6921
15.81544	12.46506	0.6799
15.95147	12.42151	0.6677
16.07245	12.38792	0.6648
16.17288	12.36165	0.6497
16.24154	12.34131	0.6466
16.28668	12.32580	0.6497
16.32400	12.31322	0.6495
16.37383	12.30333	0.6467
16.42817	12.29695	0.6556
16.47338	12.29206	0.6708
16.50247	12.28962	0.6860
16.52892	12.28950	0.6920
16.52016	12.29046	0.7040
16.48858	12.29195	0.7102
16.45968	12.29302	0.7223
16.41332	12.29391	0.7253
16.37325	12.29421	0.7283
16.39545	12.29379	0.7283
16.47251	12.29296	0.7252
16.56035	12.29141	0.7163
16.63209	12.28879	0.6980
16.68388	12.28343	0.6951
16.71745	12.27825	0.6891
16.72667	12.27551	0.6738
16.71633	12.27485	0.6647
16.70458	12.27557	0.6617
16.70846	12.27860	0.6587
16.72241	12.28194	0.6557
16.73179	12.28349	0.6557
16.74241	12.28617	0.6617
16.75126	12.29028	0.6677
16.75887	12.29528	0.6769
16.76661	12.30011	0.6860
16.77779	12.30482	0.6982
16.78953	12.30964	0.6980
16.75310	12.31501	0.7040
16.70186	12.31960	0.7102
16.67059	12.32252	0.7162
16.66455	12.32473	0.7131
16.68333	12.32622	0.7163
16.70992	12.32496	0.7131
16.73521	12.32276	0.6981
16.75891	12.31918	0.6979
16.78018	12.31477	0.6950
16.80034	12.31119	0.6860
16.81672	12.30881	0.6768
16.83677	12.30732	0.6678
16.83936	12.30660	0.6648
16.82012	12.30553	0.6587
16.81801	12.30321	0.6466
16.82886	12.30023	0.6496
16.84721	12.29761	0.6557
16.86133	12.29492	0.6707
16.86326	12.29379	0.6708
16.84025	12.29415	0.6738
16.78520	12.29719	0.6889
16.76270	12.30339	0.6950
16.77530	12.31083	0.6980
16.79242	12.31668	0.7071
16.79194	12.32049	0.7164
16.77992	12.32347	0.7284
16.76103	12.32616	0.7253
16.72816	12.32866	0.7253
16.69939	12.33015	0.7133
16.69378	12.33021	0.7072
16.70139	12.32979	0.6889
16.71047	12.33051	0.6799
16.72480	12.33266	0.6676
16.74382	12.33546	0.6587
16.75779	12.33802	0.6527
16.75920	12.33993	0.6526
16.75356	12.34119	0.6466
16.75466	12.34274	0.6496
16.76161	12.34477	0.6526
16.76912	12.34691	0.6557
16.77938	12.34912	0.6647
16.78471	12.35079	0.6768
16.77171	12.35240	0.6889
16.76473	12.35401	0.6981
16.76111	12.35622	0.7133
16.75812	12.35849	0.7224
16.74675	12.36112	0.7224
16.72635	12.36344	0.7253
16.71773	12.36529	0.7254
16.71502	12.36589	0.7193
16.71372	12.36565	0.7133
16.71332	12.36529	0.6951
16.71098	12.36559	0.6890
16.69753	12.36691	0.6770
16.67297	12.36905	0.6588
16.67098	12.37216	0.6589
16.67854	12.37556	0.6498
16.67695	12.37819	0.6406
16.67651	12.38046	0.6498
16.68858	12.38267	0.6436
16.71199	12.38452	0.6528
16.73550	12.38542	0.6618
16.74867	12.38518	0.6739
16.72847	12.38452	0.6861
16.69400	12.38482	0.6951
16.67614	12.38721	0.7103
16.67137	12.39025	0.7194
16.67068	12.39276	0.7224
16.67198	12.39479	0.7224
16.67807	12.39599	0.7315
16.68985	12.39736	0.7225
16.70202	12.39796	0.7195
16.71078	12.39856	0.7043
16.71522	12.39987	0.6982
16.72626	12.40208	0.6831
16.72518	12.40495	0.6771
16.69082	12.40878	0.6619
16.65276	12.41296	0.6559
16.63181	12.41649	0.6467
16.63829	12.41900	0.6468
16.66000	12.41918	0.6590
16.72389	12.41792	0.6620
16.81242	12.41523	0.6620
16.84948	12.40919	0.6711
16.86861	12.39814	0.6831
16.89184	12.38333	0.6832
16.91375	12.36792	0.6953
16.92972	12.35318	0.7105
16.94042	12.34250	0.7226
16.95011	12.33683	0.7195
16.93835	12.33397	0.7256
16.85361	12.33480	0.7287
16.78365	12.34089	0.7226
16.79077	12.34214	0.7166
16.77895	12.35187	0.7075
16.75591	12.38739	0.6894
16.74244	12.43813	0.6802
16.72708	12.48727	0.6711
16.70777	12.52592	0.6652
16.68588	12.55141	0.6622
16.65862	12.56461	0.6561
16.66804	12.56893	0.6531
16.70326	12.56377	0.6531
16.73345	12.55219	0.6560
16.77375	12.53659	0.6622
16.85633	12.50033	0.6682
16.92022	12.45363	0.6803
16.96076	12.41535	0.6955
16.99281	12.38637	0.7015
17.01442	12.36291	0.7106
17.02585	12.34703	0.7167
17.01993	12.33844	0.7227
16.98063	12.33773	0.7228
16.93256	12.34506	0.7196
16.89149	12.34966	0.7168
16.89417	12.34465	0.7137
16.88952	12.33922	0.7047
16.87790	12.35198	0.6925
16.85947	12.38410	0.6805
16.84089	12.42294	0.6683
16.82515	12.45464	0.6563
16.81494	12.47619	0.6502
16.81431	12.48625	0.6563
16.82272	12.48553	0.6503
16.83883	12.48020	0.6531
16.86565	12.47535	0.6594
16.91208	12.46769	0.6624
16.95825	12.44184	0.6774
17.00120	12.41254	0.6866
17.03519	12.38482	0.6956
17.06425	12.36267	0.7047
17.08494	12.34787	0.7169
17.07369	12.33952	0.7290
17.01039	12.33880	0.7200
16.95322	12.34482	0.7260
16.94585	12.34315	0.7230
16.92936	12.34357	0.7169
16.90385	12.36106	0.7018
16.88520	12.39497	0.6929
16.86957	12.43400	0.6838
16.84907	12.47811	0.6716
16.82952	12.51921	0.6685
16.81465	12.55081	0.6595
16.81254	12.57139	0.6595
16.82038	12.57962	0.6566
16.84549	12.57638	0.6565
16.87702	12.56743	0.6565
16.88798	12.55333	0.6655
16.92429	12.52478	0.6718
16.98964	12.48667	0.6777
17.09598	12.45105	0.6929
17.18791	12.42187	0.7021
17.25314	12.39766	0.7141
17.26545	12.38076	0.7233
17.17626	12.37270	0.7232
17.05574	12.37329	0.7263
17.04006	12.37037	0.7232
16.98777	12.36398	0.7173
16.94703	12.37174	0.7111
16.91777	12.39199	0.6960
16.89618	12.42067	0.6840
16.87859	12.44776	0.6809
16.86357	12.47410	0.6717
16.85692	12.49805	0.6628
16.88224	12.51489	0.6658
16.92404	12.52082	0.6537
16.97878	12.51669	0.6628
17.02122	12.50860	0.6628
17.04799	12.49691	0.6719
17.09588	12.48032	0.6780
17.15324	12.45728	0.6870
17.19307	12.43137	0.6962
17.24529	12.40943	0.7023
17.29631	12.39270	0.7083
17.32808	12.38058	0.7113
17.33165	12.37210	0.7144
17.28183	12.36768	0.7144
17.20223	12.36870	0.7176
17.12733	12.37246	0.7144
17.10228	12.37246	0.7054
17.08024	12.36899	0.7054
17.06068	12.37055	0.6993
17.03936	12.38010	0.6902
17.02248	12.39211	0.6872
17.00698	12.40382	0.6843
16.99709	12.41350	0.6782
16.99690	12.42115	0.6690
17.00960	12.42653	0.6661
17.02432	12.42880	0.6661
17.08163	12.42755	0.6692
17.16032	12.42222	0.6753
17.22528	12.41338	0.6782
17.28391	12.40573	0.6812
17.34069	12.39796	0.6934
17.39650	12.38733	0.6995
17.43772	12.37783	0.7056
17.45584	12.37019	0.7115
17.43796	12.36470	0.7147
17.36806	12.36255	0.7085
17.27847	12.36410	0.7086
17.20074	12.36655	0.7117
17.14666	12.36523	0.7057
17.09934	12.36673	0.7026
17.06361	12.37717	0.6935
17.03702	12.39073	0.6874
17.01909	12.40591	0.6876
17.01235	12.42043	0.6815
17.03054	12.43042	0.6754
17.07247	12.43502	0.6724
17.12127	12.43478	0.6755
17.17481	12.43293	0.6694
17.23176	12.43000	0.6724
17.30437	12.42456	0.6786
17.37062	12.41810	0.6817
17.44280	12.41200	0.6876
17.49246	12.40244	0.6906
17.51892	12.39121	0.6968
17.54001	12.38159	0.7059
17.55357	12.37419	0.7088
17.56429	12.36888	0.7151
17.57173	12.36547	0.7119
17.57116	12.36320	0.7180
17.55760	12.36195	0.7150
17.52988	12.36177	0.7060
17.49963	12.36297	0.6968
17.47834	12.36541	0.7030
17.48196	12.36792	0.6878
17.50169	12.36935	0.6787
17.54726	12.36965	0.6697
17.58027	12.36858	0.6758
17.61772	12.36547	0.6666
17.67404	12.36064	0.6636
17.76907	12.35479	0.6696
17.85819	12.34834	0.6818
17.90389	12.34268	0.6880
17.92242	12.33820	0.6848
17.93022	12.33534	0.6939
17.93357	12.33379	0.6970
17.93037	12.33278	0.7092
17.92630	12.33206	0.7123
17.89741	12.33188	0.7123
17.83805	12.33284	0.7153
17.73827	12.33588	0.7123
17.64605	12.33880	0.7124
17.56219	12.33904	0.7032
17.49218	12.34148	0.6942
17.42903	12.34775	0.6882
17.39753	12.35706	0.6790
17.41519	12.36589	0.6820
17.46178	12.37162	0.6730
17.51703	12.37449	0.6730
17.59543	12.37485	0.6761
17.69751	12.37311	0.6761
17.79688	12.36971	0.6730
17.88539	12.36535	0.6821
17.94318	12.35843	0.6821
17.97639	12.34948	0.6912
18.00885	12.34178	0.6942
18.03651	12.33606	0.7035
18.04799	12.33206	0.7095
18.02996	12.32979	0.7125
17.96511	12.32967	0.7127
17.88855	12.33170	0.7096
17.79985	12.33391	0.7096
17.73673	12.33415	0.7035
17.71254	12.33212	0.7004
17.69466	12.33003	0.6883
17.69332	12.32950	0.6853
17.71146	12.33218	0.6764
17.73956	12.33582	0.6824
17.78258	12.33790	0.6824
17.88623	12.33743	0.6823
18.01493	12.33546	0.6793
18.05314	12.33266	0.6854
18.12667	12.32956	0.6825
18.19865	12.32622	0.6793
18.24404	12.32395	0.6854
18.27032	12.32276	0.6916
18.28190	12.32252	0.7038
18.27587	12.32288	0.6977
18.22934	12.32389	0.7007
18.16678	12.32556	0.6977
18.09314	12.32812	0.7007
18.01789	12.32967	0.7038
17.97831	12.32961	0.7037
17.93694	12.32884	0.7008
17.89643	12.32806	0.6918
17.85521	12.32926	0.6977
17.82738	12.33325	0.6888
17.81496	12.33779	0.6857
17.81645	12.34136	0.6917
17.83477	12.34345	0.6796
17.85709	12.34477	0.6857
17.89553	12.34512	0.6797
17.96120	12.34417	0.6827
18.04374	12.34226	0.6858
18.11651	12.34047	0.6889
18.13706	12.33928	0.6918
18.12366	12.33802	0.6918
18.09636	12.33761	0.6950
18.08065	12.33785	0.6858
18.06760	12.33874	0.6858
18.04892	12.33963	0.6949
18.03258	12.34023	0.6980
18.03745	12.34089	0.7010
18.05470	12.34125	0.6980
18.05103	12.34160	0.7042
18.01744	12.34196	0.7072
17.96740	12.34202	0.6981
17.94140	12.34214	0.6951
17.94210	12.34208	0.6981
17.98004	12.34184	0.6921
18.07309	12.34208	0.6862
18.16269	12.34220	0.6922
18.18396	12.34119	0.6951
18.20030	12.33981	0.6953
18.21917	12.33856	0.6892
18.23614	12.33743	0.6890
18.26150	12.33600	0.6922
18.29225	12.33427	0.6862
18.32421	12.33260	0.6891
18.34336	12.33069	0.6801
18.35320	12.32854	0.6892
18.35754	12.32705	0.6923
18.35824	12.32562	0.6984
18.35948	12.32508	0.6983
18.35612	12.32496	0.6923
18.34453	12.32538	0.6984
18.32623	12.32604	0.6985
18.30632	12.32711	0.6984
18.28504	12.32830	0.7015
18.26309	12.32950	0.6954
18.24860	12.33003	0.6924
18.24676	12.33009	0.6865
18.25557	12.33003	0.6894
18.28619	12.33057	0.6834
18.35039	12.33081	0.6863
18.36404	12.33057	0.6865
18.37427	12.32854	0.6865
18.39026	12.32616	0.6865
18.41166	12.32401	0.6896
18.43067	12.32198	0.6895
18.44526	12.32019	0.6897
18.45562	12.31864	0.6956
18.45922	12.31769	0.6927
18.44323	12.31674	0.7047
18.38983	12.31662	0.7018
18.31817	12.31811	0.7017
18.27569	12.31942	0.6957
18.22723	12.31960	0.6896
18.18539	12.32151	0.6866
18.16623	12.32538	0.6897
18.16168	12.32938	0.6897
18.16440	12.33230	0.6928
18.17755	12.33451	0.6865
18.20381	12.33558	0.6988
18.25843	12.33510	0.6928
18.33296	12.33379	0.6959
18.39385	12.33242	0.6928
18.42269	12.33099	0.6989
18.44719	12.32944	0.6990
18.46553	12.32651	0.6989
18.47617	12.32371	0.6989
18.46693	12.32186	0.6989
18.42168	12.32103	0.7050
18.37162	12.32174	0.6959
18.33170	12.32294	0.6899
18.31105	12.32341	0.6838
18.30700	12.32300	0.6809
18.31132	12.32246	0.6778
18.32536	12.32240	0.6778
18.35798	12.32246	0.6808
18.41885	12.32252	0.6809
18.47800	12.32198	0.6840
18.49253	12.32073	0.6962
18.51066	12.31888	0.6992
18.53625	12.31674	0.7052
18.55554	12.31435	0.7173
18.56858	12.31250	0.7174
18.56773	12.31095	0.7113
18.53387	12.31000	0.7144
18.48603	12.31060	0.7113
18.43453	12.31179	0.7022
18.40091	12.31256	0.6993
18.38156	12.31221	0.6963
18.35172	12.31232	0.6840
18.33469	12.31548	0.6781
18.37500	12.31924	0.6872
18.48786	12.32085	0.7024
18.61823	12.31954	0.7872
18.65866	12.31513	0.9235
18.69989	12.30958	1.0841
18.72870	12.30410	1.2629
18.69355	12.30082	1.4477
18.84695	12.29427	1.6507
18.96239	12.27003	1.8475
19.00849	12.24646	2.0596
19.03624	12.22951	2.2778
19.06326	12.21868	2.5049
19.13693	12.20882	2.7626
19.43696	12.19051	2.9988
19.60812	12.17151	3.2412
19.71029	12.15981	3.4926
19.83542	12.15619	3.7348
19.90094	12.15305	3.9833
19.93696	12.14913	4.2317
19.95579	12.14521	4.4681
20.00551	12.14136	4.7044
20.08559	12.13530	4.9558
20.21011	12.12724	5.2103
20.34658	12.11953	5.4648
20.40483	12.11141	5.7100
20.46402	12.10311	5.9555
20.60310	12.09321	6.1889
20.68143	12.07526	6.4554
20.71998	12.05146	6.7159
20.78999	12.02969	6.9886
20.85116	12.00338	7.2429
20.87819	11.97395	7.4854
20.91519	11.95122	7.7308
21.04205	11.93234	7.9884
21.80119	11.91122	8.2367
22.12889	11.86468	8.4851
22.62017	11.79061	8.7366
23.25236	11.67227	8.9850
23.86324	11.54017	9.2304
25.44603	11.38597	9.4787
26.89661	11.05896	9.7332
27.52981	10.54887	9.9816
28.42617	10.11119	10.2331
28.96485	9.74616	10.4936
29.30837	9.43002	10.7602
29.49434	9.20208	11.0176
29.65555	9.06706	11.2722
29.79044	8.97526	11.5267
29.90631	8.89723	11.7811
30.09130	8.80295	12.0477
30.25820	8.65943	12.2961
30.34677	8.49922	12.5567
30.41148	8.35922	12.8203
30.49713	8.24230	13.0685
30.55956	8.15892	13.3231
30.60649	8.10015	13.5775
30.63205	8.06296	13.8199
30.57706	8.02367	14.0593
30.58160	7.93819	14.3076
30.67093	7.82032	14.5501
30.74150	7.72348	14.7923
30.78286	7.65563	15.0437
30.82207	7.60313	15.2891
30.85642	7.56428	15.5345
30.87865	7.53921	15.7950
30.89284	7.52090	16.0192
30.90042	7.50822	16.2767
30.90031	7.49827	16.5099
30.88023	7.47751	16.7493
30.97394	7.43742	17.0067
31.20769	7.42418	17.2612
31.23909	7.47199	17.5308
31.21489	7.52700	17.8095
31.18996	7.56423	18.0518
31.17132	7.58040	18.3094
31.19821	7.58120	18.5426
31.23125	7.58473	18.8061
31.24230	7.59327	19.0545
31.24854	7.59907	19.2877
31.24833	7.59553	19.5360
31.20367	7.58483	19.7816
31.22172	7.55138	20.0300
31.24899	7.51542	20.2783
31.26870	7.49007	20.5236
31.26904	7.47419	20.7691
31.24823	7.45801	21.0204
31.20739	7.43054	21.2658
31.22143	7.37675	21.5233
31.25422	7.31503	21.7597
31.28259	7.26161	22.0049
31.29019	7.21692	22.2625
31.30611	7.16895	22.5109
31.34306	7.12411	22.7652
31.35093	7.09493	23.0075
31.36345	7.07192	23.2529
31.37341	7.05433	23.5045
31.37460	7.04201	23.7557
31.38150	7.03067	24.0013
31.38396	7.02251	24.2497
31.38839	7.01559	24.5040
31.36812	7.01045	24.7524
31.33772	6.99611	24.9857
31.31354	6.96952	25.2370
31.34934	6.93438	25.4825
31.40780	6.90762	25.7247
31.43280	6.89570	25.9762
31.43375	6.89202	26.2154
31.42954	6.88829	26.4578
31.42211	6.87985	26.7062
31.42360	6.86721	26.9455
31.43888	6.85328	27.1970
31.44758	6.84365	27.4423
31.44978	6.83713	27.6876
31.45282	6.83190	27.9451
31.44419	6.82632	28.1965
31.44521	6.81457	28.4449
31.44728	6.79932	28.6782
31.41916	6.78050	28.9325
31.44680	6.75059	29.1781
31.46947	6.72901	29.4415
31.48779	6.71796	29.6989
31.48022	6.71342	29.9474
31.43319	6.70666	30.1958
31.42263	6.68289	30.4441
31.44338	6.65201	30.6925
31.46580	6.63038	30.9380
31.47923	6.61890	31.1922
31.48235	6.61288	31.4376
31.48045	6.60830	31.6951
31.50217	6.60248	31.9433
31.51647	6.60176	32.1889
31.50783	6.60629	32.4312
31.45786	6.60454	32.6825
31.41327	6.58195	32.9250
31.44272	6.53929	33.1764
31.52544	6.49984	33.4217
31.51647	6.48491	33.6670
31.47400	6.46752	33.9184
31.43672	6.42661	34.1668
31.46564	6.36680	34.4062
31.49172	6.31295	34.6514
31.49033	6.27153	34.8969
31.38622	6.22703	35.1331
31.39821	6.13996	35.3694
31.49001	6.04851	35.6118
31.56816	5.99410	35.8571
31.63311	5.97610	36.0934
31.62287	5.98229	36.3356
31.60819	5.98771	36.5780
31.60792	5.98700	36.8052
31.60745	5.98422	37.0475
31.61362	5.98102	37.2838
31.61130	5.97940	37.5199
31.59174	5.97641	37.7654
31.57324	5.96586	37.9986
31.57032	5.94894	38.2439
31.56741	5.92898	38.4802
31.60675	5.90893	38.7440
31.68060	5.90640	38.9860
31.66996	5.92655	39.2315
31.66018	5.94418	39.4768
31.54534	5.95076	39.7192
31.45661	5.91182	39.9736
31.48656	5.83732	40.2069
31.54876	5.76977	40.4522
31.56733	5.72817	40.6915
31.58931	5.69935	40.9308
31.59497	5.67896	41.1761
31.60204	5.66245	41.4183
31.61255	5.64861	41.6609
31.62596	5.63885	41.9093
31.63589	5.63412	42.1515
31.63699	5.63357	42.3878
31.63152	5.63367	42.6362
31.63354	5.63065	42.8845
31.63416	5.62633	43.1270
31.63587	5.62196	43.3602
31.64491	5.61708	43.6055
31.65255	5.61487	43.8600
31.65451	5.61406	44.1054
31.65609	5.61366	44.3447
31.65861	5.61336	44.5900
31.66106	5.61306	44.8385
31.66479	5.61361	45.0868
31.67459	5.61582	45.3230
31.72500	5.62321	45.5653
31.71930	5.64378	45.7985
31.71799	5.66345	46.0439
31.70501	5.67880	46.2834
31.66434	5.68555	46.5318
31.65903	5.67443	46.7679
31.65992	5.65847	47.0163
31.66008	5.64388	47.2495
31.65545	5.62975	47.5009
31.66196	5.61386	47.7463
31.67012	5.59843	47.9916
31.65854	5.58291	48.2340
31.65913	5.56308	48.4855
31.66529	5.54315	48.7399
31.67345	5.52604	48.9822
31.68870	5.51225	49.2185
31.68573	5.50282	49.4790
31.70192	5.49305	49.7153
31.71334	5.48613	49.9547
31.71676	5.48297	50.1909
31.70950	5.48112	50.4303
31.69847	5.47641	50.6785
31.68907	5.46614	50.9240
31.67341	5.44881	51.1572
31.69090	5.42383	51.3965
31.70534	5.40467	51.6388
31.71651	5.39222	51.8872
31.71334	5.38477	52.1356
31.71393	5.37747	52.3780
31.71847	5.36967	52.6323
31.72105	5.36322	52.8716
31.72449	5.35748	53.1169
31.72907	5.35288	53.3624
31.73361	5.35038	53.6199
31.73518	5.34933	53.8502
31.73092	5.34878	54.0986
31.72665	5.34654	54.3469
31.72762	5.34179	54.5771
31.72849	5.33685	54.8256
31.72734	5.33205	55.0557
31.72635	5.32731	55.2980
31.72371	5.32232	55.5433
31.73486	5.31697	55.7949
31.73759	5.31573	56.0402
31.73861	5.31623	56.2794
31.73776	5.31707	56.5157
31.73565	5.31777	56.7612
31.73454	5.31757	57.0004
31.73615	5.31663	57.2580
31.73412	5.31548	57.5002
31.73373	5.31363	57.7456
31.72693	5.31054	57.9879
31.73184	5.30530	58.2393
31.73414	5.30090	58.4877
31.73409	5.29766	58.7482
31.73398	5.29447	59.0210
31.73187	5.28988	59.2541
31.73497	5.28434	59.5117
31.73776	5.27900	59.7449
31.73625	5.27437	59.9901
31.73761	5.26883	60.2295
31.74041	5.26340	60.4810
31.74195	5.25886	60.7233
31.73828	5.25517	60.9536
31.72843	5.24999	61.1928
31.70588	5.23957	61.4533
31.71059	5.22174	61.7017
31.70768	5.20341	61.9440
31.72064	5.18529	62.1833
31.74114	5.17211	62.4409
31.75746	5.16569	62.6924
31.75003	5.16469	62.9377
31.72365	5.15997	63.1920
31.67827	5.14237	63.4435
31.68017	5.10534	63.6889
31.69735	5.06607	63.9433
31.71831	5.03595	64.1888
31.73288	5.01449	64.4341
31.75035	5.00021	64.6855
31.76231	4.99283	64.9399
31.76380	4.99025	65.1793
31.76917	4.98847	65.4215
31.81237	4.99025	65.6668
31.80578	5.00452	65.9092
31.79431	5.01840	66.1577
31.81536	5.02891	66.3969
31.80599	5.04404	66.6484
31.79811	5.05674	66.8817
31.79228	5.06552	67.1240
31.78850	5.07113	67.3602
31.79988	5.07560	67.6088
31.80916	5.08314	67.8510
31.81282	5.09387	68.1084
31.79346	5.10495	68.3538
31.79631	5.10852	68.5932
31.81579	5.11145	68.8536
31.82741	5.12079	69.1384
31.82119	5.13387	69.4049
31.81069	5.14490	69.6533
31.79034	5.14948	69.8898
31.77552	5.14455	70.1471
31.77415	5.13227	70.3926
31.77424	5.11801	70.6378
31.78387	5.10365	70.8740
31.79180	5.09263	71.1285
31.80349	5.08538	71.3680
31.80201	5.07997	71.6163
31.82161	5.07361	71.8708
31.79270	5.06934	72.1160
31.78287	5.05550	72.3616
31.78336	5.03531	72.6099
31.79221	5.01473	72.8491
31.80331	4.99664	73.1128
31.81252	4.98218	73.3521
31.81994	4.97163	73.6126
31.81962	4.96420	73.8580
31.82198	4.95772	74.0974
31.82552	4.95182	74.3609
31.82464	4.94732	74.6122
31.82192	4.94306	74.8547
31.80665	4.93658	75.1030
31.81036	4.92347	75.3483
31.81774	4.90849	75.6151
31.82835	4.89603	75.8481
31.83572	4.88797	76.1028
31.83759	4.88332	76.3570
31.83975	4.87991	76.5903
31.84216	4.87720	76.8358
31.84305	4.87557	77.0720
31.84436	4.87428	77.3206
31.84140	4.87314	77.5537
31.83109	4.86983	77.7929
31.82299	4.86144	78.0324
31.82160	4.84953	78.2776
31.82786	4.83714	78.5261
31.83842	4.82717	78.7624
31.84803	4.82134	79.0197
31.84948	4.81991	79.2955
31.84678	4.81942	79.5803
31.84615	4.81789	79.8377
31.84580	4.81572	80.0680
31.85014	4.81370	80.3253
31.84542	4.81231	80.5919
31.83555	4.80921	80.8253
31.82422	4.80181	81.0797
31.81593	4.78933	81.3310
31.82301	4.77394	81.5854
31.83783	4.76108	81.8277
31.83210	4.75408	82.0795
31.83012	4.74684	82.3156
31.83451	4.73847	82.5671
31.84049	4.73211	82.8065
31.84307	4.72857	83.0486
31.84188	4.72556	83.2940
31.84216	4.72192	83.5424
31.84304	4.71852	83.7938
31.83434	4.71439	84.0393
31.83981	4.70562	84.2877
31.84638	4.69681	84.5361
31.85024	4.68928	84.7995
31.85526	4.68254	85.0479
31.85901	4.67748	85.2994
31.86001	4.67330	85.5508
31.85996	4.66926	85.8023
31.86200	4.66474	86.0386
31.86234	4.66066	86.2900
31.86297	4.65643	86.5412
31.86515	4.65191	86.7928
31.87031	4.64817	87.0443
31.87324	4.64581	87.2804
31.87340	4.64507	87.5259
31.87366	4.64439	87.7712
31.87056	4.64360	88.0074
31.86783	4.64109	88.2559
31.86974	4.63657	88.4952
31.87250	4.63195	88.7435
31.87567	4.62802	88.9891
31.87803	4.62522	89.2464
31.87995	4.62331	89.5161
31.88108	4.62213	89.8009
31.88209	4.62154	90.0493
31.88192	4.62100	90.3036
31.88242	4.61992	90.5460
31.88341	4.61884	90.7914
31.88380	4.61785	91.0488
31.88423	4.61692	91.2882
31.88444	4.61554	91.5426
31.88408	4.61402	91.8001
31.88522	4.61191	92.0274
31.88560	4.60980	92.2241
31.88661	4.60700	92.3604
31.88896	4.60415	92.4305
31.89176	4.60199	92.4154
31.89340	4.60125	92.3852
31.89451	4.60174	92.3369
31.89561	4.60287	92.1856
31.89867	4.60494	91.9950
31.89528	4.60862	91.8164
31.89088	4.61137	91.6472
31.89063	4.61260	91.4626
31.89013	4.61343	91.2809
31.89210	4.61441	91.1024
31.88934	4.61628	90.9089
31.88760	4.61717	90.7034
31.88848	4.61775	90.4856
31.88810	4.61864	90.2526
31.88723	4.61967	90.0013
31.88664	4.62080	89.7197
31.88630	4.62198	89.4052
31.88494	4.62326	89.0903
31.88381	4.62458	88.7909
31.88191	4.62561	88.4852
31.88107	4.62635	88.1706
31.88106	4.62719	87.8587
31.87992	4.62817	87.5378
31.88085	4.62920	87.2202
31.88213	4.63112	86.9026
31.87879	4.63416	86.5846
31.87837	4.63741	86.2608
31.87784	4.64026	85.9400
31.87661	4.64301	85.6344
31.87527	4.64581	85.3136
31.87466	4.64852	85.0018
31.87417	4.65161	84.6841
31.87299	4.65491	84.3845
31.87198	4.65840	84.0638
31.87173	4.66204	83.7551
31.87005	4.66622	83.4494
31.86807	4.67094	83.1435
31.87010	4.67625	82.8289
31.86836	4.68343	82.5111
31.86431	4.69125	82.2024
31.86059	4.69844	81.8876
31.85787	4.70488	81.5669
31.85729	4.71064	81.2521
31.85760	4.71665	80.9374
31.85626	4.72305	80.6197
31.86482	4.72965	80.2987
31.86872	4.73896	79.9810
31.87009	4.75024	79.6662
31.86710	4.76182	79.3333
31.86590	4.77256	78.9881
31.86109	4.78272	78.6855
31.85460	4.79061	78.3646
31.84953	4.79613	78.0500
31.85310	4.79983	77.7353
31.85570	4.80462	77.4327
31.86196	4.81118	77.1177
31.86107	4.82026	76.8060
31.85697	4.82954	76.5004
31.85856	4.83758	76.1884
31.85580	4.84613	75.8769
31.85195	4.85398	75.5560
31.84949	4.86030	75.2503
31.84555	4.86568	74.9355
31.84349	4.86954	74.6115
31.84568	4.87285	74.2969
31.84832	4.87774	73.9882
31.84900	4.88505	73.6613
31.84702	4.89301	73.3404
31.84940	4.90097	73.0256
31.84981	4.91046	72.7019
31.84778	4.92075	72.3871
31.84332	4.93050	72.0661
31.84506	4.93940	71.7606
31.85170	4.94930	71.4396
31.85774	4.96296	71.1248
31.85281	4.98025	70.8162
31.84317	4.99783	70.5045
31.83895	5.01335	70.1865
31.83369	5.02842	69.8748
31.82988	5.04270	69.5721
31.83010	5.05659	69.2451
31.83112	5.07148	68.9154
31.81975	5.08672	68.5914
31.81155	5.09894	68.2826
31.79846	5.10827	67.9679
31.79190	5.11364	67.6531
31.78165	5.11647	67.3413
31.76858	5.11538	67.0174
31.76595	5.11051	66.6994
31.76384	5.10480	66.3848
31.76398	5.09894	66.0640
31.75947	5.09332	65.7461
31.75289	5.08687	65.4283
31.73851	5.07788	65.1105
31.73898	5.06483	64.7895
31.73867	5.05178	64.4687
31.74036	5.04002	64.1569
31.73691	5.02946	63.8392
31.73998	5.01905	63.5243
31.74468	5.01022	63.2156
31.76965	5.00537	62.8978
31.79435	5.01116	62.5861
31.78996	5.02842	62.2712
31.79206	5.04776	61.9592
31.78797	5.06860	61.6475
31.79164	5.08945	61.3298
31.78982	5.11240	61.0088
31.78610	5.13551	60.6942
31.77547	5.15669	60.3731
31.77278	5.17445	60.0644
31.76719	5.19027	59.7466
31.76503	5.20396	59.4227
31.76030	5.21661	59.0927
31.75755	5.22761	58.7596
31.75225	5.23733	58.4449
31.74740	5.24525	58.1269
31.74693	5.25158	57.7940
31.74525	5.25741	57.4792
31.74373	5.26300	57.1613
31.73924	5.26848	56.8436
31.73654	5.27267	56.5226
31.73469	5.27581	56.2138
31.73329	5.27826	55.9020
31.73268	5.28075	55.5903
31.73277	5.28324	55.2783
31.73293	5.28574	54.9637
31.73248	5.28843	54.6546
31.73145	5.29107	54.3399
31.73192	5.29362	54.0220
31.73512	5.29636	53.7041
31.73635	5.30045	53.3832
31.73886	5.30540	53.0654
31.73670	5.31203	52.7416
31.73587	5.31852	52.4237
31.73366	5.32506	52.0997
31.73238	5.33150	51.7788
31.73150	5.33805	51.4640
31.73136	5.34454	51.1399
31.73967	5.35203	50.8221
31.74638	5.36387	50.4982
31.74418	5.37967	50.1895
31.74382	5.39647	49.8714
31.73188	5.41307	49.5566
31.72260	5.42628	49.2448
31.71935	5.43694	48.9359
31.71573	5.44866	48.6151
31.71550	5.46033	48.3033
31.71743	5.47265	47.9885
31.72015	5.48678	47.6734
31.71714	5.50352	47.3587
31.71485	5.52127	47.0409
31.71320	5.53908	46.7229
31.72007	5.55670	46.4020
31.72741	5.57749	46.0842
31.70778	5.60120	45.7541
31.67845	5.61939	45.4423
31.65901	5.62814	45.1183
31.64510	5.63005	44.8005
31.63960	5.62759	44.4796
31.63692	5.62316	44.1554
31.63513	5.61874	43.8407
31.63415	5.61442	43.5257
31.63463	5.61090	43.2110
31.63284	5.60899	42.8901
31.62933	5.60728	42.5841
31.62758	5.60577	42.2603
31.62640	5.60512	41.9425
31.62418	5.60587	41.6396
31.61926	5.60663	41.3216
31.61781	5.60693	41.0039
31.61914	5.60818	40.6889
31.62291	5.61170	40.3710
31.62564	5.61773	40.0531
31.64109	5.62703	39.7351
31.66730	5.64464	39.4172
31.70712	5.67538	39.0963
31.71486	5.72121	38.7602
31.68605	5.76977	38.4422
31.63710	5.80737	38.1153
31.62784	5.82752	37.7974
31.62712	5.84334	37.4825
31.63430	5.86002	37.1585
31.62830	5.87964	36.8346
31.62038	5.89800	36.5198
31.61295	5.91319	36.2018
31.60781	5.92534	35.8869
31.59908	5.93552	35.5629
31.57828	5.94230	35.2511
31.55802	5.94175	34.9422
31.56273	5.93597	34.6272
31.60852	5.93460	34.3155
31.65312	5.95679	33.9974
31.66654	6.00465	33.6767
31.65363	6.06115	33.3586
31.62580	6.11356	33.0407
31.61227	6.15539	32.7197
31.61548	6.19186	32.4017
31.62512	6.23101	32.0777
31.60303	6.27750	31.7599
31.61598	6.32399	31.4449
31.60442	6.38118	31.1210
31.56217	6.43875	30.8029
31.53036	6.47983	30.4790
31.51652	6.50790	30.1642
31.49860	6.53076	29.8309
31.48939	6.54704	29.5190
31.49017	6.56041	29.2013
31.49377	6.57470	28.8832
31.49898	6.59116	28.5682
31.49602	6.60948	28.2443
31.49705	6.62678	27.9231
31.49801	6.64542	27.6084
31.50303	6.66644	27.2843
31.50166	6.69124	26.9664
31.49080	6.71874	26.6484
31.47945	6.74501	26.3335
31.46390	6.76722	26.0156
31.45696	6.78412	25.6945
31.44969	6.79968	25.3827
31.43791	6.81374	25.0556
31.43004	6.82471	24.7376
31.42995	6.83475	24.4167
31.42792	6.84727	24.0956
31.42338	6.86395	23.7747
31.41524	6.88389	23.4599
31.40767	6.90389	23.1357
31.39833	6.92235	22.8238
31.39751	6.93718	22.5027
31.40185	6.95259	22.1848
31.40587	6.97087	21.8640
31.41064	6.99195	21.5489
31.41508	7.01887	21.2281
31.40379	7.05355	20.9160
31.38894	7.08936	20.5980
31.38736	7.12364	20.2740
31.38718	7.16306	19.9621
31.37392	7.21087	19.6442
31.35835	7.25857	19.3171
31.35431	7.30346	18.9959
31.34490	7.35206	18.6812
31.32350	7.39999	18.3570
31.29589	7.44319	18.0391
31.25696	7.47956	17.6967
31.20353	7.50795	17.3788
31.18671	7.52758	17.0579
31.16229	7.54095	16.7459
31.12579	7.55248	16.4310
31.06348	7.55759	16.1129
30.95750	7.54590	15.8010
30.93192	7.51463	15.4890
30.93363	7.48755	15.1741
30.92019	7.47640	14.8682
30.90027	7.47440	14.5655
30.88236	7.47472	14.2596
30.87103	7.47645	13.9596
30.87235	7.48208	13.6630
30.87136	7.49575	13.3631
30.87906	7.52248	13.0632
30.88508	7.57118	12.7603
30.85671	7.64517	12.4698
30.80395	7.72654	12.1789
30.75611	7.79563	11.8945
30.72711	7.85156	11.6187
30.72107	7.90417	11.3250
30.69115	7.96691	11.0219
30.59812	8.05965	10.7313
30.44474	8.18085	10.4374
30.27250	8.32103	10.1498
30.10908	8.45724	9.8592
29.94248	8.57279	9.5653
29.55501	8.69393	9.2805
28.86366	8.87779	8.9868
27.51073	9.14920	8.6961
25.77878	9.57646	8.4022
24.55604	10.10052	8.1116
23.61483	10.56149	7.8299
22.63484	10.91741	7.5422
21.82312	11.19758	7.2755
21.33409	11.41965	7.0212
21.14059	11.58549	6.7759
20.97530	11.69500	6.5366
20.78994	11.76876	6.2853
20.72601	11.83142	6.0399
20.61199	11.87233	5.7977
20.53438	11.90050	5.5645
20.46560	11.92042	5.3162
20.38320	11.93670	5.0829
20.29504	11.95583	4.8408
20.23802	11.97761	4.5924
20.15278	11.99693	4.3561
20.00532	12.01532	4.1139
19.90978	12.03744	3.8777
19.91807	12.05649	3.6323
19.81587	12.06650	3.3930
19.67291	12.07680	3.1537
19.62113	12.09132	2.9144
19.58247	12.10352	2.6814
19.50268	12.11235	2.4330
19.36154	12.12190	2.1999
19.25459	12.13809	1.9544
19.12310	12.16064	1.7182
18.95177	12.18511	1.4759
18.81247	12.21000	1.2427
18.56863	12.22832	1.0034
18.38519	12.24164	0.7761
18.14327	12.25622	0.5491
17.74989	12.27473	0.3007
17.03777	12.30434	0.1038
16.70640	12.35634	0.0010
13.95218	12.39856	0.0073
16.77170	12.41374	0.0072
17.36587	12.39479	0.0042
17.79924	12.34065	0.0044
18.15547	12.27783	0.0013
18.28367	12.21684	0.0075
18.52485	12.16634	0.0076
18.63611	12.12066	0.0046
18.79322	12.06016	0.0049
18.36805	12.00485	0.0019
4.46651	11.94231	0.0051
3.72347	11.87610	0.0051
3.27160	11.83995	0.0082
2.87950	11.82201	-0.0007
2.56031	11.80572	-0.0037
2.28777	11.78797	0.0084
2.09710	11.76970	-0.0006
1.94079	11.75167	0.0057
1.78084	11.73541	0.0057
1.62135	11.72016	0.0058
1.45200	11.70368	0.0060
1.43232	11.68984	-0.0001
1.48076	11.67807	-0.0061
1.52626	11.66313	-0.0029
1.76727	11.64656	-0.0120
1.71707	11.63011	-0.0089
1.51777	11.61402	-0.0057
1.34793	11.59788	-0.0119
1.27756	11.58175	-0.0117
1.24699	11.56563	-0.0115
1.23066	11.54922	-0.0084
1.15063	11.53223	-0.0084
1.11035	11.51537	-0.0083
1.08602	11.49828	-0.0052
1.15996	11.48167	-0.0052
1.08840	11.46488	-0.0172
1.00221	11.44759	-0.0111
0.99962	11.43030	-0.0110
1.00790	11.41162	-0.0079
0.97305	11.39173	-0.0108
0.93225	11.37098	-0.0108
0.94165	11.35070	-0.0107
1.10280	11.34379	-0.0044
1.13345	11.34937	-0.0105
1.08961	11.35268	-0.0075
1.09737	11.35425	-0.0072
1.04692	11.35442	-0.0042
1.00115	11.35454	-0.0102
0.95577	11.35518	-0.0102
1.03149	11.35657	-0.0161
1.03922	11.35837	-0.0071
1.05774	11.36209	-0.0069
1.10660	11.36755	-0.0008
1.15356	11.37110	-0.0097
1.23623	11.36842	-0.0097
1.25720	11.36116	-0.0036
