Salinity, Practical [PSU]	Temperature [ITS-90, deg C]	Depth [salt water, m]
0.03029	15.12079	0.0456
0.03031	15.12066	0.0455
0.03028	15.12066	0.0455
0.03026	15.12040	0.0455
0.03023	15.12047	0.0485
0.03021	15.12034	0.0486
0.03023	15.12027	0.0545
0.03018	15.12021	0.0424
0.03018	15.12021	0.0425
0.03018	15.12027	0.0454
0.03018	15.12021	0.0455
0.03013	15.11989	0.0454
0.03013	15.11963	0.0485
0.03009	15.11963	0.0455
0.03013	15.11950	0.0484
0.03013	15.11950	0.0424
0.03008	15.11950	0.0453
0.03004	15.11963	0.0454
0.03004	15.11950	0.0454
0.03004	15.11931	0.0515
0.03004	15.11950	0.0484
0.02999	15.11931	0.0485
0.03001	15.11924	0.0454
0.02994	15.11898	0.0484
0.02994	15.11898	0.0515
0.02996	15.11886	0.0454
0.02994	15.11879	0.0514
0.02991	15.11873	0.0453
0.02989	15.11879	0.0515
0.02989	15.11879	0.0484
0.02987	15.11873	0.0423
0.02989	15.11879	0.0454
0.02982	15.11886	0.0393
0.02979	15.11815	0.0454
0.02982	15.11782	0.0453
0.02979	15.11744	0.0423
0.02979	15.11744	0.0424
0.02979	15.11737	0.0454
0.02974	15.11699	0.0454
0.02974	15.11641	0.0514
0.02974	15.11615	0.0484
0.02974	15.11621	0.0484
0.02971	15.11628	0.0419
0.02964	15.11641	0.0454
0.02971	15.11653	0.0514
0.02964	15.11641	0.0513
0.02971	15.11628	0.0393
0.02964	15.11628	0.0484
0.02964	15.11621	0.0484
0.02960	15.11615	0.0423
0.02960	15.11634	0.0484
0.02960	15.11634	0.0484
0.02960	15.11634	0.0515
0.02955	15.11628	0.0484
0.02960	15.11621	0.0484
0.02960	15.11621	0.0485
0.02957	15.11615	0.0454
0.02955	15.11634	0.0484
0.02950	15.11583	0.0454
0.02949	15.11563	0.0453
0.02950	15.11544	0.0423
0.02949	15.11537	0.0454
0.02945	15.11531	0.0423
0.02949	15.11531	0.0484
0.02945	15.11512	0.0485
0.02940	15.11537	0.0484
0.02944	15.11537	0.0515
0.02940	15.11518	0.0454
0.02944	15.11525	0.0454
0.02940	15.11525	0.0484
0.02940	15.11537	0.0424
0.02935	15.11518	0.0484
0.02935	15.11525	0.0423
0.02935	15.11518	0.0453
0.02935	15.11499	0.0424
0.02935	15.11492	0.0453
0.02930	15.11492	0.0454
0.02930	15.11467	0.0484
0.02930	15.11467	0.0484
0.02925	15.11454	0.0484
0.02930	15.11460	0.0424
0.02930	15.11441	0.0484
0.02930	15.11421	0.0515
0.02927	15.11454	0.0423
0.02925	15.11467	0.0454
0.02922	15.11447	0.0484
0.02920	15.11441	0.0515
0.02920	15.11454	0.0423
0.02922	15.11441	0.0424
0.02920	15.11428	0.0484
0.02918	15.11389	0.0423
0.02912	15.11409	0.0484
0.02913	15.11396	0.0424
0.02915	15.11376	0.0454
0.02915	15.11376	0.0485
0.02913	15.11421	0.0515
0.02915	15.11409	0.0515
0.02910	15.11396	0.0515
0.02915	15.11383	0.0455
0.02912	15.11376	0.0485
0.02910	15.11376	0.0484
0.02912	15.11389	0.0454
0.02910	15.11376	0.0484
0.02912	15.11376	0.0454
0.02910	15.11396	0.0485
0.02912	15.11402	0.0454
0.02907	15.11441	0.0484
0.02900	15.11512	0.0454
0.02892	15.11557	0.0424
0.02888	15.11576	0.0485
0.02887	15.11608	0.0424
0.02925	15.11647	0.0454
0.02971	15.11699	0.0484
0.02994	15.11763	0.0425
0.03004	15.11853	0.0485
0.03004	15.11847	0.0485
0.03013	15.11531	0.0545
0.03026	15.11260	0.0485
0.03028	15.11118	0.0454
0.03031	15.11086	0.0515
0.03038	15.11106	0.0484
0.03048	15.11176	0.0455
0.03057	15.11170	0.0454
0.03067	15.11209	0.0455
0.03087	15.11228	0.0454
0.03131	15.11254	0.0455
0.03170	15.11299	0.0425
0.03209	15.11363	0.0485
0.03243	15.11441	0.0515
0.03270	15.11512	0.0515
0.03307	15.11544	0.0484
0.03339	15.11602	0.0485
0.03372	15.11602	0.0484
0.03387	15.11673	0.0486
0.03474	15.11744	0.0424
0.03494	15.11789	0.0454
0.03511	15.11834	0.0486
0.03533	15.11873	0.0486
0.03573	15.11886	0.0455
0.03622	15.11924	0.0454
0.03706	15.11956	0.0515
0.03811	15.11911	0.0515
0.03881	15.11950	0.0425
0.03938	15.11995	0.0515
0.03976	15.11956	0.0485
0.04036	15.11918	0.0455
0.04126	15.11879	0.0454
0.04210	15.11860	0.0455
0.04299	15.11750	0.0546
0.04446	15.11628	0.0486
0.04563	15.11576	0.0454
0.04632	15.11634	0.0486
0.04674	15.11673	0.0486
0.04749	15.11757	0.0516
0.04860	15.11860	0.0486
0.04890	15.11956	0.0515
0.04906	15.11982	0.0456
0.04887	15.11950	0.0516
0.04850	15.11976	0.0484
0.00000	15.11976	0.0758
18.52716	14.93657	0.1697
27.62094	14.15939	0.3212
28.69971	13.52736	0.4908
29.27126	13.09994	0.6181
29.58194	12.80264	0.7240
29.78570	12.62119	0.7906
29.96603	12.51825	0.8482
30.07362	12.46087	0.8936
30.06594	12.43173	0.9301
29.98594	12.42139	0.9391
30.04046	12.41912	0.9452
30.16107	12.41995	0.9483
30.19925	12.41123	0.9543
30.24398	12.39623	0.9603
30.28472	12.38625	0.9573
30.26949	12.38757	0.9512
30.30833	12.39001	0.9330
30.31407	12.39288	0.9239
30.29225	12.40226	0.9300
30.28735	12.41906	0.9482
30.29570	12.43388	0.9664
30.31383	12.44417	0.9845
30.33000	12.45135	0.9845
30.35391	12.45937	0.9694
30.30863	12.46434	0.9391
30.29998	12.45674	0.9270
30.29211	12.44543	0.9270
30.27906	12.44357	0.9511
30.28669	12.45075	0.9754
30.28463	12.46039	0.9755
30.26932	12.47218	0.9633
30.30903	12.47320	0.9421
30.32689	12.46679	0.9240
30.29659	12.45524	0.9241
30.30011	12.44280	0.9421
30.30752	12.43855	0.9664
30.31705	12.44094	0.9756
30.30176	12.44758	0.9845
30.29920	12.44848	0.9633
30.36263	12.44244	0.9391
30.33952	12.43777	0.9270
30.31785	12.42767	0.9240
30.31591	12.41553	0.9391
30.32430	12.41547	0.9542
30.33664	12.42276	0.9634
30.33093	12.43448	0.9604
30.34987	12.43717	0.9512
30.37693	12.43400	0.9543
30.35631	12.43072	0.9664
30.35543	12.42222	0.9755
30.36938	12.41493	0.9664
30.34129	12.41511	0.9604
30.34263	12.42426	0.9391
30.32623	12.43036	0.9361
30.34642	12.43066	0.9392
30.35400	12.42970	0.9604
30.37101	12.43365	0.9696
30.39205	12.44872	0.9725
30.40091	12.46230	0.9664
30.39908	12.46344	0.9483
30.37697	12.46003	0.9331
30.35219	12.45363	0.9271
30.34096	12.44663	0.9332
30.34803	12.44477	0.9483
30.36879	12.45327	0.9664
30.37762	12.46703	0.9785
30.38391	12.46913	0.9755
30.40075	12.46524	0.9635
30.41667	12.46242	0.9422
30.40766	12.46164	0.9301
30.37555	12.45746	0.9331
30.36266	12.45243	0.9362
30.38181	12.45213	0.9543
30.39949	12.46595	0.9695
30.39727	12.47667	0.9847
30.40082	12.47547	0.9877
30.40767	12.47703	0.9726
30.39253	12.50033	0.9362
30.38305	12.53054	0.9240
30.36196	12.53857	0.9242
30.32308	12.53144	0.9544
30.31523	12.52352	0.9847
30.33762	12.52874	0.9937
30.34129	12.54115	0.9816
30.33791	12.54223	0.9575
30.33856	12.55147	0.9422
30.33836	12.56131	0.9272
30.31834	12.57506	0.9361
30.30344	12.58610	0.9575
30.30900	12.58550	0.9696
30.32869	12.58256	0.9726
30.31483	12.58671	0.9727
30.31166	12.59133	0.9574
30.30173	12.61296	0.9453
30.28977	12.63713	0.9303
30.27834	12.65981	0.9423
30.27378	12.67515	0.9484
30.27411	12.68220	0.9666
30.28274	12.68286	0.9817
30.27476	12.68587	0.9847
30.25762	12.69376	0.9696
30.25082	12.70141	0.9606
30.23042	12.72618	0.9544
30.20643	12.75646	0.9575
30.19127	12.78084	0.9515
30.18407	12.79992	0.9515
30.18204	12.81146	0.9546
30.18369	12.81587	0.9606
30.18738	12.81781	0.9696
30.18648	12.82047	0.9667
30.16434	12.82814	0.9516
30.15458	12.84139	0.9273
30.15372	12.85766	0.9091
30.13884	12.86976	0.9364
30.12701	12.85832	0.9667
30.16263	12.81364	0.9909
30.19876	12.77625	0.9910
30.20783	12.75356	0.9727
30.21696	12.74330	0.9396
30.21472	12.74536	0.9213
30.21497	12.73733	0.9395
30.21831	12.71569	0.9637
30.22488	12.68370	0.9880
30.25835	12.64615	0.9911
30.30618	12.62209	0.9850
30.31792	12.61110	0.9546
30.32081	12.60082	0.9274
30.28176	12.60509	0.9184
30.24245	12.59127	0.9366
30.24766	12.56443	0.9728
30.27964	12.53797	0.9912
30.33496	12.52436	0.9911
30.35397	12.51699	0.9729
30.36671	12.50692	0.9366
30.35077	12.51285	0.9154
30.32189	12.51483	0.9214
30.30240	12.51063	0.9427
30.30462	12.50284	0.9639
30.31670	12.49272	0.9790
30.33205	12.48493	0.9851
30.36299	12.48194	0.9881
30.38240	12.48595	0.9730
30.38615	12.48823	0.9670
30.39139	12.48517	0.9579
30.39196	12.48104	0.9610
30.40414	12.47829	0.9579
30.41252	12.47757	0.9550
30.38790	12.47817	0.9579
30.36018	12.47547	0.9640
30.36291	12.46745	0.9792
30.39332	12.46440	0.9792
30.40544	12.47014	0.9702
30.41078	12.46925	0.9429
30.40944	12.46559	0.9337
30.37969	12.46320	0.9308
30.35989	12.45662	0.9490
30.35488	12.43652	0.9581
30.38222	12.38948	0.9702
30.43645	12.33826	0.9732
30.48319	12.33206	0.9552
30.49251	12.33940	0.9491
30.49343	12.32061	0.9400
30.45186	12.29516	0.9551
30.44140	12.23718	0.9764
30.45685	12.19830	0.9854
30.48376	12.22279	0.9794
30.49889	12.26294	0.9703
30.48522	12.28551	0.9612
30.42477	12.29826	0.9522
30.38345	12.30601	0.9613
30.36891	12.32502	0.9675
30.36731	12.34387	0.9674
30.35196	12.36064	0.9674
30.33770	12.37897	0.9613
30.33534	12.39838	0.9523
30.36824	12.41170	0.9522
30.36756	12.42175	0.9462
30.36016	12.43083	0.9341
30.34327	12.43532	0.9463
30.33311	12.43831	0.9584
30.33376	12.44100	0.9675
30.33681	12.44316	0.9766
30.35085	12.44477	0.9675
30.36221	12.44758	0.9615
30.36452	12.45165	0.9494
30.36026	12.45494	0.9555
30.34672	12.46099	0.9555
30.32541	12.46512	0.9707
30.33043	12.46314	0.9797
30.34688	12.45979	0.9827
30.35883	12.46559	0.9828
30.36555	12.46996	0.9677
30.37050	12.46727	0.9405
30.36604	12.46679	0.9284
30.34421	12.46913	0.9405
30.32374	12.46530	0.9495
30.31895	12.45045	0.9678
30.33817	12.42976	0.9708
30.37895	12.41965	0.9738
30.39352	12.42079	0.9557
30.40186	12.41505	0.9406
30.36774	12.42312	0.9406
30.34235	12.42779	0.9467
30.33954	12.41888	0.9649
30.35753	12.40352	0.9769
30.38450	12.40041	0.9710
30.39757	12.40674	0.9649
30.39895	12.40405	0.9498
30.37357	12.39593	0.9468
30.35268	12.38452	0.9590
30.34881	12.36810	0.9741
30.37614	12.35825	0.9861
30.40943	12.36392	0.9832
30.41718	12.36696	0.9651
30.41024	12.36529	0.9469
30.38812	12.37294	0.9408
30.36386	12.37723	0.9439
30.34854	12.37437	0.9560
30.34191	12.36577	0.9682
30.35473	12.35676	0.9682
30.40025	12.34572	0.9682
30.42531	12.34160	0.9560
30.44070	12.33456	0.9381
30.40835	12.33916	0.9319
30.37188	12.34781	0.9319
30.35338	12.33731	0.9531
30.37552	12.29361	0.9743
30.43989	12.26467	0.9866
30.48357	12.25729	0.9714
30.50588	12.24247	0.9562
30.47808	12.24426	0.9442
30.43359	12.25598	0.9382
30.41367	12.25259	0.9503
30.43395	12.22647	0.9654
30.45539	12.19562	0.9746
30.47436	12.16610	0.9746
30.52845	12.14023	0.9776
30.55867	12.13762	0.9624
30.56633	12.14770	0.9534
30.52339	12.16789	0.9382
30.47423	12.18879	0.9445
30.45443	12.19212	0.9535
30.49247	12.17709	0.9596
30.52450	12.17258	0.9536
30.53339	12.16895	0.9566
30.53793	12.16112	0.9536
30.55641	12.15340	0.9536
30.56864	12.15026	0.9383
30.56460	12.14990	0.9384
30.52656	12.15370	0.9416
30.47947	12.15121	0.9537
30.47908	12.12825	0.9749
30.54002	12.10660	0.9840
30.58980	12.10340	0.9871
30.62910	12.09392	0.9719
30.59835	12.12997	0.9508
30.48980	12.19681	0.9447
30.41386	12.23474	0.9477
30.39446	12.23724	0.9599
30.41902	12.21464	0.9720
30.48581	12.19063	0.9721
30.52314	12.18190	0.9570
30.55158	12.17780	0.9419
30.50084	12.21654	0.9145
30.40097	12.27015	0.9206
30.34905	12.29486	0.9449
30.35020	12.27771	0.9631
30.42112	12.23498	0.9752
30.47577	12.21214	0.9662
30.51112	12.19443	0.9602
30.52625	12.19574	0.9419
30.48058	12.22421	0.9329
30.40153	12.26140	0.9481
30.36161	12.27813	0.9541
30.36735	12.27491	0.9663
30.42790	12.24765	0.9694
30.46726	12.22760	0.9724
30.50052	12.21268	0.9572
30.50198	12.22279	0.9421
30.45314	12.25794	0.9301
30.38929	12.28879	0.9422
30.36169	12.29254	0.9574
30.37252	12.27848	0.9635
30.41582	12.26943	0.9696
30.44533	12.26223	0.9636
30.47074	12.25086	0.9363
30.45143	12.26848	0.9151
30.38937	12.29790	0.9092
30.33858	12.31465	0.9364
30.31833	12.30744	0.9576
30.36355	12.25544	0.9667
30.44361	12.20882	0.9727
30.48589	12.18273	0.9607
30.52164	12.15928	0.9456
30.49940	12.16670	0.9335
30.44693	12.17881	0.9425
30.40590	12.17608	0.9578
30.40685	12.15281	0.9850
30.46951	12.12202	0.9881
30.52362	12.10874	0.9760
30.56140	12.09386	0.9457
30.55979	12.10228	0.9246
30.49897	12.13056	0.9186
30.43541	12.15589	0.9247
30.39322	12.15874	0.9519
30.38905	12.13655	0.9640
30.44024	12.09843	0.9701
30.51270	12.07834	0.9641
30.55044	12.06413	0.9430
30.58481	12.05377	0.9247
30.55538	12.07029	0.9157
30.48254	12.09523	0.9249
30.41507	12.11259	0.9521
30.38183	12.10465	0.9825
30.43680	12.05934	0.9976
30.54641	12.02218	0.9915
30.61975	11.99593	0.9703
30.62714	12.00403	0.9341
30.53719	12.06762	0.9220
30.42841	12.12558	0.9251
30.36685	12.14521	0.9433
30.35507	12.11656	0.9704
30.42433	12.06342	0.9827
30.52818	12.03182	0.9737
30.59181	12.00822	0.9494
30.58716	12.00816	0.9251
30.50146	12.03939	0.9222
30.43341	12.06413	0.9343
30.39609	12.06117	0.9555
30.40534	12.03182	0.9768
30.47985	12.00415	0.9768
30.54550	11.99469	0.9647
30.58428	11.98482	0.9344
30.56289	11.99020	0.9254
30.49894	12.00172	0.9284
30.44464	12.01077	0.9497
30.42861	12.00326	0.9678
30.47224	11.98642	0.9800
30.54087	11.98134	0.9709
30.56882	11.97643	0.9528
30.54746	11.98163	0.9346
30.49161	11.99280	0.9499
30.45652	11.99871	0.9559
30.45869	11.99315	0.9680
30.49742	11.98795	0.9680
30.52669	11.98913	0.9591
30.52729	11.98665	0.9560
30.49755	11.98098	0.9500
30.48085	11.97513	0.9531
30.47750	11.96740	0.9652
30.48455	11.95878	0.9713
30.45019	11.95329	1.0107
30.40799	11.94839	1.0834
30.39359	11.94650	1.1985
30.38158	11.94827	1.3258
30.35782	11.93175	1.4652
30.37548	11.89065	1.5985
30.40461	11.87386	1.7258
30.38648	11.85443	1.8560
30.36131	11.81454	2.0257
30.38844	11.77933	2.2015
30.37524	11.75502	2.4166
30.41974	11.73858	2.6316
30.35811	11.72333	2.8618
30.35206	11.68152	3.0678
30.31738	11.60373	3.2829
30.23109	11.48598	3.5041
30.18748	11.27319	3.7342
30.30181	11.03874	3.9616
30.43156	10.86074	4.1978
30.49011	10.73306	4.4220
30.53079	10.62120	4.6432
30.60678	10.53176	4.8583
30.65648	10.47992	5.0916
30.66365	10.45365	5.3096
30.65701	10.42616	5.5429
30.66431	10.39659	5.7701
30.62915	10.36744	6.0004
30.57366	10.29581	6.2276
30.60372	10.19903	6.4669
30.65161	10.11715	6.6971
30.69155	10.05716	6.9334
30.72104	10.01268	7.1667
30.74299	9.97901	7.4060
30.76253	9.95902	7.6423
30.76685	9.94693	7.8665
30.76887	9.93753	8.0997
30.77236	9.93031	8.3269
30.77161	9.92326	8.5663
30.77632	9.91672	8.7874
30.77406	9.90867	9.0176
30.75715	9.89375	9.2388
30.75634	9.86565	9.4660
30.77927	9.83416	9.6872
30.80049	9.80733	9.9083
30.81425	9.78654	10.1385
30.82541	9.77144	10.3657
30.83560	9.75980	10.5990
30.84911	9.74916	10.8262
30.85636	9.73992	11.0625
30.86469	9.73241	11.2957
30.88542	9.72434	11.5230
30.90189	9.71494	11.7440
30.91549	9.70515	11.9653
30.92928	9.69514	12.1862
30.94259	9.68758	12.4044
30.95421	9.68280	12.6377
30.96740	9.68002	12.8770
30.99472	9.67769	13.1164
31.01956	9.68019	13.3497
31.03040	9.68636	13.5829
31.02803	9.68891	13.8192
31.02586	9.68630	14.0585
31.00757	9.67485	14.2826
30.99003	9.64291	14.5220
31.00690	9.59691	14.7492
31.04344	9.54720	14.9702
31.06526	9.49363	15.2036
31.07940	9.43731	15.4277
31.08368	9.36988	15.6671
31.10798	9.29805	15.9064
31.14541	9.23185	16.1337
31.18390	9.17349	16.3608
31.21324	9.12733	16.5941
31.23192	9.09152	16.8303
31.25011	9.06634	17.0757
31.25809	9.04851	17.2999
31.26372	9.03632	17.5482
31.26581	9.02616	17.7845
31.26560	9.01763	18.0451
31.26915	9.01124	18.2996
31.28085	9.00616	18.5176
31.27356	8.99922	18.7601
31.27254	8.99223	18.9842
31.26639	8.98132	19.2295
31.26883	8.96467	19.4476
31.27997	8.94907	19.6809
31.28664	8.93832	19.9201
31.28515	8.92933	20.1534
31.28359	8.91766	20.3927
31.28802	8.90426	20.6351
31.29477	8.89157	20.8744
31.30181	8.87975	21.1198
31.30674	8.87099	21.3621
31.30651	8.86429	21.5984
31.30716	8.85852	21.8498
31.30539	8.85401	22.0952
31.30002	8.84786	22.3345
31.29551	8.83551	22.5920
31.30364	8.81822	22.8252
31.31150	8.80110	23.0585
31.31755	8.78529	23.2947
31.32197	8.77036	23.5340
31.32881	8.75842	23.7763
31.33095	8.75001	24.0127
31.33119	8.74002	24.2520
31.33592	8.72966	24.4852
31.33940	8.72033	24.7276
31.34053	8.71187	24.9699
31.34014	8.70120	25.2153
31.34018	8.68743	25.4576
31.34352	8.67151	25.7029
31.34802	8.65575	25.9543
31.34604	8.63832	26.1938
31.34379	8.61333	26.4391
31.35808	8.58284	26.6814
31.37522	8.55443	26.9268
31.38778	8.53148	27.1752
31.39661	8.51357	27.4206
31.40396	8.49620	27.6569
31.41253	8.47971	27.8991
31.42023	8.46634	28.1384
31.42754	8.45476	28.3868
31.43116	8.44383	28.6353
31.43898	8.43457	28.8684
31.44125	8.42590	29.1077
31.44592	8.41848	29.3440
31.44659	8.41293	29.5864
31.45020	8.40766	29.8105
31.45018	8.40341	30.0467
31.45088	8.39991	30.2831
31.44232	8.39701	30.5193
31.41395	8.39427	30.7556
31.40360	8.38668	31.0040
31.40925	8.37421	31.2554
31.41542	8.36384	31.4977
31.41819	8.35556	31.7492
31.42162	8.34804	31.9853
31.42637	8.34187	32.2338
31.42929	8.33735	32.4792
31.43117	8.33402	32.7155
31.43242	8.33102	32.9609
31.43430	8.32790	33.2152
31.43653	8.32506	33.4516
31.43719	8.32264	33.6938
31.43721	8.32028	33.9332
31.43758	8.31604	34.1723
31.44145	8.31078	34.3967
31.44678	8.30552	34.6299
31.44991	8.30080	34.8569
31.45162	8.29720	35.0963
31.45294	8.29340	35.3326
31.45119	8.28975	35.5688
31.45318	8.28540	35.8053
31.45422	8.28004	36.0476
31.45764	8.27425	36.2869
31.46042	8.26953	36.5322
31.46320	8.26594	36.7715
31.46460	8.26337	37.0168
31.46425	8.26149	37.2622
31.46292	8.25581	37.5044
31.47146	8.24504	37.7499
31.48156	8.23513	37.9951
31.48827	8.22715	38.2345
31.48977	8.22083	38.4830
31.49263	8.21419	38.7222
31.49460	8.20733	38.9888
31.49511	8.20032	39.2948
31.50084	8.19160	39.5219
31.50587	8.18374	39.7521
31.50985	8.17828	40.0066
31.51292	8.17475	40.2459
31.51421	8.17245	40.4853
31.51522	8.17084	40.7123
31.51559	8.16994	40.9548
31.51571	8.16887	41.2061
31.51625	8.16748	41.4423
31.51573	8.16571	41.6907
31.51532	8.16384	41.9210
31.51440	8.16133	42.1753
31.51371	8.15790	42.4177
31.51320	8.15251	42.6541
31.51763	8.14508	42.8994
31.52182	8.13808	43.1388
31.52557	8.13230	43.3749
31.52773	8.12792	43.6293
31.52866	8.12418	43.8687
31.52975	8.11996	44.1080
31.53348	8.11591	44.3625
31.53354	8.11313	44.6108
31.52870	8.11024	44.8501
31.53120	8.10432	45.0924
31.53495	8.09780	45.3349
31.53584	8.09225	45.5772
31.53859	8.08574	45.8255
31.54152	8.07896	46.0616
31.54460	8.07320	46.3071
31.54739	8.06776	46.5464
31.55070	8.06360	46.7858
31.55259	8.06056	47.0311
31.55504	8.05816	47.2855
31.55556	8.05672	47.5370
31.55622	8.05549	47.7823
31.55649	8.05469	48.0307
31.55520	8.05379	48.2731
31.55283	8.05112	48.5124
31.55026	8.04600	48.7667
31.55415	8.03742	49.0242
31.56034	8.02820	49.2817
31.56620	8.02047	49.5149
31.56942	8.01419	49.7602
31.57310	8.00844	49.9996
31.57715	8.00316	50.2420
31.58031	7.99954	50.4813
31.58027	7.99725	50.7176
31.58237	7.99368	50.9628
31.58454	7.98969	51.1991
31.58736	7.98607	51.4505
31.58846	7.98384	51.7021
31.58839	7.98165	51.9351
31.59006	7.97931	52.1837
31.59140	7.97734	52.4228
31.59215	7.97601	52.6712
31.58995	7.97463	52.9195
31.59039	7.97143	53.1649
31.59259	7.96718	53.4105
31.59399	7.96313	53.6558
31.59567	7.95930	53.9042
31.59566	7.95542	54.1464
31.59630	7.95053	54.3979
31.59899	7.94484	54.6371
31.59901	7.93952	54.8825
31.59729	7.93309	55.1401
31.60168	7.92368	55.3823
31.60831	7.91363	55.6307
31.61159	7.90545	55.8700
31.61025	7.89785	56.1273
31.60364	7.88686	56.3698
31.60930	7.86844	56.6151
31.61443	7.84838	56.8544
31.61244	7.82748	57.0907
31.59323	7.80008	57.3360
31.60922	7.75607	57.5723
31.64053	7.71073	57.8208
31.66291	7.67712	58.0599
31.67607	7.65293	58.3052
31.68567	7.63451	58.5507
31.68001	7.61905	58.7961
31.68831	7.59965	59.0353
31.68818	7.58046	59.3080
31.69440	7.55949	59.5746
31.68741	7.53611	59.8168
31.68900	7.50406	60.0652
31.71479	7.46426	60.3228
31.72251	7.43033	60.5590
31.74308	7.39815	60.8011
31.75398	7.37219	61.0557
31.74447	7.35091	61.2919
31.74214	7.32613	61.5402
31.75244	7.29901	61.7796
31.76250	7.27510	62.0310
31.77256	7.25497	62.2612
31.78104	7.23929	62.5036
31.78917	7.22737	62.7460
31.78646	7.21849	62.9851
31.78471	7.20857	63.2304
31.78603	7.19640	63.4730
31.79200	7.18398	63.7182
31.79655	7.17338	63.9574
31.79692	7.16410	64.2059
31.79584	7.15455	64.4481
31.79266	7.14360	64.6904
31.79803	7.13036	64.9328
31.79683	7.11770	65.1842
31.80232	7.10462	65.4265
31.80920	7.09269	65.6719
31.81618	7.08390	65.9173
31.82034	7.07817	66.1594
31.82179	7.07463	66.3988
31.82007	7.07166	66.6472
31.82187	7.06812	66.8924
31.82236	7.06490	67.1318
31.81821	7.06198	67.3740
31.81035	7.05647	67.6134
31.80384	7.04596	67.8496
31.79963	7.03067	68.1010
31.80508	7.01154	68.3433
31.81401	6.99372	68.5978
31.82281	6.97855	68.8493
31.83046	6.96728	69.0854
31.83550	6.95913	69.3399
31.83939	6.95368	69.6156
31.82655	6.94927	69.8730
31.82470	6.93879	70.1062
31.83137	6.92484	70.3486
31.83725	6.91291	70.6001
31.84225	6.90343	70.8453
31.83492	6.89555	71.0816
31.83217	6.88384	71.3179
31.83667	6.86907	71.5631
31.84490	6.85499	71.8115
31.85092	6.84293	72.0569
31.85288	6.83268	72.2992
31.85814	6.82218	72.5475
31.86224	6.81323	72.7810
31.86481	6.80563	73.0322
31.86676	6.79833	73.2744
31.86116	6.79115	73.5199
31.84946	6.78004	73.7592
31.85358	6.76283	73.9984
31.85567	6.74553	74.2438
31.86903	6.72926	74.4831
31.86925	6.71729	74.7344
31.85241	6.70558	74.9768
31.86208	6.68815	75.2162
31.87110	6.67289	75.4585
31.87324	6.66098	75.6977
31.87699	6.65073	75.9461
31.88306	6.64233	76.1882
31.88591	6.63620	76.4367
31.88410	6.63157	76.6670
31.87933	6.62642	76.9123
31.87838	6.61900	77.1637
31.88034	6.61061	77.4030
31.87167	6.60171	77.6543
31.87332	6.58931	77.8967
31.88100	6.57661	78.1542
31.87547	6.56617	78.4056
31.88109	6.55244	78.6570
31.89651	6.53718	78.9083
31.91372	6.52516	79.1477
31.92531	6.51894	79.3929
31.92894	6.51617	79.6565
31.91051	6.50939	79.9441
31.91294	6.48932	80.2077
31.93324	6.46500	80.4319
31.94641	6.44757	80.6741
31.95371	6.43634	80.9317
31.95743	6.42865	81.1648
31.95970	6.42215	81.4013
31.95915	6.41579	81.6375
31.95804	6.40893	81.8858
31.93524	6.39894	82.1280
31.92128	6.37519	82.3673
31.94528	6.33866	82.6127
31.96753	6.30830	82.8519
31.98317	6.28756	83.0912
31.98672	6.27398	83.3428
31.98803	6.26167	83.5880
31.99003	6.24902	83.8272
31.98318	6.23535	84.0666
31.98432	6.21678	84.3089
31.99562	6.19548	84.5602
32.00738	6.17693	84.8025
32.01574	6.16221	85.0479
32.02539	6.15009	85.2962
32.03202	6.14220	85.5475
32.03297	6.13712	85.7900
32.03656	6.13172	86.0383
32.03991	6.12775	86.2775
32.03789	6.12501	86.5230
32.03869	6.12088	86.7712
32.04053	6.11559	87.0045
32.04278	6.10949	87.2469
32.04311	6.10222	87.4800
32.04499	6.09190	87.7284
32.00963	6.07589	87.9769
32.03013	6.03932	88.2160
32.06202	6.00334	88.4675
32.08005	5.98021	88.7248
32.08323	5.96531	88.9733
32.09291	5.95036	89.2216
32.09437	5.93830	89.4640
32.10149	5.92605	89.7214
32.09656	5.91516	89.9818
32.09192	5.90124	90.2816
32.08171	5.88333	90.5331
32.07698	5.85855	90.7633
32.09817	5.82974	90.9966
32.10212	5.80798	91.2419
32.10461	5.78819	91.4811
32.11657	5.76906	91.7115
32.12080	5.75418	91.9538
32.11523	5.74067	92.1991
32.12414	5.72519	92.4382
32.11792	5.71199	92.6836
32.12084	5.69572	92.9199
32.13537	5.67750	93.1683
32.14803	5.66446	93.4136
32.15895	5.65676	93.6681
32.18340	5.65435	93.9102
32.19244	5.65908	94.1648
32.20145	5.66698	94.4071
32.22364	5.67664	94.6645
32.24001	5.69174	94.8978
32.21227	5.70640	95.1552
32.19022	5.70423	95.4036
32.20435	5.68741	95.6458
32.20722	5.67151	95.8941
32.20677	5.65731	96.1427
32.21810	5.64323	96.3758
32.22587	5.63287	96.6241
32.23340	5.62663	96.8605
32.23323	5.62346	97.1085
32.23380	5.62100	97.3482
32.23291	5.61859	97.5904
32.23605	5.61592	97.8326
32.23967	5.61472	98.0809
32.21892	5.61437	98.3172
32.19235	5.60652	98.5596
32.16791	5.58798	98.8049
32.17694	5.56102	99.0532
32.19970	5.53572	99.2987
32.20415	5.51927	99.5471
32.20589	5.50703	99.7952
32.19323	5.49535	100.0499
32.20085	5.48092	100.3133
32.21220	5.46784	100.5918
32.21911	5.45948	100.8463
32.22152	5.45437	101.0796
32.22437	5.44981	101.3220
32.22692	5.44601	101.5763
32.22705	5.44290	101.8156
32.22698	5.43935	102.0609
32.23222	5.43479	102.3001
32.23647	5.43104	102.5455
32.24007	5.42849	102.7818
32.24000	5.42558	103.0240
32.24442	5.42123	103.2665
32.24491	5.41673	103.5118
32.24963	5.41227	103.7569
32.25354	5.40852	103.9962
32.25620	5.40562	104.2447
32.25726	5.40337	104.4960
32.25808	5.40152	104.7355
32.25933	5.39922	104.9838
32.26077	5.39512	105.2352
32.26786	5.38762	105.4775
32.27408	5.38022	105.7318
32.27805	5.37357	105.9770
32.28402	5.36512	106.2163
32.29096	5.35568	106.4618
32.29807	5.34744	106.7162
32.30345	5.34129	106.9674
32.30599	5.33685	107.2158
32.30662	5.33185	107.4521
32.30393	5.32321	107.7035
32.31281	5.30944	107.9429
32.32140	5.29566	108.1852
32.32967	5.28384	108.4305
32.33785	5.27452	108.6696
32.34429	5.26853	108.9151
32.34724	5.26564	109.1605
32.34536	5.26424	109.4209
32.34246	5.26115	109.6663
32.34088	5.25442	109.9145
32.34271	5.24301	110.1567
32.35485	5.22712	110.4173
32.37074	5.21412	110.6990
32.38001	5.20490	110.9685
32.38711	5.19694	111.2171
32.39553	5.18987	111.4591
32.40147	5.18499	111.7076
32.40603	5.18191	111.9650
32.40980	5.18022	112.2195
32.41221	5.17957	112.4616
32.41267	5.17927	112.7039
32.41304	5.17912	112.9524
32.41539	5.17912	113.2006
32.42020	5.17927	113.4522
32.42182	5.17922	113.6913
32.42899	5.17912	113.9367
32.43741	5.18007	114.1880
32.43797	5.18191	114.4363
32.43970	5.18320	114.6846
32.44019	5.18395	114.9392
32.44074	5.18435	115.1876
32.44125	5.18435	115.4390
32.44193	5.18425	115.6871
32.44220	5.18420	115.9446
32.44218	5.18410	116.1809
32.44187	5.18400	116.4354
32.44168	5.18400	116.6777
32.44184	5.18370	116.9291
32.44181	5.18360	117.1806
32.44237	5.18370	117.4258
32.44320	5.18330	117.6709
32.44435	5.18236	117.9165
32.44636	5.18017	118.1497
32.44862	5.17793	118.3978
32.45022	5.17594	118.6432
32.45145	5.17454	118.8886
32.45180	5.17370	119.1279
32.45372	5.17290	119.3762
32.45507	5.17255	119.6185
32.46055	5.17245	119.8639
32.46820	5.17325	120.1062
32.47821	5.17584	120.3546
32.49896	5.18146	120.5969
32.51616	5.19256	120.8664
32.51167	5.20829	121.1420
32.50619	5.22223	121.3964
32.51979	5.23354	121.6356
32.51637	5.24610	121.8629
32.49312	5.25407	122.1173
32.48318	5.25009	122.3686
32.49415	5.23967	122.6200
32.50470	5.23130	122.8564
32.51133	5.22632	123.1045
32.51778	5.22413	123.3501
32.52257	5.22438	123.6075
32.51874	5.22572	123.8466
32.50929	5.22522	124.0859
32.50747	5.22014	124.3373
32.51093	5.21297	124.5829
32.54329	5.20774	124.8400
32.55342	5.21093	125.0791
32.54895	5.21845	125.3338
32.54001	5.22308	125.5699
32.53168	5.22238	125.8094
32.53208	5.21691	126.0607
32.53827	5.20968	126.3090
32.53457	5.20356	126.5481
32.52126	5.19555	126.7994
32.51847	5.18136	127.0390
32.53645	5.16559	127.2814
32.50381	5.15326	127.5236
32.50708	5.13232	127.7750
32.51402	5.10872	128.0232
32.51765	5.08722	128.2625
32.52775	5.06830	128.4987
32.53390	5.05302	128.7353
32.54299	5.04052	128.9863
32.55102	5.03179	129.2438
32.55722	5.02604	129.5012
32.56065	5.02247	129.7466
32.56271	5.01979	129.9981
32.56486	5.01746	130.2554
32.56662	5.01553	130.5098
32.56751	5.01384	130.7611
32.56920	5.01226	131.0338
32.56952	5.01107	131.3124
32.57076	5.01002	131.5728
32.57135	5.00864	131.8180
32.57238	5.00710	132.0513
32.57317	5.00581	132.2905
32.57456	5.00462	132.5419
32.57492	5.00413	132.7811
32.57557	5.00363	133.0204
32.57654	5.00289	133.2566
32.57864	5.00170	133.4990
32.58385	5.00046	133.7382
32.58791	4.99952	133.9835
32.58987	4.99897	134.2350
32.59210	4.99868	134.4712
32.59307	4.99858	134.7195
32.59316	4.99843	134.9648
32.59448	4.99833	135.2131
32.59584	4.99783	135.4584
32.59629	4.99724	135.7097
32.59682	4.99679	135.9551
32.59758	4.99640	136.2066
32.59809	4.99640	136.4580
32.59978	4.99600	136.7032
32.60319	4.99565	136.9456
32.60463	4.99536	137.1878
32.60726	4.99501	137.4361
32.62028	4.99456	137.6846
32.63281	4.99352	137.9329
32.64064	4.99273	138.1691
32.64686	4.99263	138.4054
32.65447	4.99323	138.6447
32.66606	4.99496	138.8930
32.66557	4.99650	139.1352
32.66165	4.99640	139.3714
32.65917	4.99496	139.6138
32.66093	4.99268	139.8589
32.66074	4.99065	140.0952
32.66360	4.98783	140.3408
32.67431	4.98213	140.5830
32.68278	4.97445	140.8311
32.68988	4.96846	141.0857
32.69314	4.96499	141.3705
32.69500	4.96296	141.6458
32.69623	4.96158	141.8972
32.70171	4.96044	142.1244
32.71035	4.96064	142.3728
32.71627	4.96267	142.6150
32.71528	4.96593	142.8665
32.71550	4.96871	143.1087
32.71576	4.97113	143.3569
32.71683	4.97346	143.6055
32.71905	4.97564	143.8505
32.72187	4.97822	144.0990
32.73359	4.98129	144.3442
32.73819	4.98669	144.5836
32.74779	4.99323	144.8257
32.75170	5.00150	145.0621
32.74847	5.00958	145.3074
32.74515	5.01602	145.5465
32.74345	5.02038	145.7889
32.74241	5.02371	146.0281
32.74031	5.02579	146.2825
32.73964	5.02708	146.5249
32.73864	5.02797	146.7673
32.74389	5.02852	147.0004
32.74875	5.02995	147.2458
32.75244	5.03258	147.4971
32.75417	5.03591	147.7362
32.76002	5.03938	147.9786
32.76013	5.04369	148.2298
32.75845	5.04731	148.4663
32.76128	5.04930	148.7083
32.76893	5.05123	148.9446
32.78080	5.05451	149.1840
32.78397	5.05962	149.4263
32.77826	5.06393	149.6685
32.77728	5.06567	149.9105
32.77991	5.06547	150.1592
32.78307	5.06393	150.4075
32.79332	5.06250	150.6526
32.79749	5.06240	150.8951
32.80056	5.06255	151.1465
32.80232	5.06250	151.4068
32.80595	5.06250	151.6854
32.80818	5.06255	151.9548
32.80962	5.06205	152.1911
32.81310	5.06121	152.4214
32.81417	5.06051	152.6605
32.81531	5.05907	152.9149
32.81669	5.05719	153.1512
32.81884	5.05560	153.3936
32.82334	5.05401	153.6358
32.82762	5.05272	153.8779
32.82925	5.05188	154.1202
32.82887	5.05084	154.3657
32.82952	5.04905	154.5986
32.83055	5.04751	154.8441
32.83220	5.04607	155.0893
32.83449	5.04449	155.3378
32.82375	5.04176	155.5798
32.82231	5.03392	155.8132
32.83391	5.02410	156.0646
32.84415	5.01711	156.3129
32.85785	5.01399	156.5609
32.86308	5.01543	156.8064
32.85932	5.01890	157.0517
32.85689	5.02088	157.2941
32.85168	5.02113	157.5393
32.85728	5.01959	157.7785
32.85964	5.01880	158.0271
32.85882	5.01900	158.2723
32.86532	5.01915	158.5176
32.87064	5.02063	158.7597
32.87496	5.02386	158.9930
32.87509	5.02822	159.2384
32.87468	5.03199	159.4777
32.87373	5.03506	159.7198
32.87048	5.03744	159.9711
32.86877	5.03834	160.2043
32.86618	5.03838	160.4466
32.86264	5.03695	160.6769
32.86601	5.03412	160.9311
32.86880	5.03189	161.1795
32.87190	5.03070	161.4369
32.87928	5.03045	161.7003
32.88374	5.03214	161.9820
32.88200	5.03442	162.2392
32.88773	5.03556	162.4816
32.88759	5.03695	162.7207
32.88502	5.03734	162.9659
32.88718	5.03610	163.2235
32.89346	5.03452	163.4719
32.89731	5.03402	163.7172
32.89962	5.03437	163.9655
32.91365	5.03576	164.2137
32.91858	5.03987	164.4560
32.92277	5.04503	164.7133
32.93318	5.05089	164.9528
32.93399	5.05838	165.2008
32.93228	5.06562	165.4403
32.93284	5.07128	165.6884
32.93401	5.07639	165.9368
32.93471	5.08111	166.1881
32.93570	5.08533	166.4302
32.93507	5.08866	166.6757
32.93304	5.09124	166.9210
32.93261	5.09263	167.1632
32.93318	5.09337	167.4024
32.93411	5.09397	167.6446
32.94046	5.09556	167.8990
32.94042	5.09764	168.1322
32.94085	5.09953	168.3834
32.94042	5.10122	168.6261
32.94019	5.10241	168.8651
32.93852	5.10326	169.1133
32.93765	5.10331	169.3464
32.93534	5.10271	169.5889
32.93593	5.10097	169.8342
32.93671	5.09933	170.0793
32.93523	5.09789	170.3277
32.93844	5.09625	170.5698
32.93935	5.09491	170.8182
32.93649	5.09357	171.0577
32.93195	5.09084	171.3059
32.93725	5.08642	171.5513
32.94761	5.08250	171.8054
32.94650	5.07922	172.0931
32.95174	5.07550	172.3687
32.96272	5.07277	172.6169
32.97207	5.07262	172.8561
32.97511	5.07441	173.0923
32.98110	5.07773	173.3377
32.98036	5.08081	173.5889
32.98361	5.08310	173.8312
32.98871	5.08553	174.0702
32.98927	5.08801	174.3126
32.99152	5.08950	174.5520
32.99056	5.09049	174.7910
32.99206	5.09015	175.0362
32.99471	5.08980	175.2816
32.99818	5.08970	175.5178
33.00003	5.09015	175.7660
33.00196	5.09089	176.0052
33.00147	5.09198	176.2414
33.00360	5.09288	176.4809
33.01092	5.09422	176.7229
33.01465	5.09695	176.9713
33.02233	5.10072	177.2195
33.02627	5.10614	177.4558
33.02416	5.11240	177.7010
33.02454	5.11752	177.9494
33.03423	5.12099	178.1916
33.03531	5.12402	178.4337
33.03492	5.12631	178.6791
33.04131	5.12830	178.9244
33.04157	5.13108	179.1666
33.04162	5.13372	179.4147
33.04395	5.13585	179.6574
33.04368	5.13744	179.8995
33.04449	5.13650	180.1477
33.04748	5.13506	180.4352
33.05096	5.13282	180.7472
33.05313	5.13083	181.0529
33.05430	5.12959	181.3102
33.05518	5.12880	181.5436
33.05551	5.12835	181.7644
33.05600	5.12810	181.9977
33.05562	5.12800	182.2431
33.05589	5.12795	182.5094
33.05589	5.12780	182.7941
33.05637	5.12755	183.0484
33.05630	5.12750	183.2874
33.05655	5.12735	183.5116
33.05672	5.12721	183.7479
33.05664	5.12716	183.9992
33.05688	5.12716	184.2321
33.05685	5.12706	184.4836
33.05672	5.12671	184.7229
33.05693	5.12601	184.9739
33.05683	5.12527	185.2221
33.05744	5.12452	185.4618
33.05817	5.12402	185.7097
33.05605	5.12368	185.9369
33.05645	5.12199	186.1822
33.06223	5.11955	186.4245
33.07335	5.11776	186.6819
33.07596	5.11781	186.9302
33.07641	5.11831	187.1783
33.07614	5.11911	187.4297
33.07603	5.11945	187.6657
33.07541	5.11960	187.8961
33.07588	5.11965	188.1443
33.07578	5.11970	188.3955
33.07566	5.11970	188.6378
33.07670	5.11960	188.8922
33.07759	5.11965	189.1463
33.07807	5.12005	189.3827
33.07862	5.12045	189.6340
33.07984	5.12089	189.8792
33.08179	5.12124	190.1307
33.08418	5.12224	190.3667
33.08637	5.12343	190.6150
33.08908	5.12482	190.8510
33.09346	5.12661	191.0934
33.09661	5.12899	191.3416
33.09902	5.13133	191.5837
33.10205	5.13312	191.8260
33.10363	5.13456	192.0805
33.10567	5.13590	192.3227
33.10712	5.13720	192.5680
33.10813	5.13814	192.8191
33.10994	5.13899	193.0764
33.10870	5.13973	193.3583
33.11548	5.14053	193.6306
33.11818	5.14127	193.8849
33.12223	5.14232	194.1299
33.12574	5.14361	194.3786
33.12686	5.14480	194.6207
33.12800	5.14605	194.8718
33.12982	5.14724	195.1293
33.14428	5.14843	195.3775
33.15087	5.15122	195.6317
33.15038	5.15475	195.8862
33.14866	5.15743	196.1466
33.14886	5.15927	196.3859
33.14784	5.16047	196.6280
33.14723	5.16131	196.8792
33.14757	5.16156	197.1335
33.14866	5.16206	197.3819
33.15038	5.16236	197.6271
33.15038	5.16295	197.8723
33.15148	5.16345	198.1146
33.16764	5.16400	198.3627
33.18010	5.16728	198.6051
33.17655	5.17245	198.8592
33.17482	5.17624	199.1014
33.17091	5.17897	199.3528
33.17888	5.18037	199.6073
33.17778	5.18251	199.8522
33.17696	5.18415	200.0945
33.18412	5.18564	200.3518
33.19188	5.18833	200.6153
33.18668	5.19236	200.8726
33.18938	5.19520	201.1177
33.18972	5.19789	201.3720
33.19027	5.20008	201.6234
33.19290	5.20227	201.8687
33.19226	5.20451	202.1258
33.19071	5.20630	202.3770
33.19062	5.20734	202.6252
33.19036	5.20819	202.8858
33.19031	5.20884	203.1340
33.19090	5.20949	203.3762
33.19113	5.20983	203.6459
33.19238	5.21023	203.9306
33.19308	5.21083	204.1997
33.19356	5.21123	204.4478
33.19451	5.21158	204.6933
33.19614	5.21198	204.9324
33.20139	5.21252	205.1745
33.20729	5.21357	205.4257
33.20856	5.21496	205.6771
33.21395	5.21616	205.9283
33.21629	5.21755	206.1797
33.21728	5.21895	206.4187
33.21887	5.22004	206.6278
33.22763	5.22144	206.7397
33.22571	5.22373	206.7522
33.22011	5.22552	206.6919
33.21512	5.22597	206.6405
33.21564	5.22547	206.6072
33.21438	5.22532	206.5653
33.20905	5.22507	206.4565
33.20863	5.22413	206.3234
33.20910	5.22358	206.1845
33.20740	5.22343	206.0333
33.20487	5.22318	205.8734
33.20435	5.22278	205.7162
33.20408	5.22243	205.5287
33.20202	5.22209	205.3383
33.20164	5.22149	205.1418
33.19885	5.22089	204.9299
33.19833	5.22009	204.7005
33.19692	5.21955	204.4615
33.19575	5.21905	204.2258
33.19565	5.21855	203.9959
33.19379	5.21810	203.7571
33.19318	5.21740	203.5033
33.19283	5.21681	203.2643
33.19173	5.21631	203.0135
33.19078	5.21596	202.7687
33.19062	5.21551	202.5391
33.18917	5.21501	202.2909
33.18766	5.21437	202.0460
33.18618	5.21332	201.7920
33.18802	5.21232	201.5289
33.18636	5.21198	201.2599
33.18231	5.21123	200.9998
33.18255	5.20968	200.7339
33.18261	5.20839	200.4766
33.18159	5.20739	200.2106
33.17454	5.20615	199.9506
33.17233	5.20391	199.6905
33.17194	5.20127	199.4364
33.16961	5.19878	199.1917
33.16257	5.19644	198.9379
33.15611	5.19316	198.6927
33.15639	5.18912	198.4266
33.15613	5.18599	198.1727
33.15546	5.18320	197.9219
33.15477	5.18086	197.6677
33.15460	5.17907	197.4138
33.15164	5.17758	197.1719
33.14717	5.17589	196.9179
33.14886	5.17360	196.6547
33.14730	5.17206	196.3979
33.14867	5.17081	196.1409
33.14772	5.17017	195.8866
33.14676	5.16947	195.6330
33.14592	5.16872	195.3759
33.14586	5.16783	195.1188
33.14431	5.16708	194.8587
33.14051	5.16644	194.6137
33.13500	5.16529	194.3627
33.13373	5.16360	194.1090
33.13220	5.16211	193.8549
33.12808	5.16072	193.6036
33.12542	5.15892	193.3408
33.12066	5.15718	193.0565
33.12169	5.15519	192.7903
33.11805	5.15410	192.5393
33.11225	5.15296	192.2883
33.10939	5.15107	192.0649
33.11060	5.14923	191.8589
33.10945	5.14803	191.6776
33.10900	5.14714	191.4962
33.10314	5.14639	191.2998
33.10158	5.14490	191.1002
33.10130	5.14356	190.8947
33.10133	5.14291	190.6981
33.09807	5.14242	190.4982
33.09400	5.14202	190.2990
33.09098	5.14092	190.1054
33.09086	5.13978	189.9056
33.08899	5.13889	189.7122
33.08629	5.13789	189.5190
33.08316	5.13655	189.3162
33.08573	5.13506	189.1166
33.08420	5.13426	188.9051
33.07954	5.13347	188.6902
33.07763	5.13227	188.4666
33.07921	5.13078	188.2401
33.07707	5.12989	188.0219
33.07756	5.12880	187.7890
33.07705	5.12805	187.5686
33.07640	5.12730	187.3507
33.07637	5.12681	187.1210
33.07608	5.12621	186.8760
33.07527	5.12571	186.6310
33.07467	5.12537	186.3922
33.07341	5.12467	186.1533
33.07301	5.12412	185.9052
33.07235	5.12383	185.6694
33.07040	5.12348	185.4213
33.06813	5.12308	185.1793
33.06674	5.12303	184.9252
33.06571	5.12333	184.6836
33.06508	5.12373	184.4539
33.06379	5.12442	184.2177
33.06318	5.12517	183.9728
33.06272	5.12611	183.7370
33.06236	5.12696	183.4982
33.06038	5.12800	183.2623
33.05995	5.12855	183.0325
33.05948	5.12914	182.7993
33.05913	5.12969	182.5604
33.05823	5.13029	182.3218
33.05771	5.13058	182.0735
33.05703	5.13068	181.8077
33.05787	5.13068	181.5443
33.05739	5.13093	181.3053
33.05612	5.13133	181.0666
33.05568	5.13118	180.8186
33.05621	5.13113	180.5706
33.05671	5.13103	180.3287
33.05627	5.13133	180.0535
33.05566	5.13138	179.7540
33.05566	5.13153	179.4668
33.05429	5.13232	179.2124
33.05190	5.13342	178.9737
33.04807	5.13496	178.7377
33.04312	5.13620	178.4990
33.04199	5.13710	178.2659
33.03868	5.13739	178.0300
33.03114	5.13730	177.7912
33.02538	5.13625	177.5552
33.02512	5.13491	177.3133
33.02076	5.13382	177.0836
33.01446	5.13252	176.8504
33.01320	5.13039	176.6236
33.00890	5.12815	176.3847
33.00752	5.12542	176.1398
33.00448	5.12263	175.9069
33.00297	5.11960	175.6652
32.99871	5.11667	175.4351
32.99763	5.11334	175.1961
32.99741	5.11016	174.9510
32.99766	5.10758	174.7001
32.99350	5.10549	174.4642
32.99265	5.10331	174.2283
32.99140	5.10152	173.9895
32.98860	5.10008	173.7505
32.98539	5.09869	173.5116
32.98304	5.09730	173.2666
32.98226	5.09576	173.0305
32.97987	5.09476	172.7887
32.97566	5.09352	172.5467
32.97150	5.09223	172.3105
32.96616	5.09020	172.0718
32.96367	5.08771	171.8296
32.96191	5.08573	171.5848
32.95890	5.08429	171.3367
32.95419	5.08319	171.0918
32.95427	5.08260	170.8315
32.95344	5.08285	170.5746
32.95223	5.08384	170.3264
32.95013	5.08508	170.0814
32.94836	5.08692	169.8486
32.94642	5.08900	169.6127
32.94538	5.09054	169.3738
32.94489	5.09188	169.1318
32.94439	5.09322	168.9051
32.94435	5.09476	168.6628
32.94330	5.09660	168.4209
32.94273	5.09809	168.1819
32.94066	5.09958	167.9519
32.93839	5.10028	167.7162
32.93503	5.10062	167.4803
32.93336	5.10028	167.2349
32.93251	5.09953	166.9934
32.93187	5.09894	166.7511
32.93191	5.09829	166.5212
32.92889	5.09794	166.2794
32.92554	5.09720	166.0373
32.92270	5.09566	165.7921
32.92074	5.09387	165.5533
32.91772	5.09178	165.3144
32.91334	5.08920	165.0695
32.91162	5.08588	164.8366
32.90365	5.08210	164.5945
32.90218	5.07699	164.3586
32.89994	5.07202	164.1196
32.90161	5.06756	163.8837
32.89563	5.06393	163.6357
32.89482	5.06011	163.3936
32.89178	5.05609	163.1517
32.88985	5.05218	162.9278
32.88856	5.04905	162.6949
32.88800	5.04657	162.4559
32.88801	5.04523	162.2167
32.88459	5.04449	161.9777
32.88225	5.04359	161.7388
32.88021	5.04260	161.5093
32.88007	5.04186	161.2701
32.87814	5.04111	161.0371
32.87626	5.04062	160.7980
32.87433	5.04002	160.5622
32.87340	5.03958	160.3144
32.87362	5.03948	160.0781
32.87375	5.03982	159.8299
32.87294	5.04042	159.5790
32.87192	5.04121	159.3340
32.87131	5.04196	159.0949
32.86909	5.04260	158.8471
32.86527	5.04270	158.6080
32.86214	5.04181	158.3690
32.85988	5.04032	158.1301
32.85717	5.03829	157.8969
32.85641	5.03586	157.6550
32.85614	5.03357	157.4188
32.85478	5.03154	157.1741
32.85494	5.02976	156.9442
32.85370	5.02832	156.7021
32.85155	5.02708	156.4722
32.84889	5.02564	156.2301
32.84795	5.02361	155.9942
32.85207	5.02237	155.7554
32.85025	5.02361	155.5252
32.84833	5.02569	155.2773
32.84666	5.02822	155.0473
32.84492	5.03119	154.7991
32.84176	5.03417	154.5605
32.83824	5.03715	154.3152
32.83496	5.03987	154.0793
32.83244	5.04220	153.8312
32.83006	5.04439	153.5922
32.82801	5.04652	153.3472
32.82496	5.04880	153.0961
32.82208	5.05113	152.8570
32.81885	5.05317	152.6149
32.81534	5.05505	152.3668
32.81100	5.05699	152.1278
32.80703	5.05848	151.8799
32.80145	5.05972	151.6405
32.79746	5.06036	151.3927
32.79605	5.06091	151.1538
32.79232	5.06165	150.9025
32.78876	5.06250	150.6665
32.78773	5.06339	150.4124
32.78533	5.06458	150.1704
32.78332	5.06567	149.9193
32.77899	5.06666	149.6650
32.77229	5.06731	149.4264
32.76722	5.06696	149.1750
32.76338	5.06572	148.9210
32.75972	5.06393	148.6638
32.75694	5.06235	148.4006
32.75303	5.06081	148.1554
32.74723	5.05902	147.9105
32.73925	5.05614	147.6562
32.73998	5.05198	147.4019
32.73741	5.04836	147.1570
32.73315	5.04478	146.9149
32.73385	5.04101	146.6637
32.73181	5.03794	146.4156
32.73073	5.03496	146.1613
32.72773	5.03214	145.9163
32.72625	5.02921	145.6776
32.72770	5.02633	145.4262
32.72798	5.02415	145.1844
32.72312	5.02257	144.9301
32.71768	5.01984	144.6789
32.71310	5.01617	144.4247
32.70844	5.01171	144.1766
32.70411	5.00626	143.9196
32.70478	5.00041	143.6773
32.70349	4.99555	143.4262
32.70155	4.99100	143.1661
32.69698	4.98659	142.9211
32.69490	4.98188	142.6577
32.69734	4.97742	142.4098
32.69640	4.97460	142.1527
32.69561	4.97257	141.8951
32.69251	4.97079	141.6472
32.69239	4.96930	141.3840
32.69092	4.96846	141.1358
32.68878	4.96831	140.8786
32.68377	4.96935	140.6246
32.68043	4.97143	140.3765
32.67660	4.97445	140.1252
32.67471	4.97752	139.8739
32.67406	4.98049	139.6168
32.66845	4.98381	139.3596
32.66231	4.98708	139.1084
32.65501	4.98901	138.8573
32.64554	4.99040	138.6060
32.63787	4.99139	138.3732
32.62965	4.99209	138.1281
32.62644	4.99273	137.8951
32.61885	4.99357	137.6501
32.61671	4.99422	137.4078
32.61196	4.99456	137.1478
32.60782	4.99501	136.8816
32.60517	4.99545	136.6335
32.60043	4.99585	136.3910
32.59780	4.99620	136.1523
32.59603	4.99640	135.9072
32.59569	4.99650	135.6709
32.59524	4.99679	135.4260
32.59379	4.99724	135.1779
32.59197	4.99749	134.9327
32.59100	4.99788	134.6786
32.58773	4.99823	134.4365
32.58478	4.99848	134.1914
32.58293	4.99882	133.9525
32.58096	4.99922	133.7041
32.57903	4.99986	133.4651
32.57713	5.00056	133.2231
32.57606	5.00105	132.9689
32.57461	5.00165	132.7269
32.57395	5.00244	132.4908
32.57316	5.00323	132.2428
32.57218	5.00378	131.9944
32.57122	5.00452	131.7555
32.57031	5.00522	131.5164
32.56965	5.00586	131.2803
32.56881	5.00670	131.0351
32.56825	5.00740	130.7960
32.56750	5.00829	130.5603
32.56612	5.00953	130.3301
32.56472	5.01102	130.0851
32.56262	5.01255	129.8611
32.56108	5.01389	129.6131
32.56046	5.01508	129.3921
32.56146	5.01657	129.1591
32.56325	5.01870	128.9290
32.56735	5.02202	128.6900
32.57075	5.02708	128.4600
32.58378	5.03447	128.2273
32.59298	5.04781	128.0001
32.59358	5.06523	127.7792
32.59206	5.08344	127.5551
32.58990	5.10216	127.3342
32.58337	5.12000	127.1044
32.57867	5.13546	126.8865
32.57504	5.14953	126.6565
32.57401	5.16340	126.4264
32.56428	5.17728	126.1995
32.55566	5.18813	125.9815
32.54821	5.19619	125.7575
32.53796	5.20227	125.5247
32.52424	5.20560	125.2887
32.52367	5.20550	125.0677
32.52318	5.20481	124.8498
32.52531	5.20520	124.6290
32.52622	5.20749	124.4140
32.52334	5.21108	124.1961
32.51946	5.21402	123.9875
32.51641	5.21581	123.7724
32.51420	5.21681	123.5576
32.51321	5.21720	123.3490
32.51077	5.21750	123.1342
32.51249	5.21780	122.9221
32.51514	5.21940	122.7224
32.51758	5.22338	122.5077
32.51655	5.22986	122.2986
32.50760	5.23728	122.0901
32.49311	5.24286	121.8841
32.48576	5.24530	121.6783
32.47867	5.24530	121.4756
32.46411	5.24311	121.2789
32.45071	5.23688	121.0731
32.44552	5.22722	120.8705
32.44607	5.21686	120.6707
32.44846	5.20779	120.4768
32.44701	5.20052	120.2771
32.44741	5.19395	120.0894
32.44422	5.18818	119.8868
32.44639	5.18320	119.6902
32.44810	5.17972	119.5026
32.44941	5.17753	119.3059
32.44845	5.17614	119.1121
32.44925	5.17504	118.9305
32.44843	5.17425	118.7338
32.44877	5.17355	118.5494
32.44811	5.17330	118.3737
32.44724	5.17365	118.1802
32.44577	5.17489	117.9922
32.44382	5.17648	117.8079
32.44239	5.17783	117.6324
32.44121	5.17877	117.4538
32.44032	5.17942	117.2693
32.44002	5.17997	117.0816
32.43984	5.18047	116.9000
32.43924	5.18081	116.7155
32.43892	5.18086	116.5552
32.43901	5.18121	116.4007
32.43878	5.18131	116.2493
32.43839	5.18136	116.0921
32.43855	5.18156	115.9346
32.43826	5.18166	115.7622
32.43755	5.18181	115.6141
32.43746	5.18191	115.4717
32.43847	5.18196	115.3234
32.43691	5.18226	115.1783
32.43630	5.18231	115.0329
32.43597	5.18236	114.8939
32.43578	5.18226	114.7514
32.43524	5.18216	114.6032
32.43489	5.18216	114.4610
32.43380	5.18241	114.3308
32.43112	5.18241	114.1887
32.42653	5.18226	114.0526
32.42360	5.18186	113.9042
32.42221	5.18111	113.7558
32.41985	5.18057	113.6138
32.41961	5.17987	113.4654
32.41905	5.17942	113.3354
32.41753	5.17917	113.1841
32.41598	5.17887	113.0570
32.41339	5.17843	112.9026
32.41180	5.17803	112.7637
32.41098	5.17763	112.6304
32.41071	5.17718	112.4850
32.41106	5.17688	112.3549
32.40984	5.17683	112.2190
32.40897	5.17663	112.0795
32.40757	5.17648	111.9282
32.40687	5.17589	111.7952
32.40662	5.17549	111.6649
32.40645	5.17544	111.5199
32.40486	5.17534	111.3774
32.40413	5.17514	111.2476
32.40414	5.17484	111.0930
32.40295	5.17454	110.9447
32.40192	5.17445	110.7995
32.40100	5.17445	110.6547
32.40003	5.17479	110.5152
32.39913	5.17544	110.3639
32.39785	5.17683	110.2155
32.39593	5.17853	110.0703
32.39268	5.18057	109.9251
32.38880	5.18290	109.7738
32.38608	5.18484	109.6254
32.38427	5.18664	109.4831
32.38296	5.18843	109.3379
32.38254	5.19141	109.1807
32.38058	5.19599	109.0201
32.37655	5.20162	108.8721
32.37264	5.20784	108.7294
32.36753	5.21357	108.5723
32.36416	5.21770	108.4240
32.36194	5.22059	108.2695
32.35942	5.22328	108.1121
32.35862	5.22557	107.9519
32.35788	5.22786	107.8003
32.35659	5.23030	107.6432
32.35669	5.23304	107.4858
32.35945	5.23668	107.3283
32.35926	5.24351	107.1771
32.35426	5.25313	107.0226
32.35083	5.26310	106.8655
32.34507	5.27402	106.7050
32.33593	5.28509	106.5507
32.32941	5.29397	106.3932
32.32417	5.30085	106.2387
32.31997	5.30674	106.0876
32.31590	5.31213	105.9332
32.31258	5.31668	105.7851
32.30953	5.32057	105.6335
32.30866	5.32336	105.4914
32.30651	5.32706	105.3372
32.30306	5.33145	105.1827
32.30061	5.33510	105.0223
32.29813	5.33884	104.8557
32.29524	5.34259	104.6896
32.29223	5.34639	104.5170
32.28888	5.34973	104.3412
32.28629	5.35323	104.1808
32.28347	5.35698	104.0023
32.27986	5.36177	103.8205
32.27539	5.36767	103.6331
32.27068	5.37332	103.4516
32.26677	5.37857	103.2667
32.26283	5.38277	103.0792
32.25892	5.38627	102.8974
32.25635	5.38932	102.7160
32.25498	5.39187	102.5191
32.25358	5.39452	102.3223
32.25091	5.39762	102.1287
32.24925	5.40032	101.9319
32.24699	5.40342	101.7504
32.24308	5.40722	101.5475
32.23947	5.41137	101.3477
32.23678	5.41508	101.1540
32.23494	5.41848	100.9604
32.23311	5.42223	100.7759
32.23075	5.42588	100.5791
32.23023	5.42894	100.3820
32.22933	5.43289	100.1826
32.22820	5.43664	99.9887
32.22802	5.44045	99.7829
32.22766	5.44435	99.5802
32.22764	5.44776	99.3802
32.23189	5.45161	99.1712
32.23468	5.45692	98.9626
32.23099	5.46298	98.7629
32.22727	5.46769	98.5690
32.22726	5.47095	98.3602
32.23065	5.47430	98.1605
32.23316	5.47886	97.9666
32.24193	5.48493	97.7821
32.24481	5.49415	97.5701
32.25202	5.50513	97.3641
32.25312	5.51832	97.1614
32.25088	5.53206	96.9708
32.24931	5.54430	96.7829
32.25047	5.55575	96.5834
32.25496	5.56779	96.3865
32.25433	5.58060	96.1868
32.24789	5.59311	95.9837
32.24705	5.60336	95.7841
32.24239	5.61256	95.5904
32.24061	5.62020	95.4057
32.23940	5.62719	95.2030
32.23810	5.63397	95.0090
32.23972	5.64107	94.8094
32.24084	5.65087	94.6095
32.22873	5.66436	94.4216
32.20358	5.67689	94.2251
32.18137	5.68424	94.0343
32.16232	5.68545	93.8467
32.15606	5.68122	93.6500
32.14904	5.67508	93.4592
32.15138	5.66849	93.2625
32.14648	5.66305	93.0687
32.14268	5.65792	92.8779
32.14111	5.65279	92.6842
32.14743	5.64816	92.4935
32.15551	5.64725	92.2967
32.16313	5.65143	92.1000
32.16249	5.66038	91.9094
32.16420	5.66995	91.7065
32.16667	5.68142	91.4974
32.16838	5.69502	91.2887
32.16608	5.71033	91.0679
32.16144	5.72560	90.8587
32.16146	5.73936	90.6408
32.16526	5.75383	90.4289
32.16839	5.77199	90.2141
32.16810	5.79308	90.0049
32.16101	5.81555	89.7870
32.14838	5.83712	89.5721
32.14117	5.85461	89.3542
32.13144	5.86942	89.1332
32.12630	5.88065	88.9119
32.12705	5.89072	88.6972
32.12383	5.90241	88.4823
32.11831	5.91440	88.2613
32.11321	5.92524	88.0401
32.10970	5.93445	87.8254
32.11164	5.94357	87.6013
32.12297	5.95639	87.3896
32.11809	5.97950	87.1622
32.10152	6.00455	86.9410
32.09054	6.02556	86.7052
32.07957	6.04445	86.4719
32.06773	6.06110	86.2539
32.05729	6.07365	86.0328
32.05275	6.08244	85.8148
32.04920	6.09027	85.6032
32.04497	6.09698	85.3852
32.04320	6.10293	85.1639
32.04242	6.10929	84.9432
32.04071	6.11656	84.7220
32.03827	6.12424	84.4978
32.03677	6.13238	84.2770
32.03412	6.14073	84.0650
32.03434	6.14918	83.8410
32.03819	6.15956	83.6230
32.03259	6.17316	83.4109
32.02995	6.18574	83.1900
32.02844	6.19858	82.9840
32.02650	6.21255	82.7722
32.01968	6.22708	82.5753
32.01406	6.23968	82.3606
32.01567	6.25060	82.1606
32.03187	6.26479	81.9577
32.02765	6.28945	81.7610
32.00929	6.31663	81.5611
31.99454	6.33749	81.3583
31.98755	6.35222	81.1737
31.98338	6.36439	80.9708
31.97873	6.37591	80.7650
31.97274	6.38599	80.5651
31.96758	6.39372	80.3622
31.96524	6.39925	80.1594
31.96459	6.40401	79.9658
31.97250	6.41006	79.7597
31.97432	6.42266	79.5628
31.96093	6.44029	79.3572
31.94571	6.45664	79.1632
31.93521	6.46834	78.9634
31.92655	6.47660	78.7605
31.92058	6.48286	78.5699
31.91672	6.48804	78.3760
31.91450	6.49338	78.1854
31.91407	6.50010	77.9915
31.90999	6.50816	77.8070
31.90585	6.51555	77.6220
31.90290	6.52167	77.4466
31.90085	6.52690	77.2529
31.89764	6.53153	77.0770
31.89719	6.53497	76.8865
31.89719	6.53831	76.6865
31.90069	6.54221	76.5080
31.90045	6.54725	76.3385
31.90640	6.55332	76.1538
31.90564	6.56267	75.9630
31.90626	6.57275	75.7873
31.90757	6.58303	75.6088
31.90655	6.59435	75.4299
31.89889	6.60516	75.2576
31.89432	6.61272	75.0666
31.89376	6.61813	74.8820
31.89020	6.62307	74.6973
31.88780	6.62647	74.5094
31.89218	6.62915	74.3160
31.89864	6.63383	74.1310
31.89689	6.64161	73.9434
31.89382	6.64934	73.7678
31.89160	6.65578	73.5800
31.88821	6.66134	73.4013
31.89444	6.66562	73.2288
31.90238	6.67237	73.0775
31.90126	6.68340	72.9531
31.89668	6.69537	72.8444
31.89777	6.70579	72.7354
31.90023	6.71729	72.6352
31.89325	6.73030	72.5141
31.88950	6.74129	72.3961
31.88480	6.75038	72.2780
31.88102	6.75782	72.1511
31.87729	6.76366	72.0268
31.87371	6.76794	71.8845
31.87751	6.77084	71.7362
31.87681	6.77600	71.5850
31.87414	6.78153	71.4273
31.87226	6.78650	71.2791
31.86865	6.79084	71.1126
31.86849	6.79440	70.9460
31.86728	6.79792	70.7734
31.86679	6.80149	70.5947
31.86554	6.80542	70.4160
31.86830	6.80981	70.2344
31.87238	6.81602	70.0556
31.87592	6.82575	69.8801
31.87445	6.83837	69.7046
31.87102	6.85193	69.5290
31.86798	6.86545	69.3500
31.86267	6.87891	69.1654
31.85525	6.88995	68.9868
31.85289	6.89840	68.8081
31.84874	6.90591	68.6294
31.85056	6.91198	68.4509
31.85237	6.91924	68.2631
31.85109	6.92800	68.0542
31.85064	6.93734	67.8573
31.84271	6.94637	67.6816
31.84217	6.95249	67.4879
31.84536	6.95861	67.3092
31.84717	6.96697	67.1306
31.84443	6.97694	66.9457
31.84453	6.98670	66.7704
31.84089	6.99735	66.5822
31.83620	7.00686	66.3977
31.83407	7.01507	66.2158
31.83200	7.02256	66.0282
31.83063	7.02958	65.8437
31.82520	7.03592	65.6589
31.82469	7.04024	65.4740
31.82524	7.04409	65.2773
31.82705	7.04877	65.0865
31.82686	7.05459	64.8927
31.82835	7.06146	64.6989
31.82655	7.06932	64.5021
31.82757	7.07744	64.3053
31.82772	7.08650	64.1113
31.82592	7.09665	63.9023
31.82341	7.10712	63.7057
31.81857	7.11718	63.5085
31.81767	7.12598	63.3089
31.81504	7.13401	63.1121
31.81335	7.14147	62.9090
31.81383	7.14908	62.7002
31.81130	7.15737	62.5003
31.80903	7.16545	62.2946
31.80863	7.17292	62.0914
31.81147	7.18090	61.8915
31.81046	7.19055	61.6916
31.80901	7.20063	61.4798
31.81549	7.21092	61.2766
31.81692	7.22471	61.0648
31.82626	7.24153	60.8587
31.82548	7.26302	60.6499
31.82245	7.28687	60.4378
31.81192	7.31168	60.2289
31.80151	7.33483	60.0170
31.79463	7.35568	59.8110
31.78280	7.37597	59.5929
31.78353	7.39406	59.3810
31.77744	7.41510	59.1659
31.76901	7.43694	58.9477
31.77568	7.45880	58.7329
31.76218	7.48655	58.5028
31.74753	7.51153	58.2724
31.74659	7.53316	58.0513
31.73283	7.55548	57.8274
31.72567	7.57303	57.6091
31.73263	7.58910	57.3943
31.74910	7.61357	57.1763
31.73227	7.65388	56.9461
31.71381	7.69276	56.7249
31.69641	7.72602	56.5098
31.68277	7.75448	56.2917
31.67171	7.77873	56.0707
31.65899	7.80008	55.8586
31.65372	7.81863	55.6437
31.64541	7.83676	55.4226
31.63559	7.85289	55.2014
31.62654	7.86631	54.9833
31.62259	7.87677	54.7685
31.62014	7.88675	54.5474
31.61522	7.89695	54.3291
31.60911	7.90566	54.1110
31.60566	7.91262	53.8839
31.60305	7.91820	53.6658
31.60336	7.92352	53.4447
31.60014	7.92942	53.2146
31.59709	7.93452	52.9933
31.59369	7.93861	52.7753
31.59296	7.94138	52.5541
31.59176	7.94393	52.3331
31.59108	7.94627	52.1028
31.59071	7.94872	51.8787
31.59031	7.95148	51.6666
31.58894	7.95414	51.4486
31.58738	7.95643	51.2277
31.58656	7.95781	51.0186
31.58669	7.95925	50.8005
31.58635	7.96122	50.5885
31.58681	7.96414	50.3734
31.58382	7.96829	50.1586
31.58176	7.97202	49.9435
31.58054	7.97473	49.7344
31.57985	7.97745	49.5284
31.57841	7.98069	49.3225
31.57772	7.98453	49.1165
31.57625	7.98958	48.9076
31.57519	7.99619	48.6954
31.57057	8.00423	48.4805
31.56639	8.01163	48.2774
31.56353	8.01786	48.0685
31.56058	8.02383	47.8474
31.55640	8.02895	47.6354
31.55319	8.03225	47.4263
31.55323	8.03401	47.2175
31.55177	8.03588	47.0081
31.55157	8.03731	46.8022
31.55151	8.03897	46.5962
31.55205	8.04105	46.4056
31.55133	8.04387	46.1995
31.54896	8.04675	46.0028
31.55103	8.04958	45.8087
31.54923	8.05389	45.6088
31.54719	8.05848	45.4059
31.54535	8.06285	45.2000
31.54632	8.06787	45.0060
31.54327	8.07416	44.7972
31.54069	8.08025	44.5820
31.53971	8.08558	44.3820
31.53501	8.09092	44.1672
31.53283	8.09492	43.9610
31.53436	8.09850	43.7612
31.53317	8.10362	43.5521
31.53151	8.10950	43.3462
31.52870	8.11591	43.1583
31.52559	8.12205	42.9555
31.52335	8.12798	42.7585
31.52075	8.13327	42.5494
31.51866	8.13791	42.3405
31.51657	8.14198	42.1314
31.51327	8.14524	41.9164
31.51201	8.14711	41.7133
31.51262	8.14839	41.5013
31.51189	8.15005	41.2863
31.51026	8.15160	41.0711
31.51025	8.15245	40.8621
31.50977	8.15347	40.6471
31.50948	8.15427	40.4350
31.50985	8.15507	40.2199
31.50927	8.15619	40.0140
31.50830	8.15694	39.7899
31.50874	8.15737	39.5808
31.50917	8.15817	39.3749
31.50925	8.15967	39.1720
31.50799	8.16191	38.9597
31.50664	8.16427	38.7507
31.50752	8.16657	38.5477
31.50729	8.16967	38.3326
31.50623	8.17363	38.1084
31.50481	8.17753	37.9088
31.50168	8.18186	37.7027
31.49836	8.18566	37.4966
31.49583	8.18903	37.2938
31.49383	8.19240	37.0875
31.49260	8.19647	36.8785
31.49160	8.20257	36.6757
31.48716	8.21023	36.4666
31.48247	8.21777	36.2636
31.47729	8.22484	36.0607
31.47227	8.23122	35.8455
31.46794	8.23652	35.6456
31.46594	8.24070	35.4578
31.46102	8.24407	35.2607
31.46027	8.24611	35.0852
31.46020	8.24739	34.8913
31.45972	8.24884	34.6974
31.45880	8.24997	34.5095
31.46114	8.25115	34.3215
31.46238	8.25393	34.1249
31.46239	8.25817	33.9400
31.46038	8.26347	33.7494
31.45662	8.26889	33.5462
31.45329	8.27344	33.3582
31.45055	8.27661	33.1525
31.44942	8.27945	32.9614
31.44703	8.28229	32.7676
31.44479	8.28519	32.5707
31.44328	8.28771	32.3798
31.44140	8.29066	32.1859
31.43967	8.29388	31.9892
31.43718	8.29661	31.7830
31.43628	8.29935	31.5802
31.43506	8.30230	31.3769
31.43350	8.30563	31.1802
31.43266	8.30853	30.9710
31.43344	8.31191	30.7681
31.43299	8.31615	30.5560
31.43120	8.32092	30.3438
31.42932	8.32543	30.1380
31.42946	8.32946	29.9227
31.42859	8.33424	29.7168
31.42653	8.33918	29.5016
31.42367	8.34375	29.2896
31.42079	8.34745	29.0835
31.41947	8.35014	28.8775
31.42128	8.35304	28.6623
31.41865	8.35707	28.4320
31.41151	8.36051	28.2049
31.41593	8.36389	27.9866
31.41552	8.36631	27.7776
31.41275	8.36841	27.5657
31.41605	8.37007	27.3657
31.41424	8.37362	27.1657
31.41260	8.37711	26.9626
31.41052	8.38029	26.7566
31.41086	8.38297	26.5566
31.41092	8.38679	26.3567
31.40879	8.39195	26.1415
31.40891	8.39749	25.9326
31.40706	8.40449	25.7206
31.40513	8.41277	25.5084
31.40328	8.42208	25.2903
31.39987	8.43344	25.0749
31.40016	8.44598	24.8600
31.39912	8.46187	24.6479
31.39623	8.48170	24.4265
31.38309	8.50489	24.2114
31.37806	8.52468	23.9934
31.36860	8.54465	23.7722
31.35626	8.56199	23.5631
31.35193	8.57484	23.3481
31.35090	8.58711	23.1390
31.34534	8.60127	22.9359
31.33738	8.61414	22.7269
31.32988	8.62420	22.5148
31.32958	8.63139	22.3087
31.32872	8.63865	22.0995
31.32736	8.64763	21.9058
31.31948	8.65661	21.7299
31.31715	8.66349	21.5543
31.32548	8.67053	21.3757
31.32295	8.68380	21.2028
31.32090	8.69935	21.0331
31.31165	8.71518	20.8512
31.30682	8.72906	20.6573
31.30090	8.74100	20.4605
31.29576	8.75114	20.2605
31.29149	8.75950	20.0634
31.29081	8.76640	19.8543
31.28714	8.77340	19.6544
31.28439	8.77916	19.4454
31.28186	8.78361	19.2423
31.28028	8.78736	19.0422
31.28187	8.79056	18.8424
31.28011	8.79458	18.6454
31.27778	8.79844	18.4514
31.27767	8.80165	18.2423
31.28049	8.80540	18.0303
31.27708	8.81159	17.8303
31.27956	8.81795	17.6363
31.27261	8.82518	17.4453
31.27351	8.83089	17.2424
31.27786	8.83714	17.0305
31.27350	8.84710	16.8242
31.26985	8.85700	16.6059
31.26755	8.86642	16.4030
31.26477	8.87578	16.1849
31.26204	8.88471	15.9759
31.25694	8.89320	15.7757
31.25421	8.90028	15.5636
31.25102	8.90617	15.3516
31.25047	8.91107	15.1425
31.24907	8.91619	14.9304
31.24862	8.92143	14.7122
31.24726	8.92671	14.5062
31.24338	8.93205	14.2940
31.24376	8.93620	14.0758
31.24532	8.94100	13.8666
31.24347	8.94738	13.6486
31.23987	8.95381	13.4394
31.23931	8.95932	13.2304
31.24196	8.96527	13.0122
31.24163	8.97335	12.7970
31.25451	8.98448	12.5849
31.25549	9.00529	12.3759
31.25436	9.03332	12.1758
31.24760	9.06613	11.9758
31.23916	9.10192	11.7698
31.22263	9.14262	11.5636
31.19898	9.18414	11.3425
31.18909	9.22224	11.1304
31.19030	9.26428	10.9183
31.18148	9.32056	10.7062
31.14531	9.38344	10.4938
31.11544	9.43626	10.2729
31.09752	9.48030	10.0607
31.07008	9.52118	9.8486
31.04763	9.55529	9.6303
31.02169	9.58194	9.4242
30.99601	9.59952	9.2060
30.98107	9.60817	9.0091
30.96706	9.61383	8.7939
30.94913	9.61744	8.5817
30.93868	9.61866	8.3727
30.93208	9.61871	8.1637
30.92424	9.61833	7.9697
30.91002	9.61816	7.7727
30.90278	9.61866	7.5757
30.89222	9.62016	7.3787
30.88154	9.62399	7.1755
30.87339	9.62937	6.9786
30.87372	9.63725	6.7847
30.86244	9.65191	6.5877
30.84572	9.66841	6.3907
30.83855	9.67919	6.1877
30.83901	9.69008	5.9875
30.82476	9.70621	5.7814
30.81321	9.71783	5.5876
30.80022	9.72440	5.3784
30.79147	9.72579	5.1786
30.79783	9.72462	4.9755
30.79911	9.72929	4.7783
30.80221	9.73959	4.5693
30.79079	9.75573	4.3845
30.77309	9.76910	4.1814
30.77245	9.77506	3.9845
30.77270	9.78102	3.7875
30.76988	9.78810	3.5936
30.77172	9.79468	3.3994
30.76643	9.80360	3.2026
30.76215	9.81202	2.9995
30.76567	9.81927	2.8025
30.77845	9.83054	2.6056
30.80501	9.85219	2.4084
30.79850	9.89101	2.2054
30.79532	9.93412	2.0086
30.77688	9.97906	1.8114
30.75395	10.01790	1.6175
30.77731	10.04796	1.4235
30.81429	10.09574	1.2295
30.83334	10.17470	1.0204
30.78886	10.27487	0.8234
30.73767	10.36099	0.6172
30.77139	10.43063	0.4567
30.77474	10.52449	0.3505
30.74783	10.63219	0.2930
30.67750	10.73375	0.2415
30.61864	10.80775	0.1779
30.53088	10.85833	0.1322
30.48783	10.88017	0.1416
30.46308	10.85988	0.1385
30.42620	10.81783	0.1382
30.40351	10.76027	0.1383
30.41986	10.67929	0.1382
30.45171	10.59000	0.1382
30.49154	10.50347	0.1382
30.53572	10.43126	0.1414
9.28993	10.37208	0.1321
3.69484	10.33593	0.1381
4.81055	10.32005	0.1352
6.89672	10.31078	0.1350
4.81631	10.30333	0.1322
4.49621	10.29502	0.1411
4.06943	10.28926	0.1413
3.78301	10.28345	0.1349
3.59388	10.27667	0.1351
3.33384	10.26860	0.1378
3.10715	10.26008	0.1349
2.91625	10.25117	0.1378
2.71676	10.24198	0.1378
2.55406	10.23256	0.1439
2.43502	10.22354	0.1377
2.25664	10.21452	0.1370
2.14417	10.20534	0.1317
2.06971	10.19638	0.1346
2.04426	10.18737	0.1376
1.98641	10.17903	0.1346
2.01393	10.17155	0.1346
2.14263	10.16434	0.1376
2.10574	10.15658	0.1375
1.96348	10.14847	0.1254
1.79794	10.13897	0.1283
1.61459	10.12868	0.1282
1.52834	10.11991	0.1252
1.48044	10.11187	0.1191
1.59876	10.10389	0.1253
1.91480	10.09608	0.1251
2.01096	10.08849	0.1250
2.01147	10.08074	0.1249
1.95143	10.07344	0.1280
1.96751	10.06598	0.1189
1.95284	10.05924	0.1219
1.86604	10.05324	0.1218
1.77261	10.04712	0.1248
1.64852	10.04112	0.1248
1.51963	10.03534	0.1277
1.39352	10.02995	0.1248
1.35959	10.02474	0.1187
1.35970	10.01975	0.1277
1.36336	10.01510	0.1276
1.34183	10.01016	0.1278
1.27773	10.00489	0.1275
1.24118	9.99912	0.1245
1.21308	9.99369	0.1245
1.19361	9.98814	0.1184
1.19027	9.98310	0.1215
1.19538	9.97811	0.1214
1.23866	9.97318	0.1242
1.29192	9.96842	0.1243
1.32750	9.96372	0.1212
1.34663	9.95907	0.1212
1.35176	9.95432	0.1240
