Salinity, Practical [PSU]	Temperature [ITS-90, deg C]	Depth [salt water, m]
0.03916	19.45414	-0.0234
0.03993	19.45370	-0.0174
0.04121	19.45348	-0.0204
0.04241	19.45253	-0.0204
0.04547	19.45231	-0.0205
0.04819	19.45223	-0.0174
0.05040	19.45238	-0.0265
0.05211	19.45099	-0.0174
0.05349	19.44718	-0.0235
0.05464	19.44345	-0.0234
0.05588	19.43891	-0.0265
0.05947	19.43547	-0.0204
0.06493	19.43408	-0.0175
0.06634	19.43378	-0.0235
0.06698	19.43400	-0.0235
0.06679	19.43327	-0.0235
0.06608	19.43283	-0.0205
0.06534	19.43239	-0.0235
0.06474	19.43181	-0.0235
0.06475	19.43122	-0.0205
0.06488	19.43042	-0.0144
0.06511	19.42983	-0.0114
0.06596	19.42917	-0.0174
0.06596	19.42881	-0.0205
0.06572	19.42932	-0.0205
0.07675	19.42830	-0.0205
0.08318	19.42698	-0.0175
0.08391	19.42639	-0.0175
0.08249	19.42603	-0.0205
0.08073	19.42237	-0.0266
0.07834	19.41579	-0.0205
0.07716	19.41330	-0.0175
0.07729	19.41110	-0.0174
0.07887	19.40759	-0.0205
0.07844	19.40364	-0.0175
0.08140	19.39999	-0.0205
0.08054	19.39670	-0.0235
0.08069	19.39414	-0.0205
0.07860	19.39187	-0.0175
0.07682	19.39129	-0.0144
0.07525	19.39165	-0.0235
0.07373	19.39144	-0.0175
0.07180	19.39158	-0.0144
0.07042	19.39151	-0.0175
0.06918	19.39129	-0.0205
0.06923	19.39005	-0.0205
0.06759	19.38968	-0.0205
0.06632	19.38946	-0.0175
0.06526	19.39041	-0.0205
0.06459	19.39063	-0.0145
0.06310	19.39122	-0.0205
0.06208	19.39158	-0.0175
0.06096	19.39224	-0.0175
0.06473	19.39253	-0.0235
0.06502	19.39246	-0.0265
4.20687	19.25357	0.0582
16.82554	17.77255	0.1492
23.86899	16.23426	0.2551
24.69330	15.14149	0.3853
25.45912	14.31569	0.5125
25.96948	13.74188	0.6095
26.27062	13.41063	0.7064
26.49202	13.21506	0.7760
26.59177	13.12693	0.8366
26.68079	13.06438	0.9063
26.84724	13.02771	0.9305
26.91960	13.06110	0.9245
26.93853	13.14321	0.9366
26.90459	13.22300	0.9245
26.88082	13.27842	0.9305
26.95826	13.29733	0.9336
27.07937	13.30144	0.9336
27.09529	13.31700	0.9306
27.11243	13.32399	0.9336
26.94329	13.34195	0.9305
26.83338	13.31957	0.9275
26.82681	13.24831	0.9335
26.86563	13.17554	0.9305
26.90780	13.11748	0.9366
26.94259	13.07242	0.9367
26.96292	13.02771	0.9366
26.97910	12.98202	0.9336
26.98899	12.93931	0.9366
27.00761	12.90555	0.9335
27.03954	12.88399	0.9335
27.07827	12.87339	0.9366
27.11644	12.87000	0.9366
27.13547	12.86667	0.9335
27.12072	12.85645	0.9396
27.09831	12.84133	0.9336
27.10539	12.82748	0.9336
27.13118	12.81787	0.9487
27.16718	12.81527	0.9457
27.19511	12.81992	0.9336
27.18247	12.82276	0.9306
27.13753	12.81781	0.9366
27.13042	12.80892	0.9366
27.13875	12.80167	0.9336
27.15458	12.79799	0.9366
27.16784	12.79751	0.9366
27.16495	12.79920	0.9335
27.13780	12.79944	0.9335
27.10989	12.79642	0.9335
27.10738	12.79153	0.9335
27.12159	12.78881	0.9335
27.14335	12.79050	0.9366
27.16870	12.79672	0.9245
27.18485	12.80421	0.9275
27.16950	12.80802	0.9275
27.13595	12.80760	0.9366
27.13111	12.80554	0.9396
27.14914	12.80639	0.9426
27.17288	12.81128	0.9366
27.19172	12.81787	0.9396
27.14462	12.82349	0.9336
27.07865	12.82440	0.9336
27.06056	12.82295	0.9306
27.07162	12.82307	0.9336
27.09648	12.82669	0.9336
27.11728	12.84042	0.9336
27.13252	12.85675	0.9396
27.12897	12.86413	0.9335
27.11123	12.86171	0.9305
27.10562	12.85590	0.9336
27.12025	12.85112	0.9336
27.14069	12.84858	0.9306
27.16407	12.84719	0.9367
27.18749	12.84616	0.9396
27.21070	12.84350	0.9336
27.25116	12.83927	0.9397
27.36107	12.83903	0.9397
27.43624	12.85058	0.9336
27.46890	12.86928	0.9336
27.53121	12.89137	0.9336
27.53208	12.96248	0.9397
27.48039	13.08447	0.9397
27.38518	13.21732	0.9366
27.24893	13.36832	0.9336
27.08977	13.54814	0.9336
26.96755	13.70934	0.9336
26.89348	13.82028	0.9306
26.86603	13.87663	0.9306
26.86145	13.90116	0.9306
26.83265	13.94248	0.9276
26.78630	14.00383	0.9337
26.73581	14.05821	0.9367
26.69301	14.10171	0.9366
26.65560	14.13461	0.9397
26.62675	14.15474	0.9336
26.60891	14.16064	0.9367
26.60289	14.15631	0.9337
26.60748	14.13894	0.9306
26.62044	14.11318	0.9337
26.63299	14.09251	0.9397
26.64285	14.07986	0.9337
26.65140	14.06666	0.9368
26.65895	14.05245	0.9397
26.66711	14.04357	0.9367
26.67039	14.04814	0.9398
26.66409	14.06134	0.9398
26.65413	14.06759	0.9338
26.64295	14.06828	0.9398
26.63073	14.07129	0.9337
26.62251	14.07423	0.9338
26.62622	14.06722	0.9368
26.63732	14.04826	0.9338
26.65163	14.02607	0.9338
26.66119	14.01045	0.9308
26.66595	14.00764	0.9368
26.66402	14.02063	0.9399
26.65969	14.03670	0.9338
26.65590	14.04789	0.9399
26.64929	14.05665	0.9369
26.64000	14.06847	0.9339
26.62648	14.08562	0.9369
26.61128	14.10547	0.9339
26.59726	14.12477	0.9400
26.58546	14.14232	0.9339
26.57204	14.15612	0.9370
26.55647	14.16447	0.9339
26.54687	14.17150	0.9370
26.53996	14.18443	0.9400
26.52894	14.20213	0.9370
26.51472	14.21797	0.9310
26.50233	14.22991	0.9370
26.49050	14.23858	0.9371
26.47963	14.24506	0.9401
26.46864	14.25211	0.9431
26.45810	14.26016	0.9340
26.44948	14.26827	0.9341
26.44023	14.27608	0.9371
26.43352	14.28344	0.9371
26.42796	14.29119	0.9280
26.42096	14.29900	0.9311
26.41443	14.30643	0.9402
26.40755	14.31374	0.9341
26.40070	14.32174	0.9372
26.39422	14.33044	0.9311
26.38883	14.33958	0.9372
26.38437	14.34778	0.9312
26.37976	14.35579	0.9282
26.38009	14.36393	0.9312
26.38113	14.37062	0.9343
26.37578	14.37561	0.9343
26.36097	14.38179	0.9343
26.33957	14.38766	0.9404
26.32559	14.38994	0.9374
26.32012	14.39429	0.9434
26.31791	14.40042	0.9465
26.32009	14.40339	0.9374
26.31588	14.40465	0.9405
26.31314	14.40705	0.9375
26.31364	14.41084	0.9375
26.31529	14.41539	0.9405
26.31341	14.41900	0.9345
26.31101	14.42089	0.9466
26.30663	14.42020	0.9436
26.30022	14.41830	0.9466
26.29516	14.41805	0.9406
26.29411	14.41919	0.9406
26.29308	14.41988	0.9437
26.29076	14.42001	0.9376
26.28762	14.42095	0.9377
26.28545	14.42374	0.9377
26.28272	14.42778	0.9377
26.28190	14.42980	0.9407
26.28417	14.42974	0.9408
26.28751	14.42810	0.9408
26.28791	14.42595	0.9468
26.28489	14.42374	0.9438
26.28123	14.42133	0.9378
26.27641	14.41900	0.9409
26.27300	14.41786	0.9348
26.27105	14.41868	0.9378
26.27041	14.42045	0.9379
26.27142	14.42266	0.9410
26.27408	14.42449	0.9440
26.27560	14.42677	0.9409
26.27477	14.42924	0.9380
26.27274	14.43101	0.9350
26.27061	14.43126	0.9410
26.26753	14.43006	0.9411
26.26468	14.42810	0.9411
26.26237	14.42664	0.9411
26.25970	14.42607	0.9381
26.25888	14.42563	0.9442
26.25986	14.42418	0.9442
26.26141	14.42272	0.9382
26.26267	14.42127	0.9412
26.26183	14.41963	0.9413
26.26033	14.41773	0.9443
26.26041	14.41432	0.9352
26.26297	14.40971	0.9414
26.26570	14.40806	0.9444
26.26700	14.40952	0.9475
26.26683	14.41141	0.9414
26.26677	14.41192	0.9384
26.26666	14.41167	0.9384
26.26989	14.40895	0.9354
26.27569	14.40408	0.9385
26.28051	14.40067	0.9416
26.28012	14.40042	0.9324
26.27545	14.40156	0.9416
26.27271	14.40149	0.9416
26.27080	14.39897	0.9447
26.27147	14.39385	0.9386
26.27475	14.38811	0.9447
26.27776	14.38375	0.9387
26.27921	14.37996	0.9387
26.27952	14.37579	0.9388
26.28147	14.37169	0.9388
26.28330	14.36980	0.9418
26.28403	14.37037	0.9449
26.28438	14.37068	0.9449
26.28345	14.36917	0.9388
26.28400	14.36557	0.9389
26.28397	14.36273	0.9389
26.28109	14.36204	0.9450
26.27460	14.36298	0.9390
26.27112	14.36235	0.9481
26.27188	14.35762	0.9390
26.27296	14.35232	0.9420
26.27380	14.34860	0.9452
26.27474	14.34475	0.9361
26.27387	14.34028	0.9422
26.27197	14.33567	0.9422
26.27236	14.33189	0.9422
26.27398	14.32949	0.9423
26.27496	14.32641	0.9393
26.27666	14.32061	0.9423
26.27960	14.31544	0.9363
26.28146	14.31229	0.9454
26.28060	14.31109	0.9363
26.28074	14.30964	0.9394
26.28324	14.30719	0.9455
26.28509	14.30530	0.9364
26.28535	14.30467	0.9425
26.28455	14.30486	0.9395
26.28253	14.30618	0.9426
26.27894	14.30901	0.9456
26.27444	14.31317	0.9457
26.26720	14.31777	0.9487
26.26275	14.32105	0.9457
26.26255	14.32092	0.9428
26.26525	14.31777	0.9367
26.26867	14.31437	0.9458
26.27182	14.31179	0.9368
26.27462	14.30971	0.9429
26.27660	14.30794	0.9429
26.27690	14.30593	0.9399
26.27539	14.30240	0.9399
26.27389	14.29843	0.9460
26.27335	14.29471	0.9369
26.27456	14.29062	0.9400
26.27830	14.28502	0.9522
26.28159	14.27853	0.9431
26.28197	14.27262	0.9461
26.28165	14.26733	0.9462
26.28118	14.26400	0.9432
26.27853	14.26173	0.9463
26.27698	14.25701	0.9403
26.27863	14.24808	0.9463
26.28171	14.23902	0.9434
26.28463	14.22978	0.9433
26.28992	14.21878	0.9434
26.29596	14.20948	0.9434
26.29971	14.20232	0.9434
26.30022	14.19541	0.9374
26.30172	14.18744	0.9405
26.30352	14.17953	0.9466
26.30536	14.17313	0.9436
26.30478	14.16748	0.9467
26.30469	14.16146	0.9497
26.30322	14.15662	0.9467
26.30173	14.15274	0.9407
26.30324	14.14929	0.9377
26.30352	14.14722	0.9408
26.30321	14.14521	0.9469
26.30181	14.14201	0.9378
26.30115	14.13681	0.9469
26.30364	14.12953	0.9440
26.30588	14.12214	0.9409
26.30757	14.11512	0.9440
26.30729	14.10986	0.9471
26.30552	14.10547	0.9471
26.30404	14.10115	0.9441
26.30214	14.09695	0.9441
26.30078	14.09163	0.9442
26.29863	14.08625	0.9472
26.29733	14.08042	0.9412
26.29700	14.07598	0.9443
26.29563	14.07429	0.9383
26.29214	14.07498	0.9413
26.29025	14.07323	0.9444
26.29104	14.06803	0.9444
26.29334	14.06178	0.9444
26.29422	14.05802	0.9505
26.29078	14.05658	0.9445
26.28722	14.05408	0.9415
26.28704	14.04776	0.9476
26.28957	14.03713	0.9506
26.29369	14.02419	0.9416
26.30048	14.01176	0.9417
26.30505	14.00176	0.9387
26.30746	13.99421	0.9417
26.30964	13.98690	0.9388
26.31042	13.97885	0.9419
26.31153	13.97074	0.9388
26.31267	13.96175	0.9419
26.31569	13.95239	0.9449
26.31816	13.94435	0.9389
26.32008	13.93743	0.9390
26.32254	13.93013	0.9421
26.32556	13.92209	0.9451
26.32865	13.91387	0.9421
26.32944	13.90664	0.9482
26.33077	13.89985	0.9421
26.33125	13.89381	0.9482
26.33167	13.88958	0.9483
26.33119	13.88659	0.9483
26.33165	13.88229	0.9483
26.33251	13.87569	0.9484
26.33444	13.86804	0.9454
26.33627	13.86126	0.9484
26.33906	13.85479	0.9516
26.34156	13.84950	0.9456
26.34276	13.84446	0.9516
26.34307	13.83999	0.9486
26.34377	13.83526	0.9487
26.34529	13.83066	0.9487
26.34527	13.82619	0.9457
26.34458	13.82153	0.9427
26.34521	13.81699	0.9488
26.34642	13.81152	0.9488
26.34838	13.80506	0.9398
26.35052	13.79947	0.9489
26.35237	13.79432	0.9459
26.35411	13.78898	0.9460
26.35481	13.78345	0.9460
26.35572	13.77768	0.9461
26.35606	13.77234	0.9491
26.35507	13.76762	0.9552
26.35327	13.76378	0.9462
26.35235	13.76068	0.9493
26.35406	13.75695	0.9523
26.35689	13.75242	0.9523
26.35913	13.74678	0.9464
26.36172	13.73971	0.9463
26.36482	13.73233	0.9464
26.36827	13.72533	0.9525
26.36993	13.71963	0.9465
26.36954	13.71455	0.9496
26.36932	13.70879	0.9496
26.37121	13.70160	0.9526
26.37434	13.69336	0.9467
26.37852	13.68532	0.9436
26.38294	13.67888	0.9437
26.38472	13.67424	0.9498
26.38491	13.66953	0.9528
26.38690	13.66378	0.9468
26.39162	13.65691	0.9530
26.39472	13.65035	0.9529
26.39547	13.64565	0.9500
26.39625	13.64207	0.9470
26.39634	13.63873	0.9500
26.39753	13.63496	0.9470
26.39946	13.63174	0.9502
26.40189	13.62902	0.9532
26.40329	13.62618	0.9532
26.40337	13.62327	0.9442
26.40331	13.62049	0.9503
26.40255	13.61839	0.9594
26.40266	13.61536	0.9473
26.40365	13.61147	0.9504
26.40370	13.60820	0.9474
26.40434	13.60400	0.9535
26.40721	13.59869	0.9475
26.40990	13.59436	0.9475
26.41063	13.59084	0.9445
26.41118	13.58726	0.9537
26.41123	13.58350	0.9477
26.41243	13.57979	0.9477
26.41314	13.57794	0.9477
26.41272	13.57732	0.9479
26.41078	13.57572	0.9478
26.40850	13.57214	0.9539
26.40647	13.56819	0.9509
26.40619	13.56443	0.9510
26.40737	13.56042	0.9540
26.41058	13.55739	0.9450
26.41305	13.55579	0.9481
26.41393	13.55493	0.9451
26.41301	13.55388	0.9481
26.41195	13.55295	0.9513
26.41032	13.55252	0.9542
26.40934	13.55190	0.9422
26.41114	13.55011	0.9483
26.41326	13.54826	0.9483
26.41428	13.54678	0.9545
26.41362	13.54611	0.9515
26.41229	13.54598	0.9515
26.41027	13.54654	0.9516
26.40952	13.54598	0.9486
26.41218	13.54376	0.9456
26.41473	13.54204	0.9487
26.41604	13.54136	0.9547
26.41537	13.54111	0.9578
26.41188	13.54093	0.9519
26.40590	13.54074	0.9549
26.40531	13.54012	0.9489
26.40684	13.53815	0.9428
26.40835	13.53636	0.9520
26.40912	13.53525	0.9520
26.40933	13.53495	0.9491
26.40998	13.53482	0.9551
26.40706	13.53464	0.9522
26.40291	13.53377	0.9492
26.40165	13.53199	0.9492
26.40131	13.53001	0.9553
26.40231	13.52816	0.9554
26.40324	13.52681	0.9494
26.40586	13.52588	0.9494
26.40735	13.52447	0.9525
26.40733	13.52293	0.9555
26.40721	13.52188	0.9556
26.40654	13.52120	0.9556
26.40497	13.52071	0.9435
26.40443	13.51984	0.9497
26.40398	13.51886	0.9496
26.40384	13.51800	0.9528
26.40529	13.51695	0.9528
26.40597	13.51596	0.9528
26.40470	13.51461	0.9559
26.40246	13.51344	0.9530
26.40225	13.51251	0.9530
26.40242	13.51227	0.9500
26.40183	13.51190	0.9531
26.40079	13.51060	0.9562
26.40094	13.50875	0.9471
26.40130	13.50660	0.9471
26.40229	13.50475	0.9533
26.40281	13.50358	0.9503
26.40342	13.50155	0.9473
26.40450	13.49834	0.9504
26.40675	13.49508	0.9504
26.40830	13.49243	0.9474
26.40955	13.49022	0.9505
26.41055	13.48818	0.9536
26.41039	13.48621	0.9506
26.40946	13.48387	0.9446
26.41038	13.48098	0.9476
26.41211	13.47766	0.9416
26.41545	13.47396	0.9447
26.41831	13.47064	0.9447
26.41548	13.46793	0.9569
26.38976	13.46763	1.0175
26.36915	13.46720	1.1508
26.35174	13.33085	1.3084
26.51416	13.06700	1.5023
26.65082	12.84743	1.7173
26.75077	12.69774	1.9536
26.83175	12.59139	2.1869
26.92313	12.49937	2.4110
26.99607	12.39904	2.6565
27.05535	12.28718	2.9048
27.13926	12.15714	3.1532
27.23796	12.03495	3.3925
27.32591	11.93883	3.6379
27.38510	11.86544	3.8833
27.41966	11.79085	4.1317
27.46865	11.70051	4.3832
27.52980	11.61408	4.6315
27.58975	11.53013	4.8830
27.65134	11.43996	5.1313
27.74180	11.34670	5.3707
27.85304	11.23809	5.6190
27.93867	11.12627	5.8675
27.99408	11.01324	6.1219
28.07749	10.88413	6.3733
28.16517	10.74832	6.6368
28.26329	10.58101	6.8822
28.41283	10.36008	7.1367
28.56931	10.15472	7.3850
28.72310	9.97010	7.6396
28.85608	9.82412	7.8879
28.96882	9.68691	8.1423
29.04384	9.58510	8.3969
29.10314	9.51244	8.6573
29.14319	9.46150	8.9057
29.16921	9.42715	9.1662
29.18624	9.40418	9.4146
29.19904	9.38989	9.6569
29.20377	9.38057	9.9115
29.20718	9.37511	10.1598
29.21851	9.36905	10.4112
29.22773	9.35494	10.6596
29.24130	9.33935	10.9201
29.24864	9.32684	11.1745
29.25863	9.31528	11.4169
29.26565	9.30620	11.6683
29.26991	9.30047	11.9167
29.27324	9.29590	12.1561
29.27442	9.29172	12.4014
29.27952	9.28352	12.6437
29.29032	9.26983	12.8891
29.30343	9.24839	13.1405
29.33174	9.21455	13.3859
29.37100	9.16444	13.6343
29.41035	9.10679	13.8826
29.41927	9.03490	14.1281
29.51067	8.89456	14.3884
29.62240	8.75131	14.6217
29.68686	8.64590	14.8793
29.73077	8.55362	15.1306
29.78971	8.45121	15.3820
29.86798	8.35046	15.6335
29.92464	8.27618	15.8667
29.96059	8.22913	16.1242
29.98164	8.19765	16.3665
29.99919	8.17218	16.6179
30.01335	8.15138	16.8693
30.02556	8.13273	17.1207
30.03700	8.11575	17.3813
30.03984	8.10266	17.6387
30.04801	8.08564	17.8871
30.05762	8.06360	18.1385
30.07988	8.02660	18.3869
30.11472	7.98027	18.6292
30.14069	7.94005	18.8868
30.16817	7.90662	19.1351
30.18952	7.87693	19.3835
30.20243	7.85453	19.6289
30.21412	7.83438	19.8803
30.22584	7.81179	20.1257
30.24671	7.78138	20.3740
30.26482	7.74495	20.6254
30.29532	7.69831	20.8709
30.33169	7.64644	21.1283
30.37638	7.59147	21.3766
30.41022	7.54827	21.6220
30.43202	7.51669	21.8764
30.45146	7.48271	22.1309
30.48839	7.43390	22.3762
30.53083	7.38299	22.6306
30.56022	7.34735	22.8881
30.57957	7.32425	23.1364
30.59092	7.30985	23.3879
30.59838	7.30121	23.6454
30.60146	7.29692	23.8967
30.60253	7.29446	24.1422
30.60329	7.29242	24.4025
30.60472	7.29090	24.6480
30.60492	7.29032	24.8993
30.60382	7.29032	25.1386
30.60323	7.29011	25.3810
30.60305	7.28959	25.6263
30.60329	7.28912	25.8777
30.60312	7.28881	26.1231
30.60257	7.28818	26.3745
30.60212	7.28781	26.6168
30.60248	7.28766	26.8712
30.60313	7.28755	27.1197
30.60222	7.28771	27.3620
30.60205	7.28776	27.6195
30.59972	7.28755	27.9132
30.60184	7.28629	28.1858
30.60078	7.28520	28.4191
30.59867	7.28054	28.6765
30.61057	7.26260	28.9219
30.62975	7.23991	29.1763
30.64516	7.21745	29.4278
30.66347	7.19525	29.6731
30.67940	7.17276	29.9245
30.69366	7.15247	30.1698
30.70818	7.13511	30.4303
30.72007	7.12124	30.6847
30.73034	7.11139	30.9271
30.73516	7.10473	31.1845
30.73913	7.09962	31.4360
30.74264	7.09504	31.6753
30.74256	7.09103	31.9236
30.74690	7.08671	32.1720
30.75057	7.08202	32.4113
30.75331	7.07822	32.6597
30.75512	7.07494	32.9110
30.75836	7.07156	33.1534
30.76165	7.06812	33.4017
30.76328	7.06490	33.6471
30.76501	7.06157	33.8894
30.76757	7.05678	34.1378
30.77001	7.04882	34.3832
30.77848	7.03660	34.6255
30.78728	7.02490	34.8738
30.79454	7.01591	35.1161
30.80135	7.00816	35.3584
30.80649	7.00193	35.5977
30.80960	6.99735	35.8430
30.81180	6.99320	36.0885
30.81338	6.98696	36.3369
30.81764	6.97699	36.5823
30.82538	6.96090	36.8185
30.84930	6.93236	37.0699
30.87653	6.90047	37.3183
30.89848	6.87555	37.5575
30.91165	6.85929	37.8029
30.92058	6.84857	38.0482
30.92585	6.84153	38.3209
30.92998	6.83604	38.6086
30.93241	6.83144	38.8509
30.93628	6.82440	39.0994
30.94287	6.81524	39.3447
30.95031	6.80433	39.5840
30.96185	6.78887	39.8293
30.97489	6.77042	40.0776
30.99117	6.74713	40.3200
31.01351	6.71863	40.5744
31.03758	6.69088	40.8138
31.05530	6.66964	41.0682
31.06722	6.65578	41.3134
31.07474	6.64624	41.5589
31.08018	6.63975	41.8072
31.08340	6.63548	42.0647
31.08558	6.63177	42.3040
31.08849	6.62806	42.5554
31.08957	6.62534	42.7978
31.09221	6.62230	43.0612
31.09366	6.61916	43.3097
31.09347	6.61597	43.5610
31.09758	6.60953	43.8063
31.10390	6.60089	44.0607
31.10959	6.59250	44.3062
31.11544	6.58519	44.5515
31.11974	6.57959	44.8120
31.12180	6.57542	45.0574
31.12397	6.57023	45.3087
31.13067	6.56185	45.5571
31.13772	6.55398	45.8025
31.14265	6.54874	46.0449
31.14591	6.54489	46.2962
31.14879	6.54175	46.5386
31.14950	6.53944	46.7778
31.15235	6.53656	47.0232
31.15306	6.53276	47.2747
31.15691	6.52803	47.5199
31.16008	6.52377	47.7653
31.16167	6.52115	48.0167
31.16305	6.51900	48.2621
31.16433	6.51694	48.5195
31.16575	6.51489	48.7679
31.16626	6.51309	49.0072
31.16692	6.51083	49.2526
31.17015	6.50641	49.5038
31.17425	6.50113	49.7614
31.17825	6.49625	49.9977
31.18107	6.49297	50.2429
31.18251	6.49096	50.4883
31.18391	6.48819	50.7428
31.18614	6.48383	50.9912
31.18999	6.47891	51.2395
31.19302	6.47501	51.4910
31.19457	6.47244	51.7454
31.19594	6.46977	51.9968
31.19772	6.46726	52.2361
31.19886	6.46521	52.4966
31.19977	6.46372	52.7419
31.20021	6.46244	52.9934
31.20078	6.46111	53.2327
31.20264	6.45916	53.4840
31.20378	6.45741	53.7295
31.20482	6.45541	53.9718
31.20696	6.45346	54.2202
31.20829	6.45136	54.4746
31.20987	6.44952	54.7168
31.21121	6.44793	54.9592
31.21235	6.44670	55.2136
31.21284	6.44552	55.4500
31.21422	6.44352	55.7044
31.21511	6.44137	55.9618
31.21402	6.43865	56.2041
31.21622	6.43270	56.4496
31.22523	6.42235	56.7010
31.23230	6.41385	56.9432
31.23795	6.40821	57.1886
31.24094	6.40453	57.4430
31.24231	6.40253	57.6944
31.24229	6.40094	57.9427
31.24326	6.39894	58.1911
31.24509	6.39659	58.4456
31.24584	6.39526	58.7243
31.24434	6.39387	58.9847
31.24349	6.38978	59.2181
31.24709	6.38312	59.4723
31.24849	6.37642	59.7238
31.25405	6.36956	59.9722
31.25838	6.36434	60.2145
31.26078	6.36086	60.4630
31.26213	6.35851	60.7204
31.26474	6.35667	60.9537
31.26757	6.35457	61.2020
31.26979	6.35232	61.4534
31.27198	6.35017	61.7017
31.27342	6.34848	61.9380
31.27506	6.34746	62.1865
31.27694	6.34618	62.4318
31.27844	6.34516	62.6831
31.27947	6.34495	62.9316
31.27976	6.34480	63.1829
31.28054	6.34465	63.4345
31.28086	6.34454	63.6766
31.28107	6.34419	63.9311
31.28001	6.34291	64.1856
31.28044	6.33994	64.4249
31.28359	6.33565	64.6764
31.28660	6.33186	64.9368
31.28703	6.32874	65.1822
31.28252	6.32537	65.4366
31.27791	6.31980	65.6789
31.27620	6.31086	65.9304
31.27875	6.30053	66.1696
31.28414	6.28904	66.4301
31.29040	6.27781	66.6754
31.29061	6.26744	66.9178
31.29593	6.25642	67.1480
31.30143	6.24682	67.3964
31.30518	6.23973	67.6448
31.30446	6.23387	67.8840
31.30382	6.22739	68.1355
31.30733	6.21989	68.3869
31.31753	6.21291	68.6353
31.32459	6.20852	68.9048
31.32479	6.20623	69.1986
31.32264	6.20414	69.4380
31.32391	6.20123	69.6743
31.32567	6.19853	69.9226
31.31826	6.19598	70.1830
31.31432	6.19012	70.4193
31.32139	6.18085	70.6678
31.32737	6.17357	70.9222
31.33079	6.16898	71.1674
31.32862	6.16588	71.4189
31.33243	6.16236	71.6583
31.33295	6.15916	71.9067
31.33464	6.15646	72.1520
31.33075	6.15417	72.4004
31.33092	6.15030	72.6517
31.33430	6.14577	72.8971
31.33665	6.14236	73.1454
31.33799	6.13996	73.3789
31.33883	6.13798	73.6149
31.33983	6.13640	73.8543
31.33919	6.13518	74.1057
31.33914	6.13371	74.3540
31.33933	6.13198	74.5934
31.33977	6.12989	74.8358
31.34142	6.12791	75.0781
31.34192	6.12628	75.3203
31.34278	6.12485	75.5566
31.34316	6.12358	75.7989
31.34314	6.12251	76.0444
31.34001	6.12104	76.2776
31.34206	6.11804	76.5139
31.34399	6.11478	76.7531
31.34351	6.11229	76.9985
31.34439	6.10944	77.2288
31.34597	6.10649	77.4649
31.34799	6.10359	77.7043
31.34953	6.10135	77.9526
31.35058	6.09973	78.1889
31.35196	6.09856	78.4282
31.35305	6.09785	78.6736
31.35321	6.09754	78.9250
31.35142	6.09719	79.2128
31.35105	6.09561	79.4642
31.35235	6.09312	79.6883
31.35421	6.09098	79.9367
31.35527	6.08956	80.1820
31.35555	6.08854	80.4213
31.35671	6.08717	80.6577
31.35763	6.08605	80.9000
31.35769	6.08534	81.1454
31.35818	6.08483	81.3816
31.35841	6.08417	81.6207
31.35918	6.08336	81.8632
31.36007	6.08280	82.0964
31.35967	6.08244	82.3388
31.36021	6.08204	82.5750
31.36102	6.08163	82.8142
31.36079	6.08153	83.0566
31.36087	6.08133	83.2869
31.36154	6.08107	83.5262
31.36131	6.08097	83.7776
31.36091	6.08092	84.0138
31.36101	6.08031	84.2562
31.36143	6.07995	84.5046
31.36108	6.07970	84.7438
31.36139	6.07924	84.9833
31.36193	6.07868	85.2196
31.36223	6.07838	85.4647
31.37107	6.07833	85.6950
31.37064	6.08016	85.9312
31.36650	6.08229	86.1736
31.36536	6.08310	86.4158
31.36573	6.08295	86.6552
31.36540	6.08194	86.8884
31.36788	6.07965	87.1188
31.37129	6.07762	87.3671
31.37648	6.07655	87.6034
31.38212	6.07655	87.8365
31.38606	6.07736	88.0700
31.38526	6.07884	88.3153
31.38218	6.07990	88.5606
31.38320	6.07970	88.8209
31.38732	6.07939	89.1057
31.38786	6.07980	89.3451
31.38719	6.08041	89.5753
31.38538	6.08077	89.8175
31.38297	6.08006	90.0689
31.38188	6.07823	90.3053
31.38494	6.07553	90.5445
31.38738	6.07314	90.7778
31.39201	6.07157	91.0290
31.39321	6.07111	91.2685
31.39405	6.07126	91.5199
31.39806	6.07177	91.7592
31.40186	6.07309	92.0046
31.40342	6.07543	92.2439
31.40311	6.07772	92.4892
31.40407	6.07945	92.7344
31.40491	6.08026	92.9769
31.40436	6.08067	93.2163
31.40443	6.08046	93.4554
31.40483	6.07990	93.7040
31.40510	6.07838	93.9401
31.40689	6.07640	94.1826
31.40834	6.07508	94.4278
31.40894	6.07431	94.6672
31.40952	6.07386	94.9156
31.40969	6.07355	95.1488
31.40996	6.07350	95.3940
31.40957	6.07350	95.6426
31.41033	6.07360	95.8788
31.41102	6.07340	96.1181
31.41012	6.07365	96.3663
31.41014	6.07381	96.6086
31.41060	6.07386	96.8451
31.41034	6.07401	97.0843
31.40982	6.07386	97.3327
31.41005	6.07370	97.5811
31.41095	6.07335	97.8234
31.41121	6.07294	98.0657
31.41122	6.07259	98.3110
31.41150	6.07238	98.5686
31.41158	6.07253	98.8139
31.41081	6.07264	99.0895
31.41121	6.07228	99.3711
31.41090	6.07213	99.6134
31.41140	6.07147	99.8497
31.41114	6.07065	100.0981
31.41091	6.06959	100.3585
31.41061	6.06801	100.6009
31.41218	6.06583	100.8372
31.41355	6.06415	101.0794
31.41467	6.06288	101.3370
31.41556	6.06217	101.5762
31.41506	6.06176	101.8337
31.41482	6.06131	102.0730
31.41527	6.06070	102.3245
31.41601	6.06014	102.5758
31.41624	6.05999	102.8242
31.41635	6.05988	103.0786
31.41641	6.05999	103.3330
31.41614	6.06009	103.5784
31.41572	6.06019	103.8330
31.41540	6.06004	104.0843
31.41531	6.05963	104.3327
31.41553	6.05912	104.5840
31.41538	6.05856	104.8353
31.41457	6.05790	105.0929
31.40976	6.05653	105.3320
31.40495	6.05272	105.5806
31.41039	6.04597	105.8380
31.41453	6.04064	106.0864
31.41606	6.03693	106.3256
31.41688	6.03429	106.5742
31.41841	6.03185	106.8225
31.41682	6.02982	107.0586
31.41889	6.02739	107.3101
31.41981	6.02531	107.5522
31.42052	6.02368	107.7917
31.42019	6.02257	108.0491
31.42117	6.02094	108.2914
31.42098	6.01962	108.5368
31.42227	6.01810	108.7791
31.42353	6.01698	109.0366
31.42372	6.01627	109.3092
31.42426	6.01592	109.5939
31.42390	6.01536	109.8422
31.42282	6.01470	110.0907
31.42281	6.01318	110.3298
31.42395	6.01145	110.5874
31.42510	6.00978	110.8449
31.42543	6.00856	111.0871
31.42557	6.00755	111.3327
31.42654	6.00638	111.5809
31.42697	6.00542	111.8322
31.42673	6.00481	112.0806
31.42766	6.00405	112.3320
31.42704	6.00349	112.5683
31.42789	6.00288	112.8196
31.42863	6.00263	113.0651
31.42855	6.00222	113.3045
31.42901	6.00197	113.5558
31.42749	6.00171	113.7979
31.42730	6.00075	114.0463
31.42817	5.99984	114.2978
31.42837	5.99897	114.5373
31.42852	5.99831	114.7914
31.42875	5.99735	115.0339
31.42959	5.99654	115.2823
31.43013	5.99583	115.5336
31.43059	5.99522	115.7759
31.43089	5.99492	116.0183
31.43083	5.99471	116.2606
31.43124	5.99451	116.5090
31.43062	5.99446	116.7604
31.43070	5.99410	117.0056
31.43105	5.99360	117.2479
31.43132	5.99319	117.4904
31.43172	5.99279	117.7326
31.43244	5.99248	117.9689
31.43203	5.99243	118.2113
31.43267	5.99213	118.4657
31.43290	5.99197	118.7019
31.43298	5.99177	118.9443
31.43335	5.99162	119.1836
31.43341	5.99157	119.4471
31.43358	5.99147	119.7318
31.43330	5.99126	119.9951
31.43376	5.99116	120.2286
31.43347	5.99121	120.4587
31.43345	5.99111	120.7101
31.43317	5.99091	120.9676
31.43338	5.99071	121.2098
31.43376	5.99040	121.4491
31.43353	5.99015	121.6913
31.43305	5.98995	121.9459
31.43391	5.98949	122.1912
31.43364	5.98929	122.4274
31.43409	5.98908	122.6062
31.43370	5.98888	122.6607
31.43503	5.98873	122.6187
31.43754	5.98893	122.5765
31.43739	5.99020	122.5889
31.43260	5.99172	122.6162
31.43437	5.99233	122.6163
31.43405	5.99268	122.5923
31.43450	5.99258	122.5682
31.43483	5.99294	122.4928
31.43617	5.99334	122.3386
31.43786	5.99441	122.1997
31.43651	5.99598	122.0999
31.43453	5.99715	121.9821
31.43172	5.99735	121.8582
31.43196	5.99649	121.7284
31.43370	5.99573	121.5801
31.43338	5.99542	121.4077
31.43265	5.99527	121.2080
31.43273	5.99456	120.9874
31.43438	5.99400	120.7636
31.43458	5.99390	120.5337
31.43382	5.99410	120.2885
31.43350	5.99421	120.0346
31.43392	5.99426	119.7836
31.43342	5.99456	119.5144
31.43510	5.99466	119.2484
31.43394	5.99537	118.9940
31.43217	5.99593	118.7432
31.43213	5.99573	118.4861
31.43176	5.99522	118.2289
31.43270	5.99471	117.9717
31.43193	5.99441	117.7207
31.43243	5.99415	117.4606
31.43222	5.99421	117.2093
31.43122	5.99431	116.9463
31.43352	5.99441	116.6860
31.43354	5.99497	116.4230
31.43197	5.99568	116.1627
31.43190	5.99618	115.8907
31.43177	5.99654	115.6152
31.43084	5.99694	115.3312
31.43001	5.99694	115.0528
31.42973	5.99679	114.7773
31.43032	5.99689	114.5052
31.43079	5.99689	114.2329
31.43048	5.99715	113.9607
31.43007	5.99720	113.6945
31.43100	5.99745	113.4192
31.43172	5.99821	113.1560
31.43089	5.99918	112.8778
31.43129	5.99999	112.6175
31.43018	6.00095	112.3516
31.42976	6.00191	112.0760
31.42897	6.00252	111.8070
31.42897	6.00303	111.5437
31.42867	6.00349	111.2806
31.42887	6.00415	111.0143
31.42809	6.00476	110.7451
31.42882	6.00521	110.4788
31.42829	6.00592	110.2127
31.42781	6.00658	109.9403
31.42842	6.00709	109.6772
31.42910	6.00790	109.4020
31.42885	6.00927	109.1296
31.42828	6.01084	108.8603
31.42792	6.01247	108.5942
31.42600	6.01394	108.3279
31.42535	6.01470	108.0588
31.42533	6.01531	107.7925
31.42547	6.01602	107.5383
31.42450	6.01683	107.2661
31.42436	6.01749	106.9967
31.42420	6.01810	106.7336
31.42489	6.01896	106.4736
31.42498	6.02018	106.2102
31.42473	6.02155	105.9410
31.42585	6.02292	105.6870
31.42636	6.02480	105.4115
31.42565	6.02703	105.1513
31.42471	6.02921	104.8912
31.42411	6.03140	104.6311
31.42422	6.03328	104.3587
31.42414	6.03520	104.0744
31.42428	6.03734	103.7959
31.42564	6.03972	103.5087
31.42516	6.04313	103.2153
31.42323	6.04648	102.9156
31.42107	6.04962	102.6130
31.42046	6.05191	102.3165
31.41909	6.05384	102.0199
31.41782	6.05536	101.7235
31.41694	6.05653	101.4360
31.41708	6.05719	101.1485
31.41620	6.05790	100.8975
31.41729	6.05861	100.6677
31.41651	6.05943	100.4438
31.41548	6.06014	100.2048
31.41622	6.06049	99.9688
31.41602	6.06121	99.7329
31.41623	6.06242	99.4969
31.41509	6.06385	99.2638
31.41569	6.06547	99.0188
31.41471	6.06710	98.7738
31.41319	6.06842	98.5468
31.41288	6.06923	98.3199
31.41263	6.06999	98.0839
31.41172	6.07081	97.8451
31.41065	6.07126	97.6182
31.41071	6.07132	97.3821
31.41102	6.07147	97.1519
31.41101	6.07167	96.9192
31.41067	6.07208	96.6892
31.40940	6.07253	96.4533
31.40841	6.07253	96.2263
31.40892	6.07218	95.9903
31.40821	6.07203	95.7603
31.40831	6.07167	95.5215
31.40851	6.07142	95.2915
31.40865	6.07116	95.0587
31.40881	6.07111	94.8197
31.40918	6.07106	94.5834
31.40948	6.07137	94.3566
31.40892	6.07172	94.1176
31.40914	6.07198	93.8906
31.40859	6.07253	93.6547
31.40866	6.07309	93.4217
31.40850	6.07406	93.1858
31.40805	6.07502	92.9588
31.40609	6.07645	92.7230
31.40481	6.07736	92.4958
31.40160	6.07843	92.2599
31.39990	6.07934	92.0241
31.39596	6.07980	91.7940
31.39333	6.07950	91.5642
31.39070	6.07853	91.3341
31.38860	6.07701	91.0951
31.38919	6.07508	90.8682
31.38868	6.07360	90.6294
31.38827	6.07238	90.4024
31.38860	6.07177	90.1663
31.38808	6.07208	89.9333
31.38749	6.07284	89.7004
31.38645	6.07370	89.4734
31.38611	6.07457	89.2374
31.38532	6.07553	89.0075
31.38469	6.07635	88.7563
31.38329	6.07696	88.4991
31.38319	6.07680	88.2661
31.38408	6.07670	88.0421
31.38295	6.07685	87.8122
31.38244	6.07685	87.5733
31.38057	6.07655	87.3493
31.38070	6.07579	87.1164
31.37740	6.07502	86.8893
31.37227	6.07477	86.6504
31.36943	6.07477	86.4265
31.36788	6.07472	86.1874
31.36752	6.07492	85.9574
31.36720	6.07538	85.7396
31.36634	6.07599	85.5097
31.36499	6.07660	85.2767
31.36448	6.07690	85.0346
31.36499	6.07721	84.8106
31.36561	6.07762	84.5807
31.36494	6.07853	84.3477
31.36440	6.07924	84.1025
31.36462	6.07980	83.8455
31.36365	6.08031	83.5942
31.36320	6.08056	83.3248
31.36348	6.08077	83.0617
31.36409	6.08092	82.7862
31.36391	6.08133	82.4986
31.36415	6.08189	82.2173
31.36451	6.08244	81.9358
31.36273	6.08341	81.6453
31.36268	6.08427	81.3608
31.36231	6.08519	81.0763
31.36114	6.08631	80.7919
31.36094	6.08697	80.5073
31.36105	6.08773	80.2230
31.36040	6.08865	79.9414
31.35966	6.08981	79.6570
31.35881	6.09088	79.3758
31.35858	6.09164	79.0881
31.35693	6.09261	78.8006
31.35621	6.09347	78.5011
31.35484	6.09510	78.2225
31.35257	6.09703	77.9380
31.35089	6.09891	77.6596
31.34943	6.10064	77.3721
31.34904	6.10232	77.0967
31.34847	6.10390	76.8091
31.34749	6.10532	76.5398
31.34838	6.10664	76.2552
31.34865	6.10827	75.9768
31.34797	6.11056	75.6984
31.34881	6.11305	75.4260
31.34786	6.11600	75.1537
31.34766	6.11895	74.8750
31.34727	6.12226	74.5846
31.34560	6.12562	74.3152
31.34427	6.12831	74.0399
31.34315	6.13070	73.7584
31.34179	6.13269	73.4860
31.34187	6.13452	73.2046
31.34090	6.13630	72.9261
31.34025	6.13834	72.6567
31.34051	6.13996	72.3814
31.34094	6.14180	72.0907
31.34078	6.14419	71.8122
31.34125	6.14679	71.5398
31.33986	6.14984	71.2554
31.33775	6.15279	70.9830
31.33603	6.15539	70.7045
31.33922	6.15778	70.4230
31.34003	6.16201	70.1446
31.33738	6.16695	69.8723
31.33442	6.17163	69.5937
31.33223	6.17555	69.3152
31.33084	6.17861	69.0429
31.32984	6.18095	68.7643
31.32862	6.18345	68.4829
31.32679	6.18559	68.1893
31.32699	6.18788	67.9170
31.32745	6.19160	67.6413
31.32765	6.19649	67.3690
31.32707	6.20230	67.0903
31.32408	6.20857	66.8180
31.32167	6.21377	66.5456
31.32058	6.21836	66.2732
31.31975	6.22244	66.0009
31.31988	6.22652	65.7224
31.31969	6.23116	65.4501
31.31890	6.23647	65.1746
31.31977	6.24300	64.9082
31.32128	6.25172	64.6329
31.32192	6.26259	64.3513
31.31730	6.27561	64.0759
31.30966	6.28776	63.8066
31.30485	6.29772	63.5401
31.29910	6.30590	63.2645
31.29616	6.31280	62.9923
31.29158	6.31934	62.7076
31.28742	6.32511	62.4443
31.28465	6.32931	62.1750
31.28222	6.33283	61.8965
31.27980	6.33575	61.6301
31.27807	6.33800	61.3546
31.27704	6.33963	61.0792
31.27579	6.34076	60.8037
31.27467	6.34153	60.5313
31.27343	6.34183	60.2588
31.27407	6.34194	59.9864
31.27386	6.34194	59.7171
31.27367	6.34199	59.4446
31.27286	6.34188	59.1721
31.27198	6.34158	58.8968
31.27099	6.34102	58.6242
31.27074	6.34045	58.3549
31.27049	6.34035	58.0731
31.26881	6.34091	57.7978
31.26723	6.34204	57.5223
31.26677	6.34342	57.2499
31.26618	6.34531	56.9805
31.26505	6.34771	56.7020
31.26508	6.35027	56.4326
31.26521	6.35390	56.1633
31.26034	6.36076	55.8968
31.25426	6.36864	55.6245
31.25143	6.37744	55.3398
31.24469	6.38901	55.0704
31.23642	6.40033	54.8040
31.22974	6.40888	54.5254
31.22481	6.41574	54.2530
31.22052	6.42138	53.9868
31.21761	6.42573	53.7142
31.21455	6.42922	53.4508
31.21196	6.43188	53.1783
31.21078	6.43398	52.9029
31.20941	6.43562	52.6304
31.20850	6.43675	52.3550
31.20799	6.43752	52.0885
31.20792	6.43803	51.8191
31.20733	6.43844	51.5466
31.20853	6.43906	51.2713
31.20857	6.44049	50.9957
31.20692	6.44295	50.7263
31.20446	6.44577	50.4568
31.20176	6.44849	50.1845
31.20028	6.45085	49.9090
31.19918	6.45300	49.6395
31.19793	6.45593	49.3609
31.19535	6.46141	49.0977
31.18935	6.47018	48.8523
31.18239	6.47911	48.6224
31.17595	6.48732	48.3830
31.17088	6.49374	48.1500
31.16710	6.49882	47.9140
31.16388	6.50344	47.6808
31.16020	6.50795	47.4478
31.15813	6.51175	47.2237
31.15547	6.51509	46.9816
31.15323	6.51812	46.7332
31.15159	6.52079	46.4759
31.14962	6.52346	46.2095
31.14724	6.52613	45.9340
31.14551	6.52824	45.6647
31.14424	6.52978	45.3922
31.14281	6.53112	45.1196
31.14134	6.53204	44.8473
31.14118	6.53281	44.5716
31.13964	6.53322	44.2991
31.13980	6.53348	44.0267
31.13931	6.53446	43.7480
31.13740	6.53677	43.4817
31.13544	6.53980	43.2122
31.13366	6.54263	42.9458
31.13164	6.54566	42.6674
31.12870	6.54977	42.4008
31.12543	6.55491	42.1284
31.12162	6.56072	41.8620
31.11718	6.56781	41.5895
31.11112	6.57573	41.3200
31.10598	6.58293	41.0416
31.10095	6.58972	40.7720
31.09590	6.59646	40.4934
31.09162	6.60228	40.2210
31.08769	6.60763	39.9515
31.08399	6.61288	39.6821
31.07927	6.62111	39.4097
31.06824	6.63661	39.1339
31.05010	6.65928	38.8554
31.02905	6.68443	38.5829
31.01024	6.70723	38.2832
30.99581	6.72550	37.9956
30.98310	6.74186	37.7231
30.97049	6.75663	37.4476
30.96155	6.76779	37.1812
30.95462	6.77657	36.9118
30.94897	6.78417	36.6331
30.94388	6.79099	36.3696
30.93737	6.79947	36.0972
30.92800	6.81276	35.8368
30.91333	6.83330	35.5642
30.89247	6.85954	35.2949
30.87340	6.88306	35.0284
30.85852	6.90275	34.7710
30.84400	6.92147	34.5015
30.83228	6.93796	34.2410
30.82085	6.95265	33.9778
30.81129	6.96458	33.7172
30.80447	6.97450	33.4539
30.79709	6.98468	33.1905
30.78932	6.99455	32.9331
30.78396	7.00255	32.6786
30.77974	7.00956	32.4184
30.77638	7.01705	32.1639
30.77063	7.02542	31.9095
30.76299	7.03410	31.6583
30.75668	7.04159	31.4042
30.75079	7.04877	31.1556
30.74650	7.05475	30.9013
30.74251	7.06011	30.6500
30.73990	7.06510	30.4016
30.73869	7.06974	30.1565
30.73700	7.07468	29.9081
30.73359	7.07968	29.6567
30.72970	7.08379	29.4115
30.72512	7.08733	29.1724
30.72091	7.08993	28.9299
30.71745	7.09176	28.6911
30.71397	7.09467	28.4456
30.71231	7.09837	28.2155
30.70901	7.10415	27.9702
30.70381	7.11410	27.6947
30.69185	7.13239	27.4554
30.67425	7.15434	27.2223
30.66078	7.17271	26.9740
30.64728	7.18946	26.7378
30.63789	7.20167	26.4986
30.63091	7.21034	26.2625
30.62636	7.21619	26.0234
30.62291	7.22074	25.7840
30.62038	7.22408	25.5478
30.61833	7.22690	25.3054
30.61678	7.22899	25.0755
30.61628	7.23051	24.8302
30.61523	7.23218	24.5941
30.61458	7.23416	24.3608
30.61231	7.23646	24.1276
30.61059	7.23929	23.8885
30.60859	7.24158	23.6492
30.60745	7.24336	23.4159
30.60646	7.24498	23.1739
30.60575	7.24598	22.9466
30.60500	7.24686	22.7104
30.60502	7.24733	22.4712
30.60450	7.24948	22.2320
30.60068	7.25721	21.9988
30.58991	7.27484	21.7626
30.56599	7.30759	21.5203
30.53280	7.34939	21.2842
30.50480	7.38708	21.0511
30.47854	7.42203	20.8118
30.45581	7.45585	20.5756
30.42830	7.49428	20.3273
30.39675	7.53442	20.0941
30.37491	7.56871	19.8669
30.34846	7.60629	19.6398
30.32303	7.64560	19.4400
30.29146	7.68557	19.2613
30.26352	7.71713	19.0857
30.25141	7.73675	18.9192
30.23532	7.75744	18.7286
30.22524	7.77688	18.5467
30.21079	7.79849	18.3801
30.19707	7.81767	18.2228
30.18204	7.83278	18.0713
30.18012	7.84440	17.9078
30.16786	7.86202	17.7323
30.15731	7.88463	17.5386
30.13881	7.91725	17.3386
30.10991	7.95574	17.1479
30.08553	7.98927	16.9418
30.06662	8.01653	16.7512
30.04981	8.03881	16.5543
30.03821	8.05539	16.3634
30.03127	8.06920	16.1728
30.02240	8.08435	15.9790
30.01049	8.09951	15.7761
30.00323	8.11174	15.5823
29.99819	8.12328	15.3915
29.99409	8.13524	15.1916
29.98965	8.15154	15.0038
29.98199	8.17619	14.8040
29.97045	8.21537	14.6101
29.93701	8.27060	14.4103
29.90771	8.32699	14.2105
29.87826	8.38615	14.0136
29.83806	8.45390	13.8230
29.79170	8.52825	13.6320
29.72820	8.61528	13.4292
29.66455	8.70277	13.2292
29.60012	8.78812	13.0264
29.53728	8.86701	12.8327
29.48152	8.93669	12.6479
29.43514	8.99409	12.4509
29.39690	9.03900	12.2663
29.36896	9.07105	12.0664
29.34989	9.09206	11.8725
29.33806	9.10838	11.6697
29.32613	9.12268	11.4758
29.32006	9.13500	11.2883
29.30965	9.14893	11.0761
29.29811	9.16154	10.8642
29.29001	9.16965	10.6764
29.28586	9.17404	10.4705
29.28310	9.17827	10.2764
29.27938	9.18545	10.0798
29.27370	9.19478	9.8799
29.26640	9.20455	9.6952
29.26036	9.21241	9.4953
29.25970	9.21779	9.2923
29.25677	9.22377	9.1014
29.25504	9.22938	8.9047
29.25223	9.23591	8.7047
29.24694	9.24432	8.5049
29.24023	9.25339	8.2990
29.23571	9.26202	8.1051
29.21864	9.27582	7.9022
29.18598	9.29970	7.7054
29.14387	9.33863	7.5085
29.09732	9.38079	7.3087
29.05184	9.42417	7.0998
29.00485	9.47704	6.9028
28.96840	9.53552	6.6908
28.93089	9.61661	6.4908
28.78053	9.80962	6.2818
28.56196	10.09479	6.0850
28.35134	10.37134	5.8790
28.17777	10.60070	5.6610
28.07349	10.74832	5.4580
27.98462	10.86504	5.2461
27.92311	10.94940	5.0340
27.89010	11.00305	4.8251
27.85855	11.05637	4.6129
27.81658	11.12056	4.4162
27.75920	11.19718	4.2103
27.71452	11.26062	4.0043
27.68514	11.31280	3.7952
27.64977	11.36558	3.5892
27.61620	11.41022	3.3955
27.59250	11.44171	3.1866
27.58113	11.46098	2.9865
27.58017	11.47601	2.7777
27.57577	11.49257	2.5686
27.57069	11.50621	2.3627
27.56107	11.51333	2.1598
27.55737	11.51688	1.9659
27.53270	11.52167	1.7599
27.55507	11.52330	1.5419
27.56281	11.52114	1.3177
27.56700	11.51840	1.1117
27.56616	11.52003	0.8998
27.56086	11.52838	0.7089
27.55488	11.53690	0.5484
27.54838	11.53988	0.4211
27.54760	11.54139	0.2878
27.53088	11.56230	0.1607
27.48625	11.60777	0.0638
27.40765	11.66172	0.0548
27.37869	11.69829	0.0610
27.39441	11.67654	0.0640
27.43257	11.61467	0.0579
27.45906	11.55459	0.0581
27.49295	11.50493	0.0610
27.51099	11.46920	0.0551
27.52306	11.43472	0.0583
27.54211	11.39824	0.0583
25.80256	11.36633	0.0525
4.35956	11.33044	0.0554
3.55507	11.28786	0.0616
3.93217	11.26143	0.0556
4.04554	11.24388	0.0556
3.94361	11.22871	0.0588
3.77968	11.21609	0.0618
3.93645	11.20851	0.0588
3.58613	11.20255	0.0558
3.11545	11.19492	0.0528
2.74554	11.18150	0.0560
2.50471	11.16376	0.0560
2.35585	11.14562	0.0622
2.21060	11.12870	0.0532
2.21643	11.11277	0.0592
2.06021	11.09811	0.0532
1.93249	11.08404	0.0562
1.90721	11.06980	0.0564
2.43293	11.05493	0.0534
