Salinity, Practical [PSU]	Temperature [ITS-90, deg C]	Depth [salt water, m]
0.05714	18.72940	0.0433
0.05712	18.73291	0.0525
0.05708	18.73527	0.0495
0.05708	18.73649	0.0464
0.05698	18.73828	0.0403
0.05703	18.74251	0.0434
0.05699	18.74617	0.0494
0.05703	18.74409	0.0403
0.05700	18.73377	0.0524
0.05699	18.72682	0.0524
0.05696	18.72911	0.0554
0.05699	18.73434	0.0434
0.05692	18.73878	0.0524
0.05690	18.74058	0.0494
0.05690	18.73907	0.0464
0.05688	18.72861	0.0464
0.05692	18.72015	0.0524
0.05694	18.71836	0.0463
0.05701	18.71421	0.0494
0.05691	18.70024	0.0463
0.05694	18.69380	0.0464
0.05692	18.68836	0.0524
0.05692	18.66854	0.0493
0.05695	18.63887	0.0432
0.05689	18.62587	0.0463
0.05691	18.62651	0.0494
0.05684	18.62837	0.0554
0.05691	18.62423	0.0524
0.05690	18.61951	0.0524
0.05687	18.61273	0.0494
0.05687	18.59724	0.0524
0.05690	18.58982	0.0524
0.05685	18.58818	0.0494
0.05685	18.58639	0.0494
0.05685	18.58382	0.0523
0.05681	18.57797	0.0493
0.05681	18.57419	0.0493
0.05676	18.57805	0.0524
0.05675	18.58511	0.0554
0.05675	18.58910	0.0463
0.05671	18.59324	0.0493
0.05664	18.60216	0.0554
6.82717	18.40934	0.1099
17.16583	17.01257	0.2038
25.88104	15.70904	0.3007
26.47073	14.78318	0.4279
26.97960	14.11807	0.5309
27.36992	13.68606	0.6309
27.62274	13.44167	0.7278
27.79431	13.29936	0.8217
28.10909	13.21102	0.8641
28.19408	13.16785	0.8822
28.26853	13.17512	0.8853
28.32327	13.20998	0.8883
28.29660	13.25596	0.8822
28.22863	13.28019	0.8913
28.18783	13.25944	0.8853
28.19580	13.20650	0.8913
28.23132	13.15852	0.8944
28.22845	13.12918	0.8822
28.16480	13.10371	0.8732
28.12933	13.07844	0.8701
28.12009	13.05939	0.8792
28.14303	13.04784	0.8853
28.19667	13.04175	0.9004
28.25432	13.04467	0.9004
28.26080	13.04133	0.8944
28.18435	13.01476	0.8883
28.18765	12.98445	0.8853
28.18745	12.96424	0.8822
28.16984	12.95599	0.8883
28.16965	12.95101	0.9004
28.21217	12.95029	0.9065
28.27976	12.95981	0.8975
28.29886	12.98087	0.8883
28.30245	12.98980	0.8732
28.18193	12.97547	0.8793
28.17630	12.95575	0.8944
28.20110	12.94580	0.9065
28.32037	12.94992	0.9065
28.52602	12.97856	0.8974
28.56930	13.00231	0.8823
28.33881	12.99964	0.8610
28.15699	12.97978	0.8671
28.10074	12.95047	0.8883
28.12777	12.95217	0.9095
28.39005	12.97838	0.9186
28.56522	13.00960	0.9095
28.61792	13.02406	0.8823
28.43069	13.07692	0.8641
28.15501	13.12120	0.8641
28.02271	13.11931	0.8793
28.01491	13.08782	0.9095
28.16632	13.06943	0.9156
28.44802	13.07242	0.9126
28.51664	13.06730	0.9004
28.41595	13.08654	0.8884
28.19253	13.11693	0.8823
28.08224	13.11200	0.8944
28.09630	13.08465	0.9005
28.30993	13.06822	0.9065
28.49960	13.06925	0.8914
28.50884	13.05404	0.8702
28.32916	13.03598	0.8793
28.16002	13.02072	0.8823
28.12266	12.99739	0.9005
28.31047	12.98464	0.9126
28.52206	13.00207	0.9095
28.59149	13.00049	0.8975
28.48081	13.03160	0.8884
28.27305	13.07607	0.8793
28.14606	13.08903	0.8702
28.13333	13.06061	0.8823
28.16689	13.03622	0.8944
28.23685	13.03014	0.9066
28.31706	13.03877	0.9187
28.40031	13.04796	0.9096
28.52099	13.05191	0.9066
28.57688	13.04863	0.8854
28.61257	13.03525	0.8672
28.54007	13.04996	0.8763
28.33949	13.07759	0.8884
28.24610	13.07570	0.9066
28.27947	13.06505	0.9096
28.48583	13.06974	0.9036
28.58328	13.08142	0.8915
28.59750	13.07022	0.8794
28.49330	13.08416	0.8915
28.36433	13.11188	0.8975
28.36332	13.12656	0.9006
28.51819	13.13687	0.8945
28.59624	13.15748	0.8824
28.59262	13.16614	0.8764
28.48185	13.18049	0.8824
28.33359	13.19587	0.8976
28.31393	13.19245	0.9036
28.47100	13.18317	0.9036
28.57788	13.19502	0.8885
28.58319	13.19636	0.8855
28.49367	13.19923	0.8946
28.39940	13.19984	0.8976
28.44540	13.19087	0.9066
28.57562	13.19386	0.8976
28.62575	13.21157	0.8916
28.61076	13.22343	0.8885
28.52766	13.24721	0.8916
28.45355	13.26562	0.9037
28.47308	13.27664	0.9037
28.55568	13.29329	0.8946
28.59105	13.32294	0.8947
28.57835	13.34814	0.8795
28.51024	13.36329	0.8886
28.40916	13.37274	0.8947
28.38242	13.37913	0.8977
28.44294	13.37649	0.8947
28.52208	13.37679	0.8886
28.52031	13.38821	0.8887
28.40683	13.39724	0.8978
28.32076	13.38441	0.9008
28.34352	13.33686	0.9038
28.49409	13.28797	0.9038
28.61211	13.27572	0.8887
28.65006	13.26752	0.8918
28.60769	13.26379	0.8887
28.47013	13.27737	0.8887
28.35460	13.26832	0.9039
28.35782	13.23211	0.9160
28.52304	13.20052	0.9160
28.64607	13.20088	0.8857
28.68900	13.18861	0.8706
28.59015	13.23156	0.8676
28.40400	13.29078	0.8767
28.24232	13.31412	0.9010
28.20244	13.30456	0.9101
28.30432	13.25645	0.9131
28.47085	13.23737	0.8949
28.55111	13.23541	0.8828
28.56627	13.20467	0.8858
28.50342	13.17481	0.8890
28.41291	13.15693	0.8890
28.42420	13.13583	0.8950
28.50104	13.11852	0.8950
28.53701	13.11706	0.8981
28.46382	13.12059	0.8951
28.39761	13.10578	0.9011
28.41628	13.06907	0.9041
28.54320	13.03847	0.9042
28.64009	13.03318	0.8982
28.66454	13.03561	0.9012
28.67314	13.03269	0.8891
28.69054	13.03075	0.8861
28.68356	13.03239	0.8830
28.58835	13.03622	0.8861
28.45023	13.03397	0.9012
28.39546	13.01197	0.9043
28.46978	12.98099	0.9013
28.64036	12.96922	0.8862
28.71255	12.97292	0.8740
28.65912	12.96588	0.8771
28.45153	12.95975	0.8953
28.30275	12.93943	0.9014
28.31627	12.87037	0.9044
28.54476	12.76333	0.9074
28.73286	12.73209	0.8984
28.79422	12.71159	0.8984
28.77899	12.68075	0.8954
28.73625	12.67341	0.8863
28.72756	12.67473	0.8923
28.70497	12.67702	0.8954
28.62281	12.67630	0.9016
28.57908	12.65884	0.9076
28.61639	12.61795	0.9015
28.74290	12.57181	0.8895
28.83424	12.55951	0.8895
28.84861	12.56845	0.8925
28.75586	12.57133	0.8896
28.63967	12.54991	0.8986
28.65988	12.48182	0.9047
28.86953	12.40842	0.9016
29.04263	12.38727	0.8926
29.09193	12.38607	0.8745
28.87713	12.48068	0.8775
28.62029	12.57800	0.8927
28.48389	12.61765	0.9078
28.57533	12.57716	0.9109
28.79906	12.54565	0.9049
28.90063	12.53923	0.8867
28.92465	12.50662	0.8867
28.75614	12.54805	0.8898
28.59851	12.57932	0.9050
28.55639	12.58881	0.9079
28.70804	12.57662	0.9019
28.83995	12.58562	0.8930
28.89005	12.57103	0.8929
28.83525	12.57272	0.8990
28.73209	12.61134	0.9021
28.74006	12.63015	0.8869
28.81956	12.65277	0.8809
28.84163	12.68051	0.8809
28.76098	12.69671	0.8870
28.59575	12.70195	0.9051
28.50602	12.70882	0.9112
28.60713	12.68364	0.9143
28.79615	12.65559	0.9083
28.88437	12.65710	0.8961
28.87638	12.69665	0.8811
28.70487	12.78114	0.8690
28.55997	12.83776	0.8811
28.49368	12.86214	0.8902
28.44759	12.86292	0.9084
28.42569	12.84768	0.9114
28.44283	12.83455	0.9114
28.56292	12.80518	0.8964
28.66902	12.79690	0.8812
28.68427	12.80022	0.8752
28.61291	12.78802	0.8874
28.49306	12.76382	0.8904
28.48398	12.70786	0.8995
28.62694	12.61903	0.8934
28.76338	12.57392	0.8844
28.79974	12.54625	0.8935
28.74458	12.50782	0.8966
28.69642	12.46075	0.8997
28.75187	12.40662	0.8905
28.85820	12.36511	0.8845
28.91558	12.35097	0.8846
28.88339	12.34655	0.8876
28.77482	12.33695	0.8907
28.69710	12.30583	0.8967
28.71346	12.26449	0.8968
28.84852	12.24099	0.8907
28.94501	12.24307	0.8908
28.91124	12.24343	0.8817
28.76677	12.23444	0.8908
28.68947	12.21797	0.8999
28.71583	12.20038	0.9151
28.86250	12.19497	0.9181
28.97751	12.20287	0.9030
29.02855	12.20513	0.8758
29.00655	12.21393	0.8698
28.82837	12.26735	0.8698
28.61783	12.30148	0.8880
28.50517	12.29868	0.9123
28.49611	12.28783	0.9184
28.69991	12.28509	0.8972
28.86875	12.30023	0.8760
28.94324	12.29546	0.8609
28.73620	12.33266	0.8670
28.47789	12.37055	0.8912
28.34617	12.38106	0.9155
28.50219	12.36135	0.9215
28.81309	12.35306	0.9004
29.02889	12.34095	0.8914
28.93884	12.41141	0.8731
28.54355	12.56965	0.8823
28.33755	12.66107	0.8914
28.27768	12.67859	0.9066
28.42637	12.65252	0.9157
28.59971	12.64206	0.9066
28.67228	12.62642	0.8946
28.71598	12.62083	0.8855
28.65540	12.66925	0.8825
28.54444	12.70503	0.8825
28.48246	12.71672	0.8977
28.47833	12.71268	0.9007
28.51653	12.71093	0.8977
28.55956	12.71919	0.8857
28.57285	12.73269	0.8827
28.55879	12.74312	0.8917
28.50578	12.74891	0.8948
28.43332	12.74946	0.9009
28.42691	12.74499	0.9010
28.50698	12.74095	0.8919
28.60455	12.74125	0.8889
28.62840	12.74373	0.8829
28.54977	12.74910	0.8860
28.44064	12.76177	0.8980
28.38132	12.77148	0.9102
28.39413	12.77450	0.9163
28.48525	12.77740	0.9133
28.55103	12.78802	0.9043
28.59361	12.79400	0.8861
28.59986	12.80482	0.8800
28.49175	12.84411	0.8802
28.34365	12.87321	0.8923
28.24700	12.88259	0.9135
28.30214	12.88120	0.9196
28.46725	12.87430	0.9076
28.57106	12.87236	0.8864
28.52492	12.89313	0.8712
28.32141	12.93852	0.8773
28.18004	12.97207	0.8986
28.15219	12.96764	0.9077
28.27523	12.93446	0.9107
28.41961	12.91027	0.9017
28.49087	12.87963	0.8836
28.46100	12.87775	0.8805
28.33065	12.89792	0.8896
28.25301	12.90337	0.9048
28.23630	12.89695	0.9139
28.32189	12.89313	0.9139
28.41469	12.89289	0.9079
28.47103	12.87848	0.8960
28.49879	12.87430	0.8808
28.40270	12.90621	0.8808
28.27857	12.92367	0.8990
28.20312	12.92252	0.9142
28.25437	12.92840	0.9112
28.39671	12.92506	0.9022
28.47991	12.91512	0.8870
28.41415	12.92433	0.8780
28.26780	12.94744	0.8871
28.19025	12.95556	0.8992
28.22870	12.94634	0.9084
28.34895	12.93440	0.8933
28.40375	12.91488	0.8994
28.38223	12.88641	0.8964
28.31086	12.87721	0.9025
28.27976	12.87012	0.9116
28.32761	12.86552	0.9116
28.40300	12.86910	0.9087
28.44392	12.87624	0.9027
28.45252	12.88084	0.8965
28.43051	12.90094	0.8905
28.42206	12.92300	0.8875
28.41971	12.93755	0.8846
28.38971	12.94331	0.8907
28.31253	12.94125	0.8968
28.25851	12.93240	0.9119
28.25356	12.92900	0.9211
28.33005	12.93009	0.9181
28.42103	12.93058	0.9121
28.48561	12.93137	0.8969
28.45226	12.96752	0.8849
28.30108	13.02637	0.8607
28.18945	13.06122	0.8789
28.11813	13.05958	0.9001
28.10144	13.05471	0.9153
28.13265	13.04242	0.9154
28.23293	13.02576	0.9033
28.30750	13.01853	0.8912
28.32790	13.01021	0.8912
28.26051	13.00413	0.8913
28.17512	13.00377	0.9004
28.15177	13.00128	0.9126
28.24333	12.99994	0.9096
28.33241	12.99320	0.9096
28.35282	12.98166	0.9005
28.24284	12.98828	0.8975
28.17051	12.99344	0.9006
28.17487	12.98876	0.9037
28.29204	12.98597	0.9067
28.38006	12.98567	0.8977
28.37410	12.99010	0.8887
28.23869	13.00705	0.8826
28.17951	13.01440	0.8917
28.18620	13.00887	0.9009
28.27351	13.00310	0.9040
28.33013	12.99909	0.9070
28.36540	12.98864	0.9009
28.37868	12.98870	0.8950
28.37037	13.00383	0.8920
28.35949	13.01877	0.8950
28.36230	13.02716	0.8982
28.36640	13.03184	0.9072
28.36922	13.03421	0.9012
28.37855	13.03537	0.9012
28.38784	13.03658	0.9013
28.38212	13.04352	0.8984
28.33996	13.06031	0.9014
28.31198	13.07747	0.9045
28.34239	13.08861	0.9015
28.35051	13.12022	0.8985
28.31803	13.17597	0.8985
28.25556	13.23492	0.8925
28.18209	13.28943	0.8926
28.18040	13.32877	0.8986
28.17990	13.35667	0.8987
28.17478	13.38078	0.8957
28.13055	13.41051	0.8957
28.03756	13.44087	0.8957
28.00018	13.45944	0.9048
28.05546	13.46178	0.9140
28.11503	13.46455	0.9050
28.12946	13.46738	0.8898
28.03250	13.49311	0.8749
27.93275	13.52065	0.8808
27.89676	13.53377	0.8900
27.91310	13.52114	0.9143
28.01487	13.44702	0.9234
28.10659	13.39183	0.9204
28.14968	13.36839	0.8993
28.09253	13.36458	0.8781
28.02747	13.37747	0.8721
27.99237	13.36151	0.8932
28.04397	13.23730	0.9176
28.20835	13.07899	0.9328
28.37915	12.99405	0.9267
28.46082	12.94816	0.8935
28.32925	12.99059	0.8693
28.16143	13.04954	0.8693
28.07455	13.04218	0.8875
28.13704	12.93161	0.9026
28.35393	12.81926	0.9149
28.49939	12.75054	0.9179
28.58735	12.70858	0.9028
28.55131	12.76315	0.8938
28.44987	12.86068	0.8908
28.33581	12.93179	0.8909
28.27964	12.95848	0.9030
28.29679	12.95617	0.9030
28.36063	12.96151	0.9061
28.38264	12.97899	0.8971
28.38096	12.98810	0.8970
28.31497	13.02430	0.8911
28.22712	13.06140	0.9002
28.19041	13.07564	0.9123
28.19744	13.08855	0.9214
28.23661	13.10609	0.9185
28.26304	13.12150	0.9003
28.25746	13.12577	0.8852
28.17540	13.14851	0.8793
28.11112	13.16175	0.8793
28.06084	13.16596	0.8915
28.04918	13.16590	0.9128
28.08400	13.14900	0.9188
28.15212	13.13046	0.9218
28.19503	13.12163	0.9068
28.21781	13.11236	0.8917
28.20489	13.11578	0.8918
28.14419	13.12876	0.8797
28.09807	13.13321	0.8949
28.06781	13.12955	0.9009
28.08026	13.12419	0.9100
28.13495	13.11407	0.9040
28.16841	13.10310	0.8980
28.14192	13.08733	0.8950
28.09652	13.06779	0.8981
28.10770	13.02035	0.8981
28.22179	12.91191	0.9163
28.35051	12.83431	0.9043
28.45330	12.78452	0.8892
28.44670	12.80566	0.8772
28.30147	12.89507	0.8651
28.18634	12.96193	0.8833
28.12912	12.96770	0.9075
28.18629	12.91288	0.9227
28.31544	12.85844	0.9288
28.38835	12.82978	0.9138
28.40145	12.82234	0.8865
28.28116	12.87103	0.8714
28.17491	12.90646	0.8714
28.09983	12.90361	0.8836
28.12495	12.78972	0.9048
28.27979	12.56719	0.9170
28.50753	12.41212	0.9231
28.63193	12.34966	0.9202
28.69722	12.26544	0.9020
28.64731	12.24491	0.8808
28.57298	12.24741	0.8839
28.51938	12.22065	0.8962
28.51382	12.17495	0.9022
28.55241	12.11953	0.9174
28.61605	12.06810	0.9174
28.71552	12.03850	0.9144
28.79071	12.04910	0.9054
28.82535	12.04483	0.8903
28.81094	12.03176	0.8873
28.72062	12.05495	0.8904
28.64936	12.06549	0.9056
28.66091	12.06076	0.9086
28.76462	12.05892	0.9117
28.82332	12.07408	0.9087
28.84114	12.09920	0.8937
28.74956	12.17840	0.8967
28.63313	12.24664	0.8937
28.59922	12.27563	0.8997
28.65766	12.28962	0.9090
28.65651	12.30827	0.9210
28.30220	12.31006	1.0121
27.98905	12.22618	1.1634
28.01691	12.04253	1.3513
28.08163	11.84454	1.5512
28.14797	11.66213	1.7361
28.18840	11.50796	1.9360
28.26225	11.37261	2.1420
28.34321	11.26838	2.3571
28.40709	11.20707	2.5631
28.41621	11.17486	2.7903
28.43618	11.14689	3.0145
28.45431	11.12252	3.2387
28.46633	11.09909	3.4507
28.47494	11.07107	3.6689
28.53957	11.03506	3.8900
28.66446	10.99966	4.1081
28.69513	10.98625	4.3292
28.69064	10.98378	4.5442
28.61709	10.96481	4.7686
28.67528	10.84950	4.9926
28.78527	10.69133	5.2017
28.89385	10.55211	5.4319
28.97702	10.45450	5.6531
29.05139	10.39494	5.8803
29.07561	10.36761	6.1044
29.08856	10.35471	6.3286
29.09151	10.34866	6.5558
29.09216	10.34424	6.7860
29.09968	10.33938	7.0193
29.11959	10.32632	7.2464
29.13473	10.29610	7.4646
29.14813	10.26048	7.7009
29.14977	10.22072	7.9281
29.17869	10.15888	8.1372
29.22326	10.08282	8.3644
29.27833	10.00685	8.5976
29.32932	9.94083	8.8248
29.37160	9.88106	9.0551
29.37860	9.81475	9.2823
29.40435	9.68747	9.5064
29.50514	9.47864	9.7307
29.66622	9.22663	9.9699
29.81579	9.00764	10.1911
29.93233	8.85346	10.4273
30.01701	8.75467	10.6606
30.05508	8.69469	10.8908
30.08595	8.64709	11.1241
30.12755	8.60630	11.3574
30.15633	8.57835	11.5876
30.16346	8.56064	11.8056
30.16605	8.54627	12.0298
30.16970	8.53294	12.2601
30.17783	8.51999	12.4812
30.18519	8.50823	12.7114
30.18875	8.49804	12.9507
30.18463	8.48963	13.1840
30.18892	8.47631	13.4293
30.19409	8.46274	13.6505
30.20050	8.45180	13.8868
30.20779	8.44356	14.1110
30.21207	8.43845	14.3443
30.21414	8.43554	14.5653
30.21621	8.43355	14.7925
30.21704	8.43231	15.0197
30.22283	8.43096	15.2500
30.23035	8.43102	15.4741
30.24332	8.43403	15.7014
30.26064	8.44022	15.9285
30.25927	8.45169	16.1618
30.25856	8.46284	16.3860
30.25638	8.47200	16.6283
30.24972	8.47928	16.8525
30.22827	8.48262	17.0767
30.22618	8.47707	17.3159
30.24541	8.46866	17.5583
30.24633	8.46672	17.7945
30.19570	8.46376	18.0188
30.19970	8.43791	18.2489
30.23032	8.39647	18.4792
30.26489	8.36018	18.7184
30.29556	8.33590	18.9487
30.32276	8.32243	19.1789
30.33197	8.31797	19.4091
30.33771	8.31604	19.6363
30.33806	8.31250	19.8665
30.33541	8.30767	20.0968
30.32490	8.29973	20.3149
30.32497	8.28615	20.5452
30.33726	8.26808	20.7754
30.35870	8.25190	21.0055
30.37012	8.24166	21.2389
30.37215	8.23588	21.4599
30.37297	8.23073	21.6933
30.37361	8.22543	21.9174
30.37613	8.21644	22.1446
30.40500	8.19631	22.3688
30.42827	8.17341	22.5928
30.45142	8.15144	22.8080
30.47122	8.12814	23.0443
30.48806	8.10827	23.2653
30.50236	8.09172	23.4865
30.50983	8.08009	23.7168
30.51681	8.07166	23.9440
30.52194	8.06595	24.1651
30.52434	8.06157	24.3953
30.52959	8.05581	24.6165
30.53885	8.04915	24.8375
30.54461	8.04355	25.0739
30.54687	8.03897	25.2979
30.54896	8.03465	25.5131
30.55435	8.03055	25.7433
30.55695	8.02857	25.9704
30.55740	8.02682	26.1947
30.55879	8.02474	26.4219
30.55962	8.02255	26.6369
30.56260	8.02000	26.8641
30.56506	8.01760	27.0913
30.56421	8.01515	27.3185
30.56539	8.00886	27.5578
30.57219	7.99869	27.8032
30.57798	7.98937	28.0667
30.58365	7.98022	28.2939
30.59022	7.97032	28.5393
30.59774	7.96122	28.7756
30.60650	7.95409	29.0178
30.61348	7.94930	29.2512
30.61841	7.94611	29.4934
30.61723	7.94276	29.7267
30.61928	7.93527	29.9569
30.62752	7.92543	30.2023
30.63210	7.91783	30.4416
30.63955	7.91145	30.6900
30.64573	7.90497	30.9173
30.65090	7.89828	31.1504
30.65741	7.89180	31.3868
30.66053	7.88707	31.6259
30.66283	7.88320	31.8623
30.66618	7.87964	32.1016
30.66724	7.87757	32.3378
30.66896	7.87571	32.5802
30.67001	7.87417	32.8074
30.67159	7.87226	33.0437
30.67170	7.87088	33.2920
30.67309	7.86955	33.5283
30.67298	7.86844	33.7586
30.67381	7.86738	33.9918
30.67552	7.86605	34.2402
30.67550	7.86520	34.4856
30.67719	7.86467	34.7128
30.67765	7.86440	34.9460
30.67754	7.86403	35.1974
30.67954	7.86239	35.4246
30.67978	7.85952	35.6608
30.68406	7.85475	35.9062
30.69131	7.84902	36.1303
30.69964	7.84159	36.3697
30.70574	7.83416	36.5999
30.71292	7.82700	36.8453
30.71893	7.82043	37.0786
30.72237	7.81566	37.3178
30.72619	7.81195	37.5480
30.73398	7.80591	37.7813
30.74108	7.79923	38.0266
30.74945	7.79441	38.2660
30.75964	7.79187	38.5144
30.76189	7.79218	38.7689
30.76133	7.79345	38.9990
30.76067	7.79409	39.2352
30.76132	7.79398	39.4655
30.76149	7.79330	39.7139
30.76100	7.79261	39.9410
30.76258	7.79033	40.1804
30.76533	7.78784	40.4197
30.77160	7.78503	40.6590
30.77844	7.78233	40.8923
30.78123	7.78048	41.1285
30.78526	7.77841	41.3648
30.78910	7.77672	41.6041
30.79303	7.77492	41.8464
30.79548	7.77269	42.0857
30.79627	7.77063	42.3220
30.79719	7.76798	42.5523
30.79832	7.76470	42.7915
30.80066	7.76126	43.0278
30.80360	7.75782	43.2610
30.80503	7.75496	43.5003
30.80861	7.75078	43.7396
30.81073	7.74527	43.9638
30.81520	7.73538	44.2122
30.82207	7.72411	44.4454
30.82615	7.71227	44.6818
30.84076	7.69466	44.9241
30.85220	7.67871	45.1603
30.86218	7.66508	45.4057
30.88166	7.65003	45.6420
30.90082	7.63752	45.8722
30.90987	7.63087	46.1114
30.92014	7.62839	46.3387
30.92494	7.62908	46.5718
30.92669	7.63140	46.8082
30.92538	7.63388	47.0383
30.92497	7.63573	47.2747
30.92447	7.63720	47.5200
30.92524	7.63810	47.7473
30.92527	7.63884	47.9896
30.92574	7.63916	48.2288
30.92593	7.63958	48.4621
30.92618	7.63947	48.7044
30.92744	7.63905	48.9528
30.93182	7.63842	49.1892
30.93672	7.63794	49.4163
30.94224	7.63752	49.6557
30.94482	7.63741	49.8949
30.94877	7.63726	50.1282
30.95183	7.63773	50.3765
30.95457	7.63752	50.6098
30.95904	7.63678	50.8522
30.96172	7.63441	51.0823
30.96377	7.63198	51.3277
30.96575	7.62955	51.5671
30.96829	7.62628	51.8002
30.97062	7.62280	52.0425
30.97116	7.61879	52.2788
30.97440	7.61061	52.5211
30.99809	7.59638	52.7544
31.02107	7.58810	52.9846
31.03726	7.58752	53.2330
31.03769	7.59058	53.4602
31.03421	7.59137	53.7056
31.02780	7.58747	53.9358
31.02603	7.57867	54.1721
31.02148	7.56670	54.4114
31.02375	7.55232	54.6508
31.03307	7.53811	54.8900
31.03942	7.52790	55.1294
31.04363	7.52053	55.3625
31.04439	7.51516	55.6018
31.05254	7.51032	55.8472
31.05677	7.50727	56.0712
31.05911	7.50527	56.3227
31.05976	7.50338	56.5591
31.06124	7.50012	56.7952
31.06641	7.49459	57.0255
31.07468	7.48560	57.2648
31.08096	7.47735	57.5041
31.09291	7.47157	57.7405
31.08328	7.46610	57.9827
31.15580	7.45475	58.2160
31.21860	7.45848	58.4613
31.24675	7.47845	58.7188
31.27098	7.49838	58.9732
31.26617	7.51795	59.1975
31.25817	7.53184	59.4397
31.25531	7.53974	59.6761
31.25326	7.54406	59.9153
31.25093	7.54580	60.1335
31.25148	7.54543	60.3878
31.25290	7.54485	60.6180
31.25627	7.54395	60.8514
31.25934	7.54406	61.0907
31.26443	7.54490	61.3360
31.26521	7.54711	61.5693
31.26576	7.54943	61.7965
31.26853	7.55143	62.0357
31.27309	7.55285	62.2841
31.28146	7.55333	62.5083
31.28512	7.55322	62.7445
31.25891	7.55096	62.9868
31.21926	7.53026	63.2201
31.22706	7.49060	63.4625
31.19311	7.45118	63.7019
31.20450	7.39957	63.9319
31.26970	7.35164	64.1651
31.31193	7.32891	64.4046
31.36880	7.32273	64.6225
31.40157	7.33294	64.8770
31.39567	7.35364	65.1164
31.38982	7.36983	65.3465
31.37353	7.38184	65.5889
31.34606	7.38278	65.8313
31.34404	7.36695	66.0523
31.34265	7.34677	66.2886
31.36128	7.32681	66.5370
31.36933	7.31335	66.7642
31.34836	7.30205	66.9975
31.35002	7.28326	67.2276
31.35754	7.26386	67.4700
31.37228	7.24822	67.7093
31.38601	7.23913	67.9394
31.38303	7.23688	68.1697
31.40369	7.23484	68.4060
31.39051	7.23641	68.6422
31.40227	7.23683	68.8906
31.40632	7.24106	69.1511
31.38028	7.24827	69.3964
31.38277	7.24697	69.6175
31.38810	7.24320	69.8508
31.39234	7.24242	70.0871
31.42315	7.24639	70.3232
31.40882	7.25842	70.5658
31.37564	7.26521	70.7989
31.37376	7.25805	71.0382
31.36954	7.24723	71.2745
31.37636	7.23411	71.5108
31.37567	7.22340	71.7499
31.36814	7.21222	71.9801
31.34272	7.19489	72.2103
31.36431	7.16697	72.4437
31.35043	7.14230	72.6891
31.35520	7.10889	72.9284
31.35788	7.06755	73.1646
31.39157	7.02204	73.4008
31.41631	6.98670	73.6343
31.43293	6.96370	73.8735
31.43394	6.94834	74.1036
31.42305	6.93392	74.3490
31.41481	6.91416	74.5824
31.43526	6.88876	74.8186
31.44711	6.86918	75.0486
31.45574	6.85488	75.2910
31.46409	6.84453	75.5243
31.47279	6.83780	75.7665
31.47934	6.83490	75.9968
31.47831	6.83480	76.2271
31.47691	6.83480	76.4663
31.47476	6.83340	76.6995
31.47556	6.83056	76.9358
31.47446	6.82838	77.1691
31.47659	6.82632	77.3962
31.47348	6.82487	77.6263
31.47132	6.82243	77.8597
31.46797	6.81799	78.0928
31.46774	6.81235	78.3230
31.47060	6.80578	78.5625
31.47163	6.80061	78.7957
31.47655	6.79616	79.0319
31.47987	6.79389	79.3015
31.47910	6.79347	79.5801
31.47735	6.79275	79.8102
31.47876	6.79110	80.0405
31.47904	6.78986	80.2798
31.46168	6.78810	80.5191
31.44701	6.77719	80.7615
31.46246	6.75586	80.9857
31.47430	6.73742	81.2250
31.47835	6.72416	81.4642
31.48246	6.71239	81.6945
31.48163	6.70156	81.9338
31.48611	6.68871	82.1700
31.48997	6.67670	82.4122
31.49820	6.66577	82.6424
31.50308	6.65784	82.8788
31.50394	6.65212	83.1271
31.50614	6.64635	83.3633
31.50911	6.64078	83.6058
31.50961	6.63636	83.8329
31.49719	6.63146	84.0692
31.48744	6.61813	84.3024
31.50222	6.59440	84.5448
31.51279	6.57378	84.7840
31.51739	6.55707	85.0142
31.52603	6.54114	85.2535
31.53834	6.52701	85.4956
31.54484	6.51792	85.7260
31.55042	6.51175	85.9623
31.55203	6.50775	86.2046
31.55447	6.50462	86.4378
31.55258	6.50226	86.6831
31.54710	6.49743	86.9133
31.55341	6.48886	87.1496
31.55792	6.48209	87.3738
31.56322	6.47726	87.6100
31.56380	6.47475	87.8372
31.56294	6.47306	88.0674
31.56146	6.47054	88.3098
31.55086	6.46639	88.5399
31.55370	6.45603	88.7731
31.56566	6.44475	89.0034
31.56781	6.43875	89.2456
31.57029	6.43409	89.5091
31.57332	6.42994	89.7787
31.57390	6.42742	90.0150
31.57703	6.42466	90.2392
31.57781	6.42297	90.4722
31.57858	6.42163	90.7147
31.58089	6.42087	90.9511
31.57757	6.42087	91.1872
31.57400	6.41907	91.4175
31.57365	6.41431	91.6506
31.57937	6.40867	91.8929
31.58177	6.40529	92.1323
31.57817	6.40294	92.3655
31.58026	6.39864	92.6017
31.58304	6.39418	92.8380
31.58606	6.39080	93.0713
31.58687	6.38870	93.3165
31.58566	6.38737	93.5559
31.58784	6.38527	93.7891
31.58945	6.38379	94.0222
31.58995	6.38312	94.2586
31.58726	6.38266	94.4949
31.57561	6.38005	94.7371
31.57547	6.36997	94.9673
31.57898	6.35779	95.2006
31.58685	6.34608	95.4308
31.59511	6.33698	95.6761
31.59540	6.33181	95.9123
31.59503	6.32634	96.1455
31.59871	6.31944	96.3788
31.60252	6.31300	96.6120
31.60676	6.30794	96.8514
31.60902	6.30472	97.0815
31.60224	6.30217	97.3177
31.59762	6.29522	97.5511
31.60545	6.28378	97.7903
31.61312	6.27474	98.0235
31.61654	6.26872	98.2629
31.61754	6.26428	98.4961
31.61637	6.26040	98.7354
31.61314	6.25550	98.9685
31.60649	6.24682	99.1987
31.61044	6.23381	99.4381
31.61868	6.22091	99.6742
31.62448	6.21092	99.9378
31.63008	6.20337	100.1953
31.64146	6.19833	100.4225
31.63750	6.19833	100.6556
31.63068	6.19802	100.8919
31.63013	6.19384	101.1313
31.63384	6.18870	101.3705
31.63622	6.18447	101.6068
31.63929	6.18187	101.8399
31.64224	6.18034	102.0852
31.64284	6.18070	102.3064
31.64167	6.18146	102.5487
31.63784	6.18177	102.7850
31.63780	6.17963	103.0183
31.64059	6.17688	103.2544
31.64006	6.17555	103.4907
31.63909	6.17398	103.7299
31.63817	6.17138	103.9662
31.63775	6.16868	104.2115
31.63772	6.16542	104.4477
31.63645	6.16165	104.6781
31.63866	6.15702	104.9140
31.64138	6.15294	105.1473
31.64219	6.14974	105.3838
31.64035	6.14658	105.6169
31.64434	6.14292	105.8562
31.63206	6.13946	106.0983
31.62744	6.12999	106.3317
31.62980	6.11590	106.5680
31.63889	6.10100	106.8072
31.64393	6.08870	107.0403
31.64993	6.07807	107.2858
31.64217	6.06888	107.5159
31.63665	6.05506	107.7551
31.65108	6.03769	107.9915
31.65807	6.02515	108.2215
31.66670	6.01637	108.4549
31.67301	6.01135	108.6911
31.67098	6.00942	108.9274
31.67228	6.00724	109.1727
31.67361	6.00526	109.3968
31.66129	6.00344	109.6391
31.65865	5.99684	109.8814
31.66418	5.98792	110.1419
31.66959	5.98082	110.3963
31.67306	5.97641	110.6235
31.67535	5.97347	110.8506
31.67818	5.97210	111.0867
31.67470	5.97149	111.3262
31.67468	5.96992	111.5562
31.67505	5.96794	111.7865
31.67044	5.96597	112.0197
31.66974	5.96166	112.2500
31.67265	5.95659	112.4802
31.67358	5.95269	112.6982
31.67536	5.94919	112.9254
31.67836	5.94625	113.1254
31.68033	5.94453	113.2314
31.68361	5.94347	113.2195
31.68360	5.94387	113.1620
31.68485	5.94504	113.1623
31.68188	5.94666	113.1835
31.68090	5.94742	113.1684
31.68491	5.94747	113.0507
31.68607	5.94919	112.8783
31.68460	5.95157	112.7241
31.68184	5.95350	112.5730
31.68259	5.95461	112.4157
31.68149	5.95588	112.2434
31.68002	5.95679	112.0860
31.67762	5.95694	111.9198
31.67910	5.95618	111.7381
31.68137	5.95563	111.5476
31.68173	5.95644	111.3574
31.68215	5.95786	111.1635
31.68273	5.95948	110.9670
31.68220	5.96191	110.7765
31.68221	5.96414	110.5646
31.68084	5.96652	110.3651
31.67944	5.96835	110.1442
31.67990	5.97012	109.9052
31.67835	5.97159	109.6754
31.67846	5.97291	109.4699
31.67984	5.97413	109.2490
31.68140	5.97610	109.0282
31.68256	5.97859	108.8013
31.68355	5.98229	108.5743
31.68249	5.98634	108.3504
31.68114	5.99040	108.1329
31.67930	5.99395	107.9120
31.67813	5.99679	107.6942
31.67754	5.99923	107.4704
31.68044	6.00126	107.2525
31.68220	6.00486	107.0256
31.68693	6.01023	106.8049
31.68608	6.01825	106.5869
31.68431	6.02718	106.3631
31.68310	6.03612	106.1393
31.68108	6.04480	105.9215
31.68127	6.05399	105.6976
31.68089	6.06491	105.4707
31.67799	6.07741	105.2529
31.67326	6.09012	105.0321
31.66951	6.10176	104.8113
31.66321	6.11239	104.5903
31.65988	6.12124	104.3665
31.65744	6.12862	104.1395
31.65543	6.13554	103.9158
31.65423	6.14195	103.6950
31.65171	6.14801	103.4802
31.64980	6.15305	103.2564
31.64743	6.15748	103.0327
31.64582	6.16109	102.8087
31.64454	6.16404	102.5878
31.64422	6.16664	102.3607
31.64298	6.16949	102.1341
31.64209	6.17204	101.9102
31.64102	6.17433	101.6833
31.64043	6.17627	101.4534
31.63948	6.17800	101.2206
31.63987	6.17953	101.0025
31.63889	6.18136	100.7666
31.63881	6.18304	100.5398
31.63916	6.18462	100.3189
31.63914	6.18646	100.0922
31.63897	6.18824	99.8501
31.63931	6.19012	99.6170
31.64219	6.19216	99.3902
31.64652	6.19655	99.1663
31.64466	6.20368	98.9303
31.64345	6.21158	98.7066
31.64232	6.21933	98.4795
31.64033	6.22734	98.2496
31.63720	6.23555	98.0167
31.63603	6.24371	97.7896
31.63375	6.25203	97.5597
31.62971	6.26040	97.3451
31.62561	6.26780	97.1151
31.62294	6.27367	96.8851
31.62056	6.27842	96.6583
31.61888	6.28255	96.4315
31.61781	6.28669	96.2135
31.61753	6.29073	95.9837
31.61720	6.29548	95.7507
31.61514	6.30150	95.5328
31.61182	6.30764	95.2968
31.60849	6.31310	95.0698
31.60719	6.31750	94.8369
31.60826	6.32149	94.6130
31.60856	6.32629	94.3832
31.60960	6.33237	94.1593
31.60878	6.33994	93.9353
31.60534	6.34848	93.7085
31.60043	6.35677	93.4876
31.59646	6.36332	93.2576
31.59264	6.36792	93.0306
31.59075	6.37074	92.8069
31.59028	6.37284	92.5769
31.58955	6.37447	92.3529
31.59037	6.37621	92.1259
31.58998	6.37852	91.9082
31.59040	6.38128	91.6783
31.58975	6.38476	91.4484
31.58813	6.38840	91.2153
31.58633	6.39193	90.9946
31.58427	6.39464	90.7646
31.58379	6.39705	90.5377
31.58469	6.39915	90.3017
31.58459	6.40181	90.0747
31.58288	6.40488	89.8448
31.58201	6.40734	89.5996
31.58068	6.40965	89.3455
31.57871	6.41154	89.0883
31.57896	6.41293	88.8736
31.58001	6.41472	88.6466
31.58030	6.41769	88.4195
31.58180	6.42158	88.1865
31.58019	6.42742	87.9567
31.57801	6.43388	87.7267
31.57560	6.44044	87.4996
31.57288	6.44608	87.2790
31.57053	6.45095	87.0459
31.56917	6.45505	86.8218
31.56929	6.45895	86.5950
31.56871	6.46331	86.3621
31.56804	6.46829	86.1382
31.56540	6.47362	85.9145
31.56352	6.47865	85.6842
31.56080	6.48311	85.4574
31.55886	6.48681	85.2305
31.55775	6.48953	84.9945
31.55578	6.49179	84.7647
31.55471	6.49343	84.5345
31.55436	6.49466	84.3016
31.55479	6.49579	84.0747
31.55600	6.49784	83.8447
31.56266	6.50190	83.6208
31.56542	6.51129	83.3938
31.56222	6.52603	83.1548
31.56084	6.54278	82.9368
31.55263	6.56118	82.7100
31.54570	6.57856	82.4800
31.54220	6.59548	82.2470
31.53151	6.61149	82.0200
31.52724	6.62400	81.7871
31.52611	6.63569	81.5632
31.52101	6.64748	81.3302
31.51530	6.65809	81.1032
31.51271	6.66716	80.8732
31.51137	6.67598	80.6464
31.50826	6.68495	80.4163
31.50503	6.69361	80.1863
31.50380	6.70187	79.9565
31.50202	6.70976	79.7264
31.49836	6.71786	79.4934
31.49453	6.72503	79.2575
31.49241	6.73035	79.0183
31.49133	6.73489	78.7913
31.48987	6.73918	78.5734
31.48918	6.74331	78.3374
31.48783	6.74733	78.0983
31.48836	6.75095	77.8715
31.48952	6.75482	77.6446
31.49217	6.76004	77.4145
31.49123	6.76732	77.1875
31.49004	6.77487	76.9666
31.49119	6.78246	76.7336
31.48983	6.79094	76.5068
31.48906	6.79989	76.2767
31.48548	6.80790	76.0466
31.48444	6.81566	75.8228
31.48230	6.82285	75.5898
31.47903	6.82942	75.3598
31.47733	6.83465	75.1298
31.47273	6.83904	74.9027
31.46763	6.84184	74.6789
31.46635	6.84298	74.4428
31.47495	6.84458	74.2249
31.49051	6.85095	73.9981
31.49568	6.86576	73.7741
31.49189	6.88451	73.5469
31.48137	6.90337	73.3140
31.47512	6.91794	73.0870
31.47698	6.93023	72.8540
31.47722	6.94673	72.6332
31.47668	6.96853	72.4063
31.46792	6.99392	72.1732
31.45309	7.01975	71.9492
31.44598	7.04180	71.7192
31.43786	7.06177	71.5013
31.44110	7.07989	71.2652
31.44012	7.10071	71.0292
31.43262	7.12254	70.7991
31.42543	7.14188	70.5753
31.42272	7.15810	70.3422
31.42503	7.17427	70.1122
31.41958	7.19134	69.8852
31.41498	7.20674	69.6642
31.41276	7.22063	69.4435
31.40995	7.23369	69.2134
31.40242	7.24582	68.9713
31.39532	7.25450	68.7353
31.39101	7.25972	68.5144
31.39008	7.26302	68.2873
31.38901	7.26542	68.0573
31.38673	7.26731	67.8303
31.38708	7.26851	67.6092
31.38882	7.26997	67.3795
31.39220	7.27259	67.1492
31.39650	7.27709	66.9193
31.40177	7.28384	66.6984
31.40081	7.29346	66.4684
31.39702	7.30398	66.2383
31.39365	7.31330	66.0083
31.38999	7.32205	65.7844
31.39011	7.33063	65.5513
31.39419	7.34085	65.3303
31.38677	7.35390	65.1003
31.37414	7.36506	64.8764
31.36482	7.37214	64.6433
31.35335	7.37654	64.4255
31.32604	7.37717	64.2015
31.30718	7.36994	63.9866
31.29354	7.35657	63.7474
31.30179	7.34242	63.5296
31.31860	7.33456	63.2996
31.32486	7.33613	63.0756
31.32965	7.34268	62.8488
31.33785	7.35206	62.6215
31.35214	7.36569	62.3947
31.36479	7.38625	62.1647
31.35183	7.41463	61.9435
31.34536	7.44283	61.7197
31.32738	7.46946	61.4867
31.31075	7.48986	61.2626
31.29824	7.50275	61.0356
31.29294	7.51022	60.8146
31.28816	7.51563	60.5847
31.28148	7.52132	60.3546
31.27366	7.52721	60.1337
31.26559	7.53221	59.9037
31.25899	7.53490	59.6795
31.25429	7.53548	59.4556
31.25206	7.53584	59.2346
31.24839	7.53669	59.0076
31.22862	7.53753	58.7807
31.18833	7.53542	58.5507
31.14472	7.52758	58.3176
31.11886	7.51253	58.0998
31.11021	7.49370	57.8697
31.12131	7.47919	57.6427
31.11391	7.47325	57.4215
31.10230	7.47030	57.1946
31.09888	7.46715	56.9708
31.09540	7.46489	56.7435
31.08971	7.46405	56.5197
31.08862	7.46389	56.2956
31.08545	7.46426	56.0717
31.08332	7.46563	55.8477
31.07927	7.46878	55.6236
31.07310	7.47362	55.3966
31.06788	7.47845	55.1697
31.06383	7.48271	54.9517
31.06178	7.48623	54.7219
31.06025	7.48954	54.5007
31.05834	7.49254	54.2797
31.06096	7.49554	54.0527
31.06609	7.50006	53.8286
31.06765	7.50737	53.6046
31.07057	7.51779	53.3837
31.06607	7.53105	53.1627
31.05882	7.54369	52.9296
31.04632	7.55480	52.7147
31.02962	7.56265	52.4907
31.01907	7.56607	52.2667
31.01270	7.56639	52.0488
31.00944	7.56649	51.8277
31.00614	7.56881	51.5947
31.00301	7.57355	51.3707
31.00002	7.57993	51.1499
30.99416	7.58736	50.9289
30.98717	7.59458	50.6987
30.98091	7.60023	50.4809
30.97440	7.60571	50.2507
30.96926	7.61061	50.0329
30.96376	7.61504	49.8057
30.96038	7.61858	49.5878
30.95711	7.62132	49.3638
30.95108	7.62343	49.1398
30.94390	7.62533	48.9218
30.93760	7.62633	48.6948
30.93170	7.62718	48.4676
30.92967	7.62807	48.2436
30.92841	7.62924	48.0228
30.92574	7.63018	47.7896
30.92409	7.63103	47.5717
30.92272	7.63156	47.3505
30.92115	7.63224	47.1298
30.92030	7.63272	46.9025
30.91907	7.63309	46.6756
30.91837	7.63325	46.4576
30.91847	7.63325	46.2305
30.91838	7.63346	46.0127
30.91772	7.63356	45.7885
30.91744	7.63361	45.5586
30.91400	7.63356	45.3346
30.90754	7.63251	45.1075
30.89955	7.62987	44.8863
30.89650	7.62639	44.6653
30.89519	7.62581	44.4385
30.89336	7.63045	44.2143
30.88628	7.64011	43.9963
30.87572	7.65362	43.7693
30.86393	7.66846	43.5423
30.85238	7.68235	43.3182
30.84124	7.69503	43.1003
30.83134	7.70708	42.8794
30.82410	7.71650	42.6552
30.81850	7.72512	42.4342
30.81244	7.73321	42.2132
30.80655	7.74035	41.9923
30.80127	7.74607	41.7651
30.79603	7.75062	41.5442
30.79062	7.75453	41.3201
30.78490	7.75797	41.1022
30.77997	7.76104	40.8779
30.77629	7.76390	40.6541
30.77236	7.76697	40.4301
30.76838	7.77010	40.2059
30.76479	7.77285	39.9910
30.76193	7.77507	39.7670
30.76039	7.77693	39.5488
30.75913	7.77809	39.3281
30.75759	7.77921	39.1071
30.75689	7.77974	38.8888
30.75661	7.78016	38.6649
30.75484	7.78064	38.4288
30.75273	7.78074	38.1986
30.75134	7.78026	37.9776
30.74814	7.77921	37.7535
30.74658	7.77846	37.5326
30.74339	7.77889	37.3116
30.73914	7.78053	37.0845
30.73525	7.78355	36.8635
30.73279	7.78683	36.6456
30.72999	7.79012	36.4244
30.72668	7.79398	36.2093
30.72188	7.79812	35.9854
30.71685	7.80214	35.7644
30.71249	7.80601	35.5404
30.70854	7.80993	35.3224
30.70396	7.81375	35.1043
30.70010	7.81826	34.8742
30.69698	7.82266	34.6594
30.69330	7.82695	34.4384
30.68850	7.83215	34.2173
30.68436	7.83697	33.9962
30.67968	7.84090	33.7752
30.67675	7.84472	33.5602
30.67496	7.84785	33.3391
30.67291	7.85082	33.1212
30.67119	7.85326	32.8999
30.66989	7.85522	32.6821
30.66864	7.85676	32.4611
30.66682	7.85857	32.2370
30.66561	7.85968	32.0067
30.66468	7.86048	31.7888
30.66394	7.86106	31.5710
30.66352	7.86164	31.3559
30.66310	7.86223	31.1318
30.66259	7.86292	30.9108
30.66215	7.86377	30.6867
30.66149	7.86515	30.4656
30.65986	7.86711	30.2478
30.65824	7.86907	30.0296
30.65451	7.87231	29.8026
30.65050	7.87698	29.5814
30.64641	7.88176	29.3633
30.64292	7.88622	29.1424
30.64037	7.88962	28.9154
30.63869	7.89307	28.6943
30.63432	7.89854	28.4733
30.62776	7.90540	28.2552
30.62097	7.91220	28.0283
30.61544	7.91788	27.7949
30.61143	7.92219	27.5798
30.60865	7.92586	27.3557
30.60567	7.92936	27.1379
30.60368	7.93394	26.9199
30.60097	7.94016	26.6897
30.59538	7.94845	26.4746
30.58987	7.95712	26.2506
30.58428	7.96468	26.0296
30.57959	7.97090	25.8144
30.57518	7.97697	25.5906
30.57096	7.98288	25.3725
30.56771	7.98815	25.1454
30.56498	7.99326	24.9243
30.56165	7.99794	24.7033
30.55737	8.00258	24.4851
30.55300	8.00732	24.2580
30.54793	8.01211	24.0369
30.54282	8.01664	23.8281
30.53756	8.02016	23.5919
30.53491	8.02293	23.3797
30.53196	8.02538	23.1467
30.52986	8.02788	22.9408
30.52792	8.03060	22.7197
30.52577	8.03348	22.4956
30.52313	8.03662	22.2714
30.51923	8.04158	22.0625
30.50989	8.04872	21.8384
30.49144	8.05971	21.6175
30.47352	8.07635	21.3932
30.45961	8.09834	21.1813
30.44191	8.12253	20.9602
30.42486	8.14267	20.7361
30.41325	8.15807	20.5121
30.40320	8.17181	20.2970
30.39102	8.18358	20.0699
30.38028	8.19353	19.8550
30.37528	8.20198	19.6338
30.37566	8.21199	19.4189
30.36939	8.22570	19.1947
30.36315	8.23823	18.9857
30.35668	8.24954	18.7646
30.34626	8.26020	18.5497
30.33103	8.26905	18.3284
30.32062	8.27419	18.1166
30.31239	8.27682	17.9016
30.30807	8.27854	17.6775
30.30370	8.28267	17.4533
30.28792	8.29103	17.2413
30.28928	8.30182	17.0263
30.30170	8.31835	16.8083
30.29696	8.34332	16.5901
30.28508	8.36873	16.3782
30.26400	8.39147	16.1571
30.24420	8.40911	15.9391
30.23246	8.41988	15.7272
30.22356	8.42628	15.5058
30.21304	8.42972	15.2880
30.20808	8.43032	15.0730
30.20612	8.42946	14.8579
30.20492	8.42838	14.6488
30.19930	8.42725	14.4309
30.19648	8.42504	14.2189
30.19907	8.42289	14.0040
30.19731	8.42170	13.7949
30.19629	8.42074	13.5708
30.19592	8.41977	13.3526
30.19556	8.41885	13.1316
30.19519	8.41788	12.9136
30.19537	8.41702	12.7016
30.19519	8.41643	12.4836
30.19538	8.41616	12.2775
30.19828	8.41622	12.0594
30.19864	8.41885	11.8444
30.19514	8.42418	11.6325
30.18831	8.42999	11.4204
30.18845	8.43516	11.1995
30.19169	8.44157	10.9813
30.19165	8.45105	10.7601
30.19034	8.46230	10.5452
30.17689	8.47669	10.3211
30.16544	8.49162	10.1092
30.15360	8.50748	9.8970
30.14194	8.52253	9.6849
30.11255	8.53607	9.4670
30.14108	8.55189	9.2489
30.13323	8.57576	9.0368
30.12546	8.60592	8.8156
30.13991	8.66977	8.5976
30.04983	8.81822	8.3854
29.94143	8.99928	8.1735
29.79881	9.19517	7.9525
29.69727	9.34783	7.7374
29.63397	9.47659	7.5192
29.51069	9.63858	7.3044
29.37153	9.80310	7.0922
29.28589	9.93109	6.8620
29.20274	10.04319	6.6562
29.13310	10.13666	6.4351
29.08210	10.20612	6.2229
29.03883	10.26183	6.0081
28.94453	10.32598	5.7869
28.85252	10.41341	5.5748
28.80498	10.50444	5.3567
28.75543	10.59745	5.1416
28.71073	10.67758	4.9205
28.67553	10.74466	4.7086
28.62585	10.81914	4.4874
28.59207	10.88929	4.2753
28.58660	10.95699	4.0604
28.54278	11.03673	3.8513
28.50145	11.10152	3.6333
28.48308	11.15180	3.4183
28.46382	11.19989	3.2215
28.43902	11.24423	3.0122
28.42862	11.27621	2.7912
28.45616	11.30659	2.5548
28.49265	11.38644	2.3368
28.44468	11.54869	2.1188
28.28758	11.73001	1.8976
28.22558	11.83307	1.6796
28.19391	11.89513	1.4766
28.17817	11.93541	1.2737
28.16424	11.96698	1.0859
28.14894	11.99445	0.9283
28.12912	12.01650	0.7588
28.12384	12.02874	0.5709
28.14851	12.04483	0.3983
28.12984	12.09303	0.2438
28.07544	12.14693	0.1378
22.86012	12.17679	0.1288
3.34772	12.19028	0.1260
2.46765	12.19022	0.1379
2.45157	12.18499	0.1318
19.04683	12.17673	0.1290
26.73980	12.15530	0.1290
27.56002	12.07591	0.1291
8.36957	11.98435	0.1292
4.99196	11.91842	0.1294
5.62590	11.87510	0.1232
4.98544	11.84790	0.1324
4.08832	11.82154	0.1234
3.53922	11.78356	0.1295
3.20171	11.74034	0.1264
3.13602	11.69899	0.1265
3.10953	11.66348	0.1296
3.02996	11.63854	0.1266
2.95243	11.62490	0.1296
2.64207	11.61192	0.1206
2.34958	11.59847	0.1206
2.30761	11.58631	0.1147
2.19813	11.57556	0.1176
2.32146	11.56504	0.1177
2.48553	11.55511	0.1147
2.49015	11.54583	0.1209
2.44411	11.53702	0.1211
2.28228	11.52739	0.1148
2.13959	11.51840	0.1149
2.00568	11.51012	0.1193
1.91750	11.50003	0.1151
2.03192	11.48814	0.1151
2.16272	11.47485	0.1151
2.14751	11.46273	0.1152
2.09914	11.45201	0.1182
1.96398	11.44211	0.1153
1.81592	11.43245	0.1183
1.71083	11.42262	0.1125
1.65244	11.41267	0.1153
1.58563	11.40307	0.1153
1.51997	11.39446	0.1125
1.45735	11.38574	0.1154
1.40488	11.37737	0.1126
1.37545	11.36947	0.1155
1.41109	11.36145	0.1216
1.49155	11.35303	0.1125
1.62313	11.34385	0.1187
1.69692	11.33485	0.1127
1.77278	11.32603	0.1159
1.77842	11.31779	0.1189
1.79814	11.30990	0.1099
1.75311	11.30213	0.1189
1.69298	11.29383	0.1129
1.58681	11.28647	0.1159
1.55105	11.28282	0.1161
1.61672	11.28108	0.1191
2.32570	11.27772	0.1162
2.39081	11.27273	0.1161
2.53145	11.26873	0.1193
