Salinity, Practical [PSU]	Temperature [ITS-90, deg C]	Depth [salt water, m]
0.01456	17.03982	-0.0103
0.01456	17.04057	-0.0012
0.01454	17.03676	-0.0011
0.01452	17.02313	-0.0042
0.01449	17.01019	-0.0072
0.01451	16.99691	-0.0073
0.01448	16.97058	-0.0012
0.01447	16.93788	-0.0072
0.01445	16.91866	-0.0072
0.01447	16.91445	-0.0012
0.01445	16.91696	-0.0042
0.01442	16.92083	0.0019
0.01447	16.92375	-0.0042
0.01450	16.92314	-0.0042
0.01442	16.92029	-0.0043
0.01445	16.91967	0.0019
0.01447	16.91567	-0.0012
0.01451	16.90840	-0.0073
0.01449	16.90318	-0.0042
0.01446	16.89944	0.0048
0.01445	16.89958	-0.0012
0.01442	16.90297	-0.0042
0.01442	16.90834	-0.0103
0.01445	16.91506	-0.0073
0.01442	16.92117	-0.0103
0.01445	16.92524	-0.0043
0.01447	16.92993	-0.0042
0.01447	16.93564	-0.0073
0.01446	16.94094	-0.0103
0.01447	16.94631	-0.0072
0.01446	16.95154	-0.0073
0.01448	16.95657	0.0048
0.01443	16.96194	-0.0043
0.01446	16.96670	-0.0012
0.01444	16.97140	-0.0042
0.01447	16.97568	-0.0012
0.01448	16.98004	-0.0012
0.01448	16.98378	-0.0042
0.01439	16.97609	-0.0073
0.01443	16.96140	-0.0042
0.01442	16.95895	-0.0073
0.01443	16.96222	-0.0042
0.01448	16.96426	-0.0042
0.01442	16.96643	-0.0042
0.01444	16.97078	0.0019
0.01442	16.97500	-0.0073
0.01444	16.97874	-0.0042
0.01439	16.98160	-0.0042
0.01439	16.98174	-0.0102
0.01431	16.97963	-0.0073
0.01442	16.97589	-0.0103
0.01439	16.97249	-0.0012
0.01444	16.97201	-0.0073
0.01439	16.97242	-0.0042
0.01439	16.97214	-0.0012
0.01439	16.97269	-0.0042
0.01439	16.97500	-0.0011
0.01439	16.97643	-0.0042
0.01435	16.97650	-0.0011
0.01435	16.97725	-0.0042
0.01439	16.97779	-0.0042
0.01435	16.97772	-0.0012
0.01444	16.97718	-0.0011
0.01435	16.97541	0.0080
0.01435	16.97323	-0.0011
0.01442	16.97317	-0.0011
0.01435	16.97527	-0.0011
0.01435	16.97813	0.0019
0.01435	16.98024	-0.0041
0.01435	16.97874	-0.0072
0.01435	16.96398	-0.0041
0.01439	16.94495	-0.0011
0.01430	16.92015	-0.0071
0.01433	16.89958	-0.0042
0.01437	16.88424	-0.0041
0.01437	16.87488	-0.0071
0.01437	16.85684	-0.0011
0.01445	16.81437	0.0080
0.03356	16.09435	0.0384
8.19028	14.94734	0.0868
10.47007	14.12715	0.1171
19.27585	13.58134	0.1322
12.42127	13.29985	0.1230
9.62824	13.10481	0.0989
9.61800	12.93100	0.0928
9.90097	12.83038	0.1049
9.86205	12.80119	0.1019
9.90214	12.78639	0.1110
18.79460	12.77450	0.1625
19.72568	12.71262	0.2776
19.07646	12.63111	0.4169
19.14974	12.56047	0.5290
19.30457	12.48673	0.6017
19.39453	12.43526	0.6138
19.42391	12.39354	0.6139
19.45527	12.35294	0.6077
19.47658	12.32753	0.6078
19.50574	12.31906	0.6108
19.54313	12.31858	0.6138
19.59303	12.32520	0.6260
19.65721	12.34727	0.6229
19.66534	12.37622	0.6260
19.69594	12.37986	0.6138
19.60098	12.37288	0.6108
19.55837	12.36028	0.6229
19.60270	12.34650	0.6350
19.64685	12.34870	0.6381
19.67622	12.36482	0.6351
19.68341	12.37419	0.6168
19.66300	12.36106	0.6078
19.65951	12.33641	0.6078
19.68195	12.32431	0.6108
19.72005	12.32735	0.6230
19.75618	12.33230	0.6290
19.77380	12.34214	0.6502
19.77942	12.34900	0.6866
19.82932	12.34411	0.7654
19.82691	12.34518	0.8532
19.85048	12.34500	0.9350
19.86680	12.35216	0.9774
19.85709	12.40364	0.9803
19.80609	12.52460	0.9834
19.73351	12.61308	0.9803
19.73423	12.62757	0.9804
19.75300	12.58604	0.9835
19.78148	12.53162	0.9804
19.81625	12.48164	0.9865
19.85879	12.44669	0.9895
19.87301	12.43263	0.9834
19.84086	12.41894	0.9683
19.83419	12.39037	0.9804
19.86094	12.36452	0.9926
19.88931	12.35491	0.9926
19.90789	12.36225	0.9895
19.90684	12.36547	0.9865
19.89777	12.35479	0.9895
19.91735	12.34005	0.9865
19.93461	12.32848	0.9895
19.94628	12.31966	0.9805
19.95589	12.31310	0.9835
19.97024	12.30791	0.9835
19.99746	12.30422	0.9805
20.02800	12.30166	0.9805
20.05898	12.30136	0.9835
20.08992	12.30422	0.9865
20.11754	12.30780	0.9866
20.15526	12.30756	0.9866
20.21014	12.30476	0.9835
20.25010	12.30249	0.9865
20.27845	12.30261	0.9926
20.29892	12.30487	0.9927
20.31704	12.30952	0.9897
20.33168	12.31978	0.9776
20.30282	12.33248	0.9776
20.28648	12.33534	0.9805
20.29793	12.33075	0.9805
20.31787	12.32812	0.9897
20.33804	12.33844	0.9897
20.34573	12.36201	0.9867
20.34273	12.37485	0.9836
20.32823	12.37467	0.9836
20.30746	12.36720	0.9806
20.31099	12.35932	0.9927
20.34251	12.35551	0.9807
20.39299	12.36088	0.9806
20.40769	12.37073	0.9715
20.40094	12.37461	0.9685
20.39676	12.38440	0.9777
20.38816	12.41708	0.9837
20.37743	12.45967	0.9837
20.36459	12.49601	0.9928
20.33626	12.52550	0.9867
20.30989	12.54973	0.9746
20.30319	12.56389	0.9747
20.30315	12.60190	0.9837
20.28444	12.64452	0.9868
20.27116	12.67100	0.9898
20.25204	12.69942	0.9898
20.22855	12.73341	0.9807
20.23240	12.75477	0.9777
20.24225	12.76183	0.9808
20.24359	12.76490	0.9777
20.25061	12.76732	0.9777
20.25460	12.76762	0.9838
20.24796	12.78440	0.9838
20.24634	12.79171	0.9868
20.25680	12.78682	0.9838
20.26513	12.78724	0.9839
20.27061	12.79092	0.9809
20.27374	12.78591	0.9808
20.28433	12.76309	0.9839
20.30514	12.73239	0.9900
20.33055	12.70707	0.9900
20.34261	12.69671	0.9839
20.33561	12.70370	0.9779
20.33615	12.71093	0.9748
20.34282	12.71400	0.9779
20.34779	12.71081	0.9870
20.35667	12.69864	0.9810
20.37128	12.68443	0.9841
20.37476	12.68533	0.9840
20.37173	12.69870	0.9780
20.37239	12.70533	0.9749
20.35158	12.69563	0.9811
20.35247	12.66799	0.9841
20.37984	12.63406	0.9902
20.40730	12.61723	0.9811
20.41104	12.62276	0.9781
20.38560	12.63027	0.9781
20.35691	12.61362	0.9842
20.37884	12.56905	0.9903
20.43110	12.53348	0.9903
20.45419	12.52928	0.9873
20.46100	12.53000	0.9812
20.46950	12.52460	0.9752
20.46863	12.52064	0.9782
20.43590	12.51819	0.9903
20.40261	12.50171	0.9995
20.43352	12.46619	0.9964
20.48838	12.44507	1.0025
20.50112	12.44621	0.9965
20.49623	12.44268	0.9904
20.49088	12.43616	0.9813
20.49796	12.43263	0.9783
20.50634	12.43406	0.9784
20.49296	12.43921	0.9723
20.42043	12.44172	0.9784
20.34598	12.41947	0.9875
20.37301	12.37550	1.0056
20.45611	12.36386	1.0057
20.47389	12.37156	0.9966
20.46380	12.37807	0.9845
20.40046	12.43993	0.9815
20.37410	12.46763	0.9876
20.37404	12.48577	0.9937
20.38043	12.50105	0.9937
20.38481	12.51663	0.9877
20.38496	12.53401	0.9787
20.38292	12.55111	0.9786
20.37659	12.56671	0.9846
20.36348	12.57770	0.9878
20.35141	12.57914	0.9878
20.35317	12.56839	0.9908
20.36741	12.55057	0.9999
20.39655	12.53407	0.9999
20.41286	12.53144	0.9970
20.41169	12.53965	0.9939
20.40136	12.54583	0.9879
20.39987	12.54085	0.9910
20.41523	12.52838	0.9909
20.42766	12.52172	0.9971
20.42937	12.52544	0.9971
20.42991	12.53180	0.9911
20.43307	12.53803	0.9851
20.42508	12.54649	0.9790
20.41990	12.55465	0.9699
20.40948	12.55921	0.9730
20.38004	12.57458	0.9821
20.35803	12.58394	0.9972
20.37562	12.58106	1.0064
20.39151	12.59079	1.0033
20.39326	12.59746	0.9943
20.39698	12.59794	0.9822
20.36921	12.64170	0.9852
20.32252	12.69960	0.9883
20.29851	12.72184	0.9914
20.28912	12.73245	0.9974
20.28407	12.74879	0.9975
20.29181	12.76635	0.9945
20.28971	12.79195	0.9884
20.28259	12.81086	0.9854
20.26876	12.81817	0.9764
20.23654	12.83993	0.9794
20.20379	12.85681	0.9945
20.18628	12.86074	1.0068
20.20664	12.83588	1.0068
20.23655	12.80880	1.0068
20.25211	12.80470	0.9917
20.26213	12.81019	0.9826
20.26483	12.80989	0.9735
20.25123	12.80029	0.9735
20.21728	12.77873	0.9797
20.23536	12.70701	0.9948
20.30141	12.62197	1.0039
20.33981	12.58971	1.0040
20.35694	12.57350	0.9889
20.37471	12.54649	0.9857
20.37805	12.52094	0.9798
20.35792	12.49931	0.9829
20.33428	12.46829	0.9889
20.34961	12.42438	0.9889
20.39501	12.39414	0.9920
20.38579	12.39049	0.9921
20.33705	12.38924	0.9921
20.32792	12.36917	0.9982
20.37888	12.34614	0.9951
20.42348	12.34113	0.9922
20.42195	12.34309	0.9921
20.39734	12.33916	0.9922
20.38752	12.33105	0.9953
20.40138	12.32264	0.9983
20.41987	12.31864	1.0044
20.44597	12.32073	1.0014
20.47387	12.32490	0.9954
20.49209	12.32437	0.9833
20.48054	12.34041	0.9863
20.42270	12.40274	0.9833
20.37613	12.44405	0.9834
20.35451	12.45781	0.9955
20.33757	12.47248	1.0016
20.33903	12.48008	1.0077
20.36467	12.48122	1.0017
20.37818	12.49530	0.9896
20.37156	12.51663	0.9775
20.34495	12.52724	0.9715
20.31822	12.52478	0.9746
20.29321	12.51441	0.9866
20.28321	12.48481	0.9928
20.30143	12.44148	0.9989
20.34619	12.40830	1.0019
20.37946	12.40304	0.9959
20.38928	12.40943	0.9899
20.39197	12.40531	0.9868
20.37797	12.39682	0.9900
20.34214	12.38709	0.9930
20.31702	12.36989	1.0021
20.34033	12.34280	1.0113
20.40481	12.32622	1.0143
20.42939	12.32467	0.9991
20.42743	12.32914	0.9810
20.36178	12.37437	0.9750
20.30826	12.40346	0.9841
20.26757	12.41117	0.9871
20.26798	12.39449	0.9872
20.28813	12.36786	0.9933
20.31838	12.35121	0.9903
20.33582	12.35503	0.9812
20.31585	12.36923	0.9812
20.28677	12.36905	0.9904
20.28734	12.35342	0.9905
20.29797	12.34572	1.0056
20.31664	12.35103	1.0026
20.33026	12.36314	0.9966
20.33385	12.36983	0.9905
20.32750	12.37252	0.9846
20.31199	12.37723	0.9906
20.30499	12.38464	0.9967
20.30996	12.39217	0.9997
20.31167	12.40149	0.9938
20.31283	12.41087	1.0029
20.31731	12.42061	0.9998
20.32287	12.42922	0.9908
20.33082	12.43556	0.9939
20.34441	12.44005	0.9939
20.35944	12.44226	0.9999
20.36639	12.44573	1.0000
20.35905	12.45327	1.0000
20.35528	12.46111	0.9970
20.36212	12.46781	1.0001
20.36693	12.47439	0.9941
20.35761	12.48098	1.0002
20.35081	12.48535	1.0002
20.34710	12.48619	1.0003
20.35140	12.48511	0.9942
20.35372	12.48517	0.9943
20.34994	12.48613	1.0034
20.34801	12.48535	1.0065
20.34854	12.48134	1.0035
20.35038	12.47709	0.9974
20.35371	12.47565	0.9914
20.35666	12.47793	0.9915
20.36340	12.48224	1.0097
20.37188	12.47984	1.0218
20.34543	12.47936	1.0188
20.33827	12.48110	1.0128
20.33754	12.49230	0.9977
20.32471	12.52652	0.9886
20.32391	12.54559	0.9887
20.32012	12.55093	0.9948
20.31148	12.55489	0.9948
20.31134	12.56167	0.9978
20.31385	12.56515	0.9949
20.30898	12.56521	0.9979
20.29569	12.56581	1.0040
20.30154	12.56353	0.9950
20.30018	12.56257	0.9949
20.29719	12.57163	0.9951
20.29411	12.58124	0.9981
20.29195	12.58526	1.0042
20.29154	12.58556	1.0042
20.29254	12.58454	1.0073
20.29277	12.58544	1.0012
20.29120	12.58923	1.0012
20.28930	12.59361	0.9982
20.28633	12.59830	0.9983
20.28293	12.60425	0.9984
20.28101	12.60953	0.9894
20.27925	12.61320	0.9864
20.27669	12.61542	0.9863
20.27462	12.61795	0.9955
20.27440	12.62053	1.0046
20.27470	12.62215	1.0016
20.27368	12.62197	0.9986
20.26829	12.62113	0.9927
20.26412	12.62161	1.0018
20.27902	12.62101	1.0048
20.29376	12.61548	1.0260
20.29289	12.60803	1.0139
20.28646	12.60449	1.0018
20.28718	12.60106	0.9928
20.29487	12.59746	0.9716
20.31813	12.59427	0.9686
20.36564	12.58532	0.9808
20.39429	12.57572	1.0021
20.35876	12.58040	1.0051
20.33905	12.58725	1.0051
20.32630	12.58598	0.9871
20.33319	12.58226	0.9750
20.37177	12.57914	0.9750
20.45815	12.57728	0.9962
20.51803	12.57614	1.0175
20.48067	12.57902	1.0175
20.41083	12.58604	1.0205
20.38662	12.58653	1.0116
20.37508	12.58508	1.0025
20.37804	12.58989	0.9874
20.42113	12.59547	0.9753
20.46734	12.59583	0.9844
20.52671	12.59421	0.9935
20.52590	12.59355	0.9996
20.45470	12.59589	1.0058
20.42039	12.59938	1.0027
20.42596	12.59992	0.9937
20.44355	12.59974	0.9907
20.46643	12.60052	0.9846
20.53387	12.60088	0.9907
20.56915	12.59980	1.0030
20.57637	12.59782	1.0030
20.53380	12.59583	1.0151
20.48745	12.59656	1.0121
20.47306	12.59740	1.0091
20.48326	12.59752	1.0001
20.50575	12.59830	0.9910
20.52825	12.59956	0.9911
20.53312	12.60010	0.9941
20.52076	12.60046	1.0033
20.50608	12.60154	1.0033
20.49302	12.60322	1.0004
20.47341	12.60497	0.9974
20.44843	12.60665	0.9914
20.44253	12.60719	0.9853
20.47568	12.60719	0.9793
20.52963	12.60869	0.9884
20.57861	12.60881	1.0035
20.56594	12.60749	1.0188
20.50151	12.60875	1.0189
20.46670	12.60953	1.0098
20.46342	12.60833	1.0007
20.47532	12.61783	0.9886
20.46998	12.62504	0.9917
20.44823	12.62775	0.9978
20.44632	12.62865	0.9857
20.46669	12.62859	0.9948
20.48065	12.62739	0.9919
20.48505	12.62576	0.9949
20.48648	12.62480	0.9980
20.48362	12.62444	0.9950
20.47602	12.62510	0.9919
20.47520	12.62624	0.9981
20.48097	12.62763	1.0042
20.47977	12.62901	1.0043
20.47289	12.63003	0.9982
20.47266	12.63129	1.0043
20.47331	12.63274	1.0044
20.45420	12.63394	1.0044
20.43095	12.63538	1.0014
20.44786	12.63701	0.9955
20.47599	12.63815	0.9985
20.46458	12.63851	0.9985
20.42136	12.63863	0.9925
20.41426	12.63923	0.9894
20.43229	12.63905	0.9835
20.46179	12.63887	0.9896
20.48513	12.63851	0.9866
20.50094	12.63785	1.0018
20.50772	12.63701	1.0139
20.48538	12.63586	1.0170
20.44687	12.63628	1.0140
20.42686	12.63701	1.0110
20.46165	12.63695	1.0080
20.49471	12.63899	1.0021
20.48916	12.64104	1.0142
20.44134	12.64350	1.0142
20.40274	12.64801	1.0082
20.39362	12.64994	1.0022
20.39728	12.65343	0.9901
20.43026	12.66486	0.9841
20.47028	12.67196	0.9992
20.48485	12.67527	1.0023
20.46112	12.67901	1.0175
20.45561	12.68316	1.0297
20.52345	12.68569	1.0630
20.66075	12.67750	1.1539
20.87099	12.66438	1.2963
20.97566	12.66372	1.4508
21.03462	12.66643	1.6478
21.10307	12.65686	1.8477
21.17966	12.58899	2.0476
21.45097	12.41667	2.2477
21.41131	12.20822	2.4718
21.61512	12.08432	2.6899
22.18723	11.89602	2.9172
22.98808	11.62379	3.1352
24.37466	11.23577	3.3503
24.99982	10.81989	3.5503
25.20390	10.50819	3.7532
25.41033	10.29265	3.9562
25.74765	10.12952	4.1532
26.00875	9.99509	4.3379
26.16188	9.89537	4.5500
26.40927	9.81988	4.7469
26.76751	9.72645	4.9317
26.87042	9.63597	5.1165
26.93716	9.57418	5.2923
27.17995	9.50884	5.4832
27.38033	9.43913	5.6649
27.50999	9.37864	5.8557
27.59119	9.32734	6.0375
27.67318	9.28523	6.2314
27.73935	9.24888	6.4192
27.79883	9.21823	6.6071
27.88204	9.18683	6.7979
28.00674	9.15386	7.0009
28.11370	9.11923	7.2069
28.29307	9.07674	7.3948
28.57382	9.01233	7.5855
28.86906	8.90312	7.7825
29.12826	8.77606	7.9734
29.34229	8.65440	8.1672
29.48194	8.55448	8.3642
29.58534	8.48014	8.5520
29.67509	8.42854	8.7367
29.74342	8.38819	8.9307
29.78938	8.35599	9.1246
29.83234	8.33338	9.3154
29.85800	8.31636	9.5002
29.88109	8.30386	9.6911
29.89932	8.29297	9.8728
29.91849	8.28449	10.0576
29.93155	8.27650	10.2515
29.94500	8.26723	10.4424
29.96400	8.25784	10.6302
29.97310	8.24707	10.8210
29.98636	8.23630	11.0088
29.99757	8.22452	11.1907
30.01733	8.21162	11.3906
30.04559	8.19626	11.5694
30.06883	8.17903	11.7572
30.10785	8.16004	11.9419
30.15421	8.14326	12.1206
30.17553	8.13246	12.3055
30.18288	8.11868	12.4872
30.26470	8.08868	12.6842
30.33101	8.04408	12.8718
30.35823	7.99816	13.0628
30.38826	7.95207	13.2506
30.42027	7.91448	13.4475
30.44599	7.88697	13.6354
30.46198	7.87003	13.8262
30.47604	7.85857	14.0200
30.48844	7.84795	14.2108
30.50030	7.83835	14.3926
30.51399	7.82960	14.5805
30.52483	7.82117	14.7623
30.53216	7.81232	14.9501
30.53921	7.80267	15.1379
30.54622	7.79457	15.3196
30.55196	7.78943	15.4984
30.55341	7.78731	15.6863
30.55402	7.78614	15.8710
30.55010	7.78466	16.0529
30.55456	7.78090	16.2437
30.57008	7.77370	16.4376
30.57476	7.76390	16.6284
30.58100	7.75120	16.8192
30.59004	7.73929	17.0283
30.59480	7.73083	17.2372
30.58663	7.72057	17.4372
30.57962	7.70132	17.6281
30.58690	7.67316	17.8190
30.61115	7.64354	17.9916
30.62830	7.62290	18.1795
30.63378	7.61140	18.3490
30.63969	7.60318	18.5460
30.63268	7.59564	18.7369
30.64624	7.57903	18.9186
30.66063	7.56518	19.1064
30.67289	7.55780	19.2851
30.68747	7.55327	19.4670
30.70090	7.55006	19.6487
30.70493	7.54690	19.8335
30.71094	7.54369	20.0182
30.71529	7.53942	20.2001
30.68696	7.53005	20.3788
30.73130	7.50390	20.5636
30.80115	7.46636	20.7454
30.85593	7.41893	20.9362
30.89801	7.38111	21.1241
30.92698	7.35767	21.3059
30.94409	7.34462	21.4846
30.95687	7.33613	21.6693
30.96465	7.32697	21.8481
30.98218	7.31095	22.0238
31.01175	7.28807	22.2116
31.03186	7.26846	22.4025
31.04366	7.25523	22.5812
31.05228	7.24770	22.7599
31.05551	7.24289	22.9417
31.05616	7.23955	23.1114
31.05659	7.23599	23.2931
31.04871	7.23014	23.4780
31.05618	7.21995	23.6506
31.06837	7.20846	23.8324
31.07339	7.19698	24.0112
31.08516	7.18090	24.1838
31.09230	7.16707	24.3656
31.10089	7.15424	24.5443
31.11012	7.14308	24.7353
31.11537	7.13531	24.9140
31.12046	7.12994	25.0897
31.12282	7.12650	25.2654
31.12329	7.12447	25.4441
31.12566	7.12213	25.6319
31.12660	7.12025	25.8137
31.12590	7.11884	25.9924
31.12367	7.11676	26.1742
31.12393	7.11348	26.3681
31.12049	7.10952	26.5740
31.12028	7.10348	26.7650
31.12373	7.09665	26.9467
31.12334	7.09118	27.1345
31.12129	7.08525	27.3133
31.11989	7.07666	27.4920
31.13174	7.06308	27.6768
31.15702	7.04736	27.8617
31.18578	7.03036	28.0465
31.19783	7.01658	28.2374
31.20557	7.00141	28.4161
31.21660	6.98655	28.5948
31.22789	6.97409	28.7794
31.23569	6.96614	28.9583
31.22677	6.96131	29.1432
31.16605	6.95021	29.3158
31.13676	6.91208	29.4885
31.18343	6.85696	29.6672
31.20764	6.81364	29.8309
31.22500	6.77812	30.0096
31.23845	6.74336	30.1792
31.25757	6.70604	30.3459
31.27821	6.66531	30.5186
31.30792	6.62322	30.6883
31.30554	6.58910	30.8519
31.30114	6.53692	31.0245
31.34267	6.46382	31.2004
31.37322	6.39894	31.3791
31.41290	6.34112	31.5547
31.45232	6.29686	31.7305
31.47207	6.27112	31.9123
31.47058	6.25438	32.0881
31.48170	6.23458	32.2637
31.49094	6.21750	32.4273
31.49983	6.20353	32.6031
31.50585	6.19303	32.7848
31.51077	6.18549	32.9635
31.51070	6.17978	33.1363
31.51442	6.17347	33.3119
31.51869	6.16878	33.4877
31.52092	6.16562	33.6573
31.52047	6.16359	33.8301
31.52244	6.16094	33.9967
31.52400	6.15880	34.1665
31.52505	6.15758	34.3390
31.52537	6.15686	34.4965
31.52368	6.15600	34.6785
31.52322	6.15391	34.8328
31.52318	6.15106	34.9994
31.52454	6.14796	35.1662
31.52314	6.14449	35.3449
31.51295	6.14002	35.5147
31.50454	6.12933	35.7054
31.51157	6.11331	35.8993
31.51968	6.09820	36.0902
31.52723	6.08600	36.2660
31.52928	6.07624	36.4417
31.53954	6.06705	36.6204
31.54738	6.06126	36.7930
31.55179	6.05821	36.9628
31.55269	6.05679	37.1355
31.55441	6.05521	37.3265
31.55524	6.05348	37.5082
31.55809	6.05181	37.6808
31.55891	6.05084	37.8535
31.55889	6.04968	38.0232
31.55819	6.04856	38.2111
31.55767	6.04688	38.3807
31.55777	6.04455	38.5625
31.55911	6.04191	38.7382
31.55946	6.03967	38.9079
31.55519	6.03708	39.0776
31.55035	6.03150	39.2351
31.55358	6.02155	39.3533
31.55668	6.01277	39.4745
31.53706	6.00247	39.5776
31.54560	5.98366	39.6777
31.55219	5.96546	39.7837
31.55285	5.94869	39.8657
31.56338	5.93238	39.8748
31.57353	5.92017	39.8597
31.57749	5.91233	39.8387
31.58253	5.90731	39.8115
31.58738	5.90458	39.7752
31.58986	5.90433	39.6966
31.59116	5.90488	39.6179
31.59591	5.90701	39.5241
31.60034	5.91162	39.4183
31.61241	5.92007	39.3124
31.61330	5.93481	39.2095
31.60834	5.95264	39.1035
31.59904	5.96921	39.0068
31.59055	5.98285	38.9130
31.58612	5.99370	38.8101
31.58216	6.00257	38.7103
31.57866	6.01044	38.6105
31.57572	6.01749	38.4864
31.57268	6.02363	38.3441
31.57074	6.02866	38.2110
31.56805	6.03302	38.0628
31.56682	6.03693	37.9206
31.56440	6.04033	37.7783
31.56240	6.04292	37.6421
31.56017	6.04480	37.5000
31.55983	6.04612	37.3667
31.55867	6.04744	37.2216
31.55648	6.04846	37.0762
31.55379	6.04891	36.9400
31.55317	6.04861	36.8038
31.55250	6.04866	36.6617
31.55137	6.04891	36.5315
31.54903	6.04942	36.3953
31.54898	6.05013	36.2682
31.54816	6.05145	36.1320
31.54771	6.05348	36.0049
31.54634	6.05597	35.8749
31.54581	6.05846	35.7507
31.54574	6.06110	35.6298
31.54760	6.06456	35.5087
31.54827	6.06959	35.3785
31.54854	6.07579	35.2425
31.54865	6.08321	35.1002
31.54680	6.09170	34.9519
31.54421	6.09958	34.7914
31.54342	6.10730	34.6250
31.54011	6.11559	34.4708
31.53658	6.12338	34.3345
31.53204	6.12974	34.1953
31.52936	6.13447	34.0651
31.52670	6.13813	33.9412
31.52580	6.14093	33.8321
31.52467	6.14368	33.7142
31.52298	6.14623	33.6082
31.52266	6.14877	33.4903
31.52295	6.15213	33.3875
31.52108	6.15641	33.2815
31.51922	6.16053	33.1817
31.51627	6.16450	33.0759
31.51339	6.16766	32.9791
31.51279	6.16939	32.8823
31.51219	6.17082	32.7975
31.51241	6.17240	32.7129
31.51075	6.17423	32.6342
31.51147	6.17586	32.5435
31.51296	6.17800	32.4376
31.51374	6.18187	32.3287
31.51203	6.18702	32.2258
31.51249	6.19308	32.1169
31.51211	6.20093	32.0079
31.50682	6.20995	31.8900
31.50206	6.21765	31.7810
31.50038	6.22382	31.6539
31.50273	6.22999	31.5359
31.49978	6.23892	31.4209
31.49357	6.24886	31.2939
31.49223	6.25688	31.1728
31.49735	6.26627	31.0579
31.49282	6.28245	30.9338
31.50475	6.30370	30.8158
31.48792	6.33917	30.6978
31.46694	6.37806	30.5919
31.44881	6.41410	30.4800
31.42833	6.44593	30.3649
31.41427	6.47347	30.2529
31.40044	6.49974	30.1288
31.38857	6.52531	30.0049
31.37682	6.55224	29.8930
31.36303	6.58273	29.7780
31.34533	6.61581	29.6539
31.32144	6.64702	29.5208
31.29793	6.67211	29.3967
31.28651	6.69114	29.2574
31.28261	6.70780	29.1214
31.28836	6.72643	28.9882
31.29893	6.75105	28.8489
31.30803	6.78241	28.6945
31.28865	6.81783	28.5464
31.27604	6.84696	28.3950
31.27068	6.87104	28.2408
31.26103	6.89265	28.0864
31.24943	6.91016	27.9229
31.24449	6.92437	27.7624
31.21640	6.93838	27.5870
31.18833	6.94689	27.4205
31.18652	6.95031	27.2419
31.17811	6.95581	27.0663
31.17418	6.96604	26.8787
31.16722	6.97923	26.7425
31.16280	6.99325	26.6185
31.16244	7.00894	26.5155
31.14862	7.02667	26.3855
31.14324	7.04013	26.2372
31.13821	7.05121	26.0706
31.13379	7.06058	25.9072
31.12796	7.06890	25.7378
31.12446	7.07510	25.5742
31.12250	7.07989	25.4109
31.12138	7.08426	25.2413
31.11995	7.08832	25.0658
31.11942	7.09228	24.8781
31.11818	7.09598	24.6875
31.11601	7.09988	24.5087
31.11443	7.10322	24.3241
31.11249	7.10613	24.1427
31.11144	7.10858	23.9610
31.10921	7.11145	23.7733
31.10790	7.11478	23.5796
31.10535	7.12098	23.3828
31.10089	7.13005	23.1952
31.09388	7.14120	23.0044
31.08875	7.15429	22.8138
31.08288	7.16999	22.6200
31.07076	7.18565	22.4142
31.06094	7.19750	22.2023
31.05169	7.20648	21.9934
31.04368	7.21259	21.7816
31.03798	7.21792	21.5697
31.03012	7.22528	21.3667
31.01763	7.23714	21.1609
31.00064	7.25298	20.9430
30.98141	7.26940	20.7250
30.95822	7.28331	20.5193
30.94062	7.29472	20.3103
30.92134	7.30325	20.1044
30.88053	7.31587	19.8956
30.84325	7.33551	19.6866
30.81164	7.35510	19.4688
30.78643	7.37256	19.2568
30.78266	7.39265	19.0206
30.76787	7.42035	18.8058
30.74557	7.45070	18.5848
30.71721	7.47698	18.3729
30.69307	7.49891	18.1518
30.67637	7.51663	17.9338
30.66464	7.53205	17.7098
30.65590	7.54643	17.4888
30.64816	7.56049	17.2709
30.64067	7.57382	17.0650
30.63675	7.58536	16.8471
30.63365	7.59664	16.6472
30.63022	7.60951	16.4323
30.62727	7.62280	16.2142
30.62192	7.63710	16.0055
30.61678	7.65146	15.7995
30.61203	7.66650	15.5997
30.60059	7.68367	15.4029
30.58641	7.70021	15.2000
30.57180	7.71665	15.0003
30.55994	7.73141	14.8034
30.55018	7.74368	14.6189
30.54310	7.75374	14.4342
30.53437	7.76343	14.2466
30.52573	7.77338	14.0679
30.51750	7.78265	13.8833
30.50957	7.79091	13.6926
30.50144	7.79886	13.5139
30.49191	7.80654	13.3353
30.47811	7.81354	13.1538
30.47152	7.81937	12.9842
30.46244	7.82398	12.8025
30.45443	7.82865	12.6270
30.45184	7.83337	12.4545
30.45181	7.83936	12.2941
30.45185	7.84896	12.1275
30.42352	7.86610	11.9671
30.37624	7.89026	11.8006
30.32833	7.91826	11.6431
30.28186	7.94452	11.4798
30.21576	7.96702	11.3253
30.15962	7.98682	11.1679
30.12269	8.00364	11.0045
30.08958	8.01856	10.8501
30.05796	8.03300	10.7018
30.02706	8.05080	10.5594
29.99791	8.06926	10.4204
29.97644	8.08553	10.2811
29.96488	8.10026	10.1419
29.95249	8.11521	10.0025
29.94268	8.12921	9.8755
29.93108	8.14187	9.7423
29.91871	8.15347	9.6243
29.90520	8.16314	9.4942
29.89332	8.17015	9.3670
29.88389	8.17582	9.2338
29.87606	8.18020	9.1098
29.86838	8.18411	8.9827
29.85756	8.18721	8.8767
29.84668	8.18903	8.7557
29.84323	8.18978	8.6498
29.83935	8.19181	8.5377
29.82921	8.19679	8.4319
29.81780	8.20289	8.3169
29.80927	8.20835	8.2109
29.79227	8.21242	8.1111
29.77755	8.21542	7.9962
29.74888	8.21826	7.8932
29.71655	8.22275	7.7934
29.68994	8.22961	7.6875
29.64630	8.23732	7.5937
29.61355	8.24707	7.4878
29.55186	8.25758	7.3727
29.44718	8.28256	7.2849
29.26848	8.34160	7.1820
29.03606	8.43656	7.0975
28.79627	8.55594	6.9945
28.55115	8.66744	6.8947
28.40401	8.75869	6.8100
28.30273	8.82621	6.7313
28.25010	8.87469	6.6404
28.20807	8.90698	6.5558
28.16256	8.92889	6.4680
28.11872	8.94656	6.3681
28.08837	8.96194	6.2834
28.06253	8.97504	6.2019
28.02632	8.98650	6.0989
28.00562	8.99857	6.0141
27.98499	9.00960	5.9325
27.96676	9.01944	5.8416
27.93976	9.02796	5.7570
27.88451	9.03835	5.6814
27.86695	9.05300	5.6179
27.84763	9.06509	5.5362
27.83178	9.07450	5.4364
27.82113	9.08161	5.3698
27.79949	9.08840	5.2730
27.78467	9.09716	5.1882
27.77151	9.10553	5.0914
27.75914	9.11282	5.0189
27.75019	9.11961	4.9280
27.73829	9.12520	4.8403
27.72608	9.13183	4.7586
27.71475	9.13939	4.6739
27.70350	9.14734	4.5801
27.66955	9.15556	4.4953
27.29693	9.16976	4.4015
27.04010	9.20884	4.3169
26.90987	9.25999	4.2291
26.80771	9.30713	4.1383
26.71732	9.34761	4.0384
26.59536	9.38443	3.9478
26.47768	9.42267	3.8509
26.28496	9.46477	3.7571
26.06355	9.51946	3.6633
25.88555	9.58305	3.5602
25.70056	9.64852	3.4574
25.53717	9.71360	3.3485
25.33020	9.77406	3.2455
24.98792	9.84142	3.1366
24.59018	9.93602	3.0155
24.18497	10.06643	2.9097
23.91936	10.22021	2.7887
23.61201	10.36942	2.6765
23.26343	10.54256	2.5767
23.03065	10.74518	2.4678
22.80078	10.93119	2.3557
22.51676	11.10584	2.2590
22.37728	11.28595	2.1560
22.27800	11.44130	2.0350
22.15704	11.55073	1.9231
21.87220	11.64024	1.8019
21.68220	11.74263	1.7081
21.58696	11.82954	1.5749
21.53820	11.89065	1.4144
21.50988	11.93222	1.2691
21.49439	11.95795	1.1298
21.48007	11.97525	0.9875
21.54167	11.99020	0.8481
21.50979	11.99930	0.7030
21.52147	12.01301	0.5486
21.60460	12.02910	0.4003
21.67068	12.03797	0.2640
21.68070	12.03176	0.1369
21.69819	12.02348	0.0552
19.71315	12.01449	0.0613
21.66107	12.00527	0.0523
21.60547	11.98411	0.0586
21.63229	11.95476	0.0587
21.61494	11.93895	0.0647
21.46337	11.93169	0.0589
21.42076	11.92721	0.0589
21.46673	11.92272	0.0591
21.44765	11.92396	0.0561
21.54966	11.89926	0.0592
21.52804	11.85425	0.0624
17.94053	11.80378	0.0533
3.74832	11.74269	0.0503
3.57655	11.68768	0.0534
3.34432	11.66518	0.0536
2.86338	11.65557	0.0507
2.95556	11.64662	0.0568
3.01164	11.63696	0.0570
2.61976	11.61859	0.0540
2.40092	11.59064	0.0601
2.08593	11.56907	0.0542
1.98675	11.55815	0.0513
2.01916	11.55044	0.0543
2.14859	11.54390	0.0454
2.12104	11.53637	0.0454
2.01640	11.52902	0.0517
1.80209	11.52132	0.0487
1.69164	11.51373	0.0548
1.61584	11.50603	0.0488
1.55755	11.49799	0.0489
1.45259	11.48254	0.0461
1.52812	11.47298	0.0490
1.56163	11.46564	0.0492
1.43002	11.45749	0.0553
1.40278	11.44933	0.0434
