Salinity, Practical [PSU]	Temperature [ITS-90, deg C]	Depth [salt water, m]
0.08300	17.82196	0.0372
0.08300	17.82280	0.0433
0.08298	17.82196	0.0402
0.08295	17.81812	0.0403
0.08291	17.81269	0.0463
0.08308	17.80934	0.0372
0.08307	17.80655	0.0402
0.08309	17.80606	0.0463
0.08302	17.80613	0.0433
0.08304	17.80648	0.0402
0.08302	17.80662	0.0402
0.08300	17.80690	0.0463
0.08302	17.80718	0.0432
0.08300	17.80753	0.0432
0.08302	17.80767	0.0402
0.08300	17.80829	0.0402
0.08297	17.80843	0.0401
0.08297	17.80857	0.0432
0.08300	17.80878	0.0463
0.08297	17.80892	0.0432
0.08295	17.80913	0.0492
0.08297	17.80906	0.0432
0.08295	17.80955	0.0463
0.08291	17.80983	0.0432
0.08295	17.80892	0.0462
0.08313	17.80516	0.0462
0.08305	17.80237	0.0401
0.08303	17.80195	0.0402
0.08301	17.80223	0.0401
0.08298	17.80258	0.0431
0.08301	17.80237	0.0462
0.08298	17.80209	0.0401
0.08298	17.80111	0.0432
0.08302	17.80000	0.0400
0.08299	17.79561	0.0432
0.08306	17.79059	0.0461
0.08310	17.78892	0.0431
0.08307	17.78948	0.0492
0.08305	17.79017	0.0432
0.08306	17.79052	0.0432
0.08305	17.79080	0.0432
0.08303	17.79143	0.0523
0.08299	17.79198	0.0463
0.08303	17.79289	0.0401
0.08304	17.79366	0.0432
0.08309	17.79414	0.0462
0.08302	17.79463	0.0462
0.08309	17.79547	0.0462
0.08311	17.79561	0.0432
0.08309	17.79589	0.0492
0.08311	17.79672	0.0522
0.08309	17.79672	0.0431
0.08306	17.79498	0.0492
0.08309	17.79414	0.0432
0.08316	17.79421	0.0462
0.08304	17.79428	0.0402
0.08306	17.79394	0.0431
0.08309	17.79324	0.0401
0.08310	17.79184	0.0523
0.08306	17.79024	0.0493
0.08320	17.78927	0.0492
0.08317	17.78920	0.0461
0.08310	17.79010	0.0401
0.08312	17.79010	0.0462
0.08311	17.78188	0.0431
0.08309	17.77304	0.0431
0.08314	17.76398	0.0432
0.08314	17.74470	0.0553
0.08385	17.29904	0.0674
0.08531	16.44500	0.0613
0.08645	15.80734	0.0583
0.08720	15.37066	0.0673
0.08779	15.03200	0.0674
0.08823	14.82304	0.0643
0.08837	14.72576	0.0613
0.08845	14.67371	0.0704
0.08856	14.62454	0.0734
0.08984	14.56351	0.0765
0.09029	14.45263	0.0826
0.09174	14.36223	0.0734
1.50400	14.28785	0.0976
14.18888	14.18405	0.1764
29.41161	14.08362	0.2854
29.34232	14.02226	0.4157
29.40375	13.94878	0.5762
29.50071	13.86854	0.7216
29.67993	13.80400	0.7973
29.82618	13.76192	0.8154
29.91126	13.73202	0.8155
29.92694	13.71040	0.8094
29.92815	13.69120	0.8063
29.95148	13.67430	0.8004
29.98486	13.66576	0.7943
30.02703	13.66372	0.8064
30.09814	13.66743	0.8094
30.17623	13.68179	0.8064
30.15920	13.70693	0.8094
30.11102	13.72180	0.8215
30.02561	13.71746	0.8246
29.96183	13.70185	0.8307
29.92623	13.68965	0.8367
29.90549	13.69312	0.8337
29.89321	13.70687	0.8306
29.88221	13.71467	0.8276
29.87242	13.71548	0.8306
29.87841	13.70972	0.8306
29.89639	13.70278	0.8306
29.91231	13.69528	0.8215
29.91849	13.68668	0.8215
29.91483	13.67801	0.8155
29.90013	13.66898	0.8185
29.88769	13.65858	0.8154
29.89468	13.64924	0.8094
29.91264	13.64466	0.8094
29.92755	13.64361	0.8094
29.92155	13.64231	0.8064
29.90246	13.63935	0.8095
29.89228	13.63588	0.8125
29.89692	13.63347	0.8155
29.91140	13.63335	0.8155
29.92510	13.63576	0.8245
29.92131	13.63792	0.8276
29.90201	13.63669	0.8276
29.89867	13.63391	0.8306
29.91194	13.63180	0.8306
29.92875	13.63125	0.8336
29.93618	13.63218	0.8246
29.92248	13.63329	0.8246
29.90105	13.63286	0.8216
29.89636	13.63180	0.8185
29.90415	13.63242	0.8216
29.91556	13.63508	0.8216
29.92243	13.63842	0.8185
29.92167	13.64139	0.8155
29.91751	13.64318	0.8186
29.91056	13.64417	0.8125
29.89981	13.64466	0.8094
29.89407	13.64534	0.8064
29.89722	13.64875	0.8094
29.90444	13.65363	0.8094
29.91013	13.65969	0.8064
29.90241	13.66483	0.8125
29.88393	13.66693	0.8185
29.88026	13.66656	0.8216
29.89329	13.66675	0.8276
29.91150	13.66891	0.8276
29.92810	13.67436	0.8246
29.94197	13.67894	0.8246
29.92450	13.67622	0.8245
29.91014	13.66867	0.8186
29.92385	13.66130	0.8277
29.94102	13.65821	0.8277
29.95608	13.66013	0.8277
29.96576	13.66285	0.8246
29.96443	13.66242	0.8155
29.97133	13.65988	0.8185
30.00417	13.65833	0.8155
30.05863	13.66118	0.8125
30.11716	13.67077	0.8095
30.16217	13.68389	0.8096
30.19179	13.69504	0.8125
30.20732	13.70129	0.8065
30.22037	13.70482	0.8065
30.23099	13.70823	0.8125
30.23901	13.71188	0.8156
30.25083	13.71498	0.8216
30.27286	13.72019	0.8277
30.28418	13.73500	0.8246
30.27910	13.76074	0.8247
30.26143	13.79885	0.8247
30.23706	13.84521	0.8247
30.20681	13.89512	0.8277
30.16973	13.94909	0.8217
30.13428	14.00145	0.8187
30.10759	14.04507	0.8247
30.08859	14.07967	0.8217
30.07423	14.10842	0.8308
30.06192	14.13449	0.8187
30.05068	14.15926	0.8187
30.04121	14.18217	0.8127
30.03382	14.20195	0.8127
30.02916	14.21790	0.8158
30.02776	14.22922	0.8157
30.03023	14.23601	0.8187
30.03385	14.24047	0.8157
30.03597	14.24487	0.8127
30.03558	14.24852	0.8127
30.03447	14.25041	0.8187
30.03496	14.25016	0.8218
30.03474	14.24883	0.8249
30.01635	14.24827	0.8279
30.02427	14.24997	0.8279
30.05212	14.25431	0.8219
30.03948	14.26022	0.8279
30.04009	14.26702	0.8279
30.06928	14.27400	0.8279
30.07673	14.28067	0.8249
30.07675	14.28785	0.8249
30.06813	14.29610	0.8219
30.05528	14.30712	0.8189
30.03899	14.32174	0.8250
30.01890	14.33927	0.8250
29.99813	14.35932	0.8128
29.97567	14.38350	0.8128
29.94878	14.41350	0.8160
29.92003	14.45111	0.8098
29.89353	14.49149	0.8128
29.87558	14.52634	0.8098
29.86852	14.54968	0.8099
29.86939	14.56040	0.8099
29.87371	14.56116	0.8220
29.88016	14.55716	0.8190
29.88734	14.55259	0.8220
29.89386	14.54898	0.8221
29.89789	14.54612	0.8282
29.90296	14.54314	0.8281
29.91076	14.53978	0.8282
29.91715	14.53826	0.8252
29.91524	14.54073	0.8282
29.90297	14.54752	0.8252
29.88236	14.55830	0.8221
29.85644	14.57639	0.8282
29.82538	14.60529	0.8252
29.79120	14.64095	0.8221
29.75241	14.68339	0.8161
29.70977	14.72996	0.8161
29.66821	14.77532	0.8101
29.63141	14.81614	0.8102
29.60190	14.85099	0.8162
29.58046	14.87928	0.8101
29.56691	14.90074	0.8071
29.55821	14.91624	0.8193
29.55018	14.92772	0.8162
29.54138	14.93772	0.8163
29.52994	14.94805	0.8253
29.51651	14.95979	0.8284
29.50221	14.97231	0.8315
29.48482	14.98412	0.8284
29.46346	14.99517	0.8285
29.43989	15.00551	0.8346
29.42567	15.01200	0.8345
29.42435	15.00654	0.8285
29.42994	14.99344	0.8345
29.43669	14.97648	0.8286
29.44463	14.95710	0.8256
29.45519	14.93695	0.8225
29.46564	14.91913	0.8195
29.47524	14.90362	0.8135
29.48255	14.89036	0.8226
29.48807	14.87902	0.8135
29.49204	14.86936	0.8105
29.49562	14.86097	0.8135
29.50329	14.85323	0.8105
29.51507	14.84811	0.8105
29.52562	14.84741	0.8166
29.52737	14.85067	0.8197
29.52299	14.85483	0.8257
29.51889	14.85630	0.8258
29.51907	14.85521	0.8288
29.51826	14.85387	0.8319
29.51679	14.85342	0.8258
29.51489	14.85438	0.8319
29.51167	14.85662	0.8228
29.50728	14.85957	0.8228
29.50045	14.86225	0.8259
29.49095	14.86475	0.8259
29.48013	14.86744	0.8259
29.46953	14.87109	0.8260
29.46022	14.87621	0.8229
29.45131	14.88159	0.8199
29.44239	14.88543	0.8229
29.43422	14.88703	0.8229
29.42782	14.88543	0.8169
29.42107	14.88524	0.8170
29.41525	14.88652	0.8139
29.41592	14.88485	0.8200
29.42230	14.87755	0.8170
29.43002	14.86808	0.8170
29.43585	14.85957	0.8200
29.44004	14.85285	0.8231
29.44249	14.84875	0.8261
29.44253	14.84754	0.8262
29.43993	14.84818	0.8352
29.43464	14.84875	0.8323
29.43083	14.84543	0.8323
29.43406	14.83347	0.8353
29.44191	14.81748	0.8262
29.44976	14.80266	0.8293
29.45666	14.78956	0.8263
29.46308	14.77781	0.8233
29.46929	14.76805	0.8263
29.47404	14.75975	0.8203
29.47874	14.75152	0.8233
29.48194	14.74412	0.8204
29.48410	14.73762	0.8174
29.48629	14.73194	0.8204
29.48784	14.72710	0.8234
29.48941	14.72302	0.8174
29.49157	14.71938	0.8235
29.49423	14.71664	0.8205
29.49607	14.71460	0.8235
29.49616	14.71333	0.8236
29.49511	14.71231	0.8266
29.49234	14.71193	0.8327
29.48666	14.71269	0.8327
29.47853	14.71499	0.8327
29.47006	14.71741	0.8358
29.46306	14.71906	0.8358
29.45951	14.71779	0.8298
29.45916	14.71384	0.8237
29.46053	14.71001	0.8268
29.46245	14.70708	0.8268
29.46487	14.70428	0.8268
29.46776	14.70046	0.8268
29.47098	14.69543	0.8269
29.47282	14.69020	0.8268
29.47409	14.68651	0.8238
29.47530	14.68492	0.8179
29.47598	14.68441	0.8178
29.47656	14.68403	0.8209
29.47763	14.68301	0.8149
29.47843	14.68078	0.8179
29.48055	14.67760	0.8240
29.48389	14.67473	0.8240
29.48757	14.67352	0.8240
29.48792	14.67422	0.8301
29.48396	14.67588	0.8332
29.47877	14.67715	0.8362
29.47401	14.67785	0.8332
29.46878	14.67957	0.8333
29.46347	14.68256	0.8272
29.45995	14.68441	0.8332
29.45559	14.68536	0.8303
29.45185	14.68473	0.8273
29.45039	14.68263	0.8243
29.44955	14.68142	0.8243
29.44933	14.68008	0.8243
29.44999	14.67842	0.8274
29.45053	14.67530	0.8274
29.45130	14.67104	0.8214
29.45114	14.66652	0.8244
29.45030	14.66321	0.8184
29.45016	14.66022	0.8154
29.45222	14.65532	0.8215
29.45714	14.64781	0.8185
29.46126	14.64114	0.8185
29.46403	14.63592	0.8276
29.46505	14.63179	0.8367
29.46573	14.62810	0.8276
29.46725	14.62562	0.8307
29.46807	14.62454	0.8276
29.46776	14.62340	0.8398
29.46750	14.61971	0.8368
29.46712	14.61425	0.8368
29.46823	14.60923	0.8278
29.46853	14.60719	0.8278
29.46928	14.60745	0.8278
29.46921	14.60668	0.8248
29.46806	14.60503	0.8279
29.46689	14.60224	0.8278
29.46621	14.60027	0.8219
29.46582	14.60039	0.8189
29.46413	14.60224	0.8189
29.46201	14.60186	0.8281
29.46159	14.59760	0.8189
29.46352	14.59226	0.8160
29.46785	14.58934	0.8190
29.47254	14.58998	0.8190
29.47373	14.59322	0.8221
29.47076	14.59588	0.8252
29.46534	14.59582	0.8313
29.46337	14.59246	0.8313
29.46234	14.58909	0.8282
29.46233	14.58693	0.8313
29.46178	14.58579	0.8404
29.45949	14.58363	0.8344
29.45805	14.57995	0.8344
29.45983	14.57442	0.8314
29.46379	14.56757	0.8314
29.46730	14.56256	0.8285
29.46913	14.56052	0.8285
29.46946	14.55970	0.8284
29.47038	14.55849	0.8346
29.47065	14.55697	0.8316
29.47062	14.55539	0.8256
29.47080	14.55399	0.8225
29.47019	14.55278	0.8166
29.47016	14.55126	0.8196
29.47134	14.54847	0.8257
29.47403	14.54454	0.8227
29.47599	14.54080	0.8258
29.47750	14.53756	0.8288
29.47869	14.53484	0.8258
29.47935	14.53319	0.8258
29.47864	14.53249	0.8318
29.47667	14.53230	0.8319
29.47418	14.53186	0.8380
29.47194	14.53179	0.8350
29.47029	14.53072	0.8350
29.46936	14.52837	0.8351
29.47185	14.52431	0.8260
29.47533	14.52051	0.8351
29.47771	14.51861	0.8291
29.47676	14.52026	0.8291
29.47463	14.52266	0.8291
29.47297	14.52400	0.8352
29.46945	14.52507	0.8322
29.46633	14.52640	0.8261
29.46561	14.52736	0.8232
29.46602	14.52805	0.8262
29.46456	14.52951	0.8323
29.46256	14.53059	0.8323
29.46190	14.52907	0.8293
29.46368	14.52469	0.8294
29.46613	14.52070	0.8264
29.46761	14.51836	0.8294
29.46769	14.51747	0.8385
29.46594	14.51715	0.8355
29.46410	14.51740	0.8326
29.46305	14.51677	0.8416
29.46141	14.51576	0.8417
29.45961	14.51417	0.8326
29.46044	14.51107	0.8326
29.46322	14.50701	0.8296
29.46615	14.50315	0.8326
29.46658	14.50220	0.8388
29.46644	14.50239	0.8388
29.46417	14.50220	0.8328
29.46234	14.50144	0.8328
29.46138	14.50030	0.8328
29.46159	14.49878	0.8359
29.46418	14.49498	0.8359
29.46536	14.49187	0.8268
29.46659	14.48940	0.8300
29.46635	14.48693	0.8269
29.46525	14.48535	0.8269
29.46628	14.48345	0.8270
29.46704	14.48206	0.8361
29.46576	14.48174	0.8331
29.46514	14.48022	0.8362
29.46410	14.47719	0.8423
29.46533	14.47440	0.8363
29.46446	14.47275	0.8333
29.46214	14.47225	0.8333
29.46230	14.47041	0.8303
29.46312	14.46731	0.8334
29.46425	14.46389	0.8364
29.46532	14.46086	0.8364
29.46572	14.45839	0.8335
29.46592	14.45573	0.8304
29.46655	14.45289	0.8304
29.46750	14.45017	0.8304
29.46852	14.44789	0.8335
29.46833	14.44574	0.8305
29.46839	14.44371	0.8366
29.46821	14.44194	0.8275
29.46842	14.44011	0.8336
29.46641	14.43834	0.8307
29.46663	14.43613	0.8277
29.46752	14.43410	0.8247
29.46798	14.43233	0.8307
29.46792	14.43164	0.8307
29.46796	14.43157	0.8368
29.46870	14.43176	0.8369
29.46809	14.43094	0.8430
29.46881	14.42999	0.8430
29.46658	14.42936	0.8340
29.46635	14.42867	0.8340
29.46655	14.42747	0.8309
29.46694	14.42696	0.8310
29.46757	14.42690	0.8310
29.46777	14.42664	0.8280
29.46679	14.42677	0.8311
29.46587	14.42797	0.8312
29.46262	14.43063	0.8311
29.45824	14.43322	0.8311
29.45615	14.43480	0.8373
29.45261	14.43543	0.8312
29.45065	14.43568	0.8282
29.44932	14.43581	0.8253
29.44751	14.43657	0.8252
29.44507	14.43745	0.8314
29.44306	14.43809	0.8313
29.44160	14.43847	0.8314
29.44095	14.43847	0.8375
29.43967	14.43821	0.8405
29.43729	14.43777	0.8436
29.43595	14.43714	0.8406
29.43574	14.43657	0.8346
29.43525	14.43644	0.8347
29.43524	14.43606	0.8377
29.43440	14.43562	0.8377
29.43566	14.43474	0.8347
29.43824	14.43328	0.8287
29.44030	14.43157	0.8318
29.44083	14.42987	0.8288
29.44062	14.42898	0.8258
29.44021	14.42835	0.8349
29.44075	14.42803	0.8319
29.44197	14.42759	0.8319
29.44147	14.42747	0.8289
29.44049	14.42759	0.8319
29.43911	14.42778	0.8351
29.43734	14.42772	0.8321
29.43646	14.42772	0.8320
29.43684	14.42759	0.8351
29.43626	14.42759	0.8351
29.43513	14.42791	0.8322
29.43346	14.42848	0.8382
29.43121	14.42905	0.8443
29.42880	14.42942	0.8444
29.42758	14.42949	0.8323
29.42648	14.42892	0.8414
29.42602	14.42797	0.8324
29.42614	14.42696	0.8354
29.42681	14.42607	0.8384
29.43064	14.42582	0.8688
29.42546	14.42424	0.9355
29.38115	14.35989	1.0385
29.33216	14.19127	1.1536
29.38621	14.04351	1.2869
29.43951	13.93150	1.4414
29.48594	13.84645	1.5929
29.51703	13.78587	1.7686
29.53224	13.73773	1.9443
29.54536	13.69665	2.1442
29.55153	13.66118	2.3745
29.55797	13.62099	2.6047
29.57574	13.57948	2.8592
29.59347	13.54469	3.1287
29.60911	13.51473	3.3862
29.61518	13.49373	3.6558
29.62496	13.48492	3.9162
29.62636	13.48338	4.1738
29.62195	13.48486	4.4434
29.62853	13.48264	4.7130
29.63975	13.46227	4.9735
29.66146	13.42402	5.2279
29.67836	13.37096	5.4884
29.72594	13.28699	5.7429
29.77656	13.20210	6.0095
29.82049	13.10323	6.2669
29.88052	12.98457	6.5244
29.94814	12.86619	6.7697
30.01910	12.75127	7.0395
30.07310	12.65174	7.3089
30.10356	12.55771	7.5907
30.17165	12.45321	7.8391
30.22572	12.35992	8.1025
30.28041	12.27289	8.3570
30.32553	12.20436	8.6176
30.35950	12.14972	8.8720
30.38415	12.10512	9.1325
30.39875	12.06496	9.3931
30.40377	12.02679	9.6625
30.41556	11.99073	9.9140
30.42408	11.95884	10.1775
30.41657	11.92780	10.4289
30.37716	11.88235	10.6955
30.36100	11.80836	10.9681
30.40111	11.72954	11.2316
30.44480	11.66137	11.4890
30.45894	11.60940	11.7405
30.41411	11.56598	11.9919
30.40733	11.51035	12.2524
30.43946	11.44537	12.5129
30.42779	11.39185	12.7674
30.37685	11.32969	13.0340
30.37565	11.23381	13.2975
30.43127	11.12264	13.5609
30.45089	11.02619	13.8124
30.49554	10.93556	14.0819
30.53894	10.86257	14.3213
30.57101	10.80987	14.5847
30.59041	10.77308	14.8452
30.60073	10.74626	15.1087
30.60411	10.72375	15.3723
30.61614	10.70217	15.6267
30.62462	10.68454	15.8691
30.62346	10.67130	16.1356
30.62767	10.65659	16.3840
30.62500	10.64154	16.6383
30.53952	10.62114	16.8868
30.51060	10.54597	17.1474
30.57619	10.42712	17.4108
30.62972	10.32717	17.6743
30.67609	10.25055	17.9318
30.68964	10.19373	18.2104
30.63549	10.13469	18.4649
30.65334	10.03708	18.7285
30.72389	9.93054	18.9858
30.75804	9.84633	19.2463
30.80253	9.77645	19.5008
30.83814	9.72773	19.7613
30.86139	9.69636	20.0248
30.86482	9.67685	20.2822
30.85495	9.65785	20.5397
30.86726	9.63048	20.8032
30.88333	9.60595	21.0546
30.89030	9.58799	21.3121
30.88661	9.57280	21.5696
30.89615	9.55507	21.8270
30.90686	9.53928	22.0845
30.91205	9.52871	22.3420
30.90463	9.52040	22.6024
30.89163	9.50757	22.8568
30.87836	9.48461	23.1112
30.87491	9.44846	23.3656
30.89383	9.40391	23.6231
30.91329	9.36243	23.8776
30.91758	9.32701	24.1290
30.93334	9.29150	24.3955
30.94525	9.25905	24.6438
30.93357	9.22943	24.9074
30.91772	9.18957	25.1618
30.93604	9.13342	25.4162
30.95318	9.07942	25.6798
30.94913	9.02730	25.9160
30.85039	8.96238	26.1734
30.88889	8.84220	26.4249
30.95528	8.70878	26.6762
31.01983	8.60073	26.9337
31.03714	8.51950	27.1881
31.06127	8.44291	27.4364
31.10579	8.37099	27.6940
31.14550	8.31738	27.9483
31.17812	8.28304	28.1997
31.19087	8.26556	28.4662
31.19415	8.25613	28.7631
31.19451	8.24927	29.0115
31.19389	8.24091	29.2689
31.12701	8.23127	29.5263
30.93015	8.17159	29.7718
30.95808	7.99331	30.0292
31.10200	7.79149	30.2805
31.20540	7.64512	30.5471
31.27657	7.54743	30.7954
31.33091	7.48413	31.0499
31.35633	7.44740	31.3103
31.36885	7.42460	31.5678
31.37165	7.40566	31.8252
31.38896	7.38782	32.0766
31.38252	7.37723	32.3401
31.37731	7.36202	32.5915
31.39704	7.34153	32.8458
31.40828	7.32864	33.1033
31.40703	7.32189	33.3638
31.39525	7.31273	33.6151
31.40080	7.29514	33.8756
31.40454	7.27667	34.1211
31.40442	7.25659	34.3845
31.39722	7.23260	34.6298
31.41396	7.19938	34.8843
31.43441	7.16989	35.1357
31.43026	7.14840	35.3991
31.47002	7.12796	35.6475
31.47869	7.12307	35.8989
31.48846	7.12578	36.1594
31.44706	7.13307	36.4108
31.43655	7.12338	36.6621
31.43131	7.09983	36.9074
31.44896	7.06901	37.1679
31.48798	7.03977	37.4224
31.51388	7.02360	37.6677
31.53724	7.01939	37.9251
31.52376	7.03509	38.1825
31.51635	7.05616	38.4339
31.48571	7.07609	38.6974
31.47389	7.07395	38.9549
31.49633	7.05324	39.2305
31.51165	7.03857	39.4910
31.52169	7.02386	39.7363
31.52765	7.00915	39.9998
31.53814	6.99616	40.2542
31.55632	6.98780	40.5116
31.55425	6.98816	40.7631
31.55110	6.98961	41.0145
31.54712	6.98873	41.2719
31.53425	6.98447	41.5263
31.53118	6.97268	41.7838
31.56192	6.96022	42.0442
31.55923	6.96266	42.2925
31.53966	6.96682	42.5470
31.55270	6.96407	42.7952
31.54559	6.96334	43.0558
31.54791	6.95706	43.3071
31.53465	6.94886	43.5617
31.53874	6.93480	43.8252
31.54882	6.92043	44.0764
31.55107	6.91016	44.3218
31.55486	6.90228	44.5761
31.52738	6.89368	44.8306
31.53670	6.87415	45.0790
31.53861	6.85354	45.3273
31.54504	6.83340	45.5848
31.54695	6.81338	45.8453
31.54610	6.79172	46.0997
31.56055	6.76686	46.3480
31.57461	6.74599	46.5994
31.58676	6.72870	46.8447
31.59748	6.71554	47.0931
31.60158	6.70661	47.3384
31.59604	6.69898	47.5897
31.58095	6.68820	47.8381
31.58935	6.67098	48.0896
31.59436	6.65428	48.3379
31.59585	6.63769	48.5893
31.59802	6.61972	48.8346
31.60190	6.60166	49.0920
31.61522	6.58350	49.3555
31.63225	6.56879	49.6009
31.66685	6.55953	49.8493
31.68356	6.55296	50.1005
31.69168	6.55018	50.3550
31.70550	6.55033	50.5972
31.71144	6.55501	50.8457
31.71045	6.56169	51.0971
31.72105	6.56745	51.3515
31.74635	6.57542	51.5968
31.72918	6.58643	51.8452
31.70744	6.58684	52.0936
31.69630	6.57486	52.3449
31.68130	6.55450	52.5932
31.67569	6.52762	52.8446
31.70695	6.49630	53.0991
31.72370	6.47593	53.3443
31.73710	6.46500	53.5807
31.68604	6.46023	53.8381
31.45962	6.42363	54.0835
31.66105	6.30304	54.3470
31.59908	6.23223	54.5983
31.66108	6.16511	54.8558
31.68296	6.11183	55.1071
31.72130	6.07208	55.3584
31.79045	6.05029	55.6160
31.78106	6.05694	55.8704
31.77317	6.06669	56.1218
31.78862	6.07177	56.3883
31.77003	6.08229	56.6487
31.76338	6.08676	56.8911
31.77526	6.08859	57.1424
31.76741	6.09581	57.3938
31.76539	6.10049	57.6483
31.77694	6.10466	57.8966
31.76438	6.11331	58.1540
31.76702	6.11860	58.4115
31.75478	6.12368	58.6569
31.74665	6.12445	58.9143
31.74108	6.12048	59.1777
31.74913	6.11356	59.4654
31.74422	6.10969	59.7260
31.73576	6.10324	59.9653
31.73758	6.09307	60.2167
31.74547	6.08295	60.4832
31.76248	6.07650	60.7346
31.75552	6.07696	60.9981
31.73992	6.07569	61.2464
31.73537	6.06761	61.4978
31.74402	6.05567	61.7522
31.75232	6.04770	62.0096
31.76794	6.04414	62.2701
31.75323	6.04683	62.5184
31.72213	6.04526	62.7789
31.73009	6.03059	63.0303
31.75542	6.01769	63.2879
31.76045	6.01506	63.5482
31.75778	6.01668	63.8027
31.76712	6.01769	64.0631
31.76942	6.02262	64.3145
31.77503	6.02967	64.5720
31.77365	6.03962	64.8203
31.75501	6.04937	65.0808
31.74985	6.05130	65.3322
31.73703	6.04978	65.5744
31.73766	6.04323	65.8380
31.74104	6.03485	66.1015
31.72622	6.02744	66.3468
31.73150	6.01475	66.6013
31.73156	6.00212	66.8465
31.74449	5.98959	67.0919
31.75337	5.98249	67.3463
31.75845	5.97996	67.5978
31.75522	5.98026	67.8491
31.76154	5.97950	68.0944
31.78442	5.98244	68.3307
31.76565	5.99400	68.5791
31.74154	5.99862	68.8366
31.74978	5.99294	69.0970
31.75521	5.98878	69.3453
31.77159	5.98832	69.6238
31.74540	5.99344	69.9116
31.74126	5.99045	70.1511
31.74469	5.98269	70.3994
31.76773	5.97727	70.6628
31.79086	5.98249	70.9234
31.71935	5.99263	71.1718
31.71596	5.97646	71.4352
31.74746	5.94950	71.6896
31.73104	5.92984	71.9410
31.73948	5.90600	72.1863
31.76144	5.88191	72.3954
31.77318	5.86472	72.5347
31.76788	5.85289	72.5953
31.79327	5.83803	72.5774
31.80837	5.83222	72.5622
31.80831	5.83727	72.5746
31.79405	5.84177	72.5596
31.80772	5.84228	72.4990
31.80579	5.84819	72.4295
31.80323	5.85456	72.3448
31.80548	5.86002	72.2299
31.80732	5.86806	72.1000
31.80494	5.87822	71.9728
31.80660	5.88895	71.8397
31.80335	5.90210	71.7188
31.79369	5.91531	71.5765
31.78489	5.92498	71.4162
31.77916	5.93096	71.2256
31.77631	5.93410	71.0258
31.77827	5.93602	70.8080
31.77425	5.93901	70.6023
31.77512	5.94099	70.3936
31.78130	5.94377	70.1879
31.78775	5.95091	69.9822
31.78597	5.96292	69.7611
31.77528	5.97494	69.5432
31.76613	5.98325	69.3345
31.76159	5.98746	69.1288
31.75744	5.98949	68.9140
31.75990	5.99066	68.6991
31.75836	5.99263	68.4842
31.75459	5.99426	68.2785
31.75383	5.99451	68.0668
31.75700	5.99476	67.8577
31.75487	5.99583	67.6430
31.75575	5.99669	67.4251
31.75412	5.99781	67.2042
31.75425	5.99852	66.9894
31.75452	5.99923	66.7624
31.75347	5.99994	66.5476
31.75524	6.00029	66.3267
31.76071	6.00171	66.0997
31.76052	6.00557	65.8637
31.75755	6.01018	65.6246
31.75796	6.01353	65.4067
31.75652	6.01703	65.1677
31.75318	6.01998	64.9438
31.75120	6.02155	64.6985
31.75172	6.02251	64.4656
31.75614	6.02358	64.2265
31.75956	6.02652	63.9874
31.75902	6.03150	63.7423
31.75544	6.03647	63.5002
31.75213	6.03947	63.2522
31.74948	6.04094	63.0190
31.74760	6.04094	62.7678
31.75058	6.04038	62.5319
31.75098	6.04074	62.2929
31.76301	6.04201	62.0507
31.77107	6.04780	61.8146
31.77715	6.05821	61.5696
31.78035	6.07213	61.3334
31.77580	6.08763	61.0914
31.76779	6.10146	60.8553
31.76572	6.11239	60.6192
31.76925	6.12236	60.3772
31.76580	6.13330	60.1351
31.75947	6.14343	59.8959
31.75737	6.15116	59.6569
31.75006	6.15727	59.4026
31.74581	6.16017	59.1606
31.74653	6.16129	58.9185
31.74725	6.16241	58.6885
31.74780	6.16379	58.4433
31.74453	6.16527	58.2073
31.74416	6.16542	57.9653
31.74549	6.16552	57.7262
31.74211	6.16572	57.4811
31.72513	6.16415	57.2389
31.71914	6.15544	57.0027
31.72027	6.14220	56.7546
31.72489	6.12913	56.5155
31.73108	6.11732	56.2765
31.75022	6.10883	56.0435
31.76393	6.10888	55.7952
31.74762	6.11392	55.5622
31.74246	6.11381	55.3171
31.74372	6.11046	55.0841
31.74569	6.10715	54.8327
31.75328	6.10446	54.5998
31.79391	6.10695	54.3547
31.81266	6.12567	54.1157
31.81118	6.15457	53.8795
31.81782	6.18518	53.6314
31.82520	6.22050	53.3983
31.81008	6.26009	53.1592
31.79773	6.29497	52.9232
31.80204	6.32527	52.6811
31.80107	6.35702	52.4420
31.79272	6.38942	52.1998
31.78841	6.42071	51.9638
31.77376	6.45070	51.7217
31.76422	6.47660	51.4765
31.73988	6.49892	51.2404
31.72690	6.51514	50.9984
31.71460	6.52711	50.7623
31.70620	6.53518	50.5202
31.69728	6.54057	50.2750
31.68625	6.54396	50.0359
31.67747	6.54530	49.7968
31.66476	6.54499	49.5517
31.66131	6.54345	49.3127
31.65444	6.54340	49.0705
31.65727	6.54591	48.8373
31.65896	6.55136	48.5892
31.65789	6.56097	48.3561
31.65298	6.57414	48.1142
31.64563	6.58818	47.8840
31.64253	6.60176	47.6328
31.64274	6.61648	47.3937
31.63649	6.63383	47.1546
31.62902	6.65104	46.9184
31.62271	6.66706	46.6794
31.61700	6.68201	46.4402
31.61167	6.69624	46.2042
31.60734	6.71043	45.9621
31.60405	6.72534	45.7230
31.60255	6.74052	45.4840
31.59951	6.75730	45.2479
31.59300	6.77461	45.0025
31.59165	6.79037	44.7696
31.58411	6.80666	44.5185
31.57934	6.82135	44.2823
31.57703	6.83418	44.0370
31.57202	6.84624	43.8071
31.57063	6.85659	43.5679
31.57303	6.86643	43.3289
31.56947	6.87803	43.0897
31.56342	6.88845	42.8416
31.55724	6.89632	42.6024
31.55452	6.90089	42.3664
31.55227	6.90420	42.1302
31.54931	6.90607	41.8851
31.54846	6.90638	41.6431
31.55290	6.90602	41.4070
31.55807	6.90959	41.1648
31.55613	6.91945	40.9226
31.55298	6.93283	40.6835
31.54498	6.94891	40.4443
31.53562	6.96360	40.2083
31.53062	6.97502	39.9752
31.52681	6.98551	39.7360
31.52179	6.99725	39.4970
31.51607	7.00910	39.2488
31.51104	7.01908	38.9946
31.50503	7.02651	38.7524
31.50193	7.03150	38.5102
31.49932	7.03374	38.2711
31.49799	7.03280	38.0349
31.50016	7.02906	37.7989
31.50600	7.02391	37.5537
31.50837	7.02032	37.3205
31.51130	7.01798	37.0724
31.51242	7.01726	36.8332
31.51138	7.01762	36.5911
31.51154	7.01809	36.3581
31.51127	7.01887	36.1189
31.51337	7.02032	35.8738
31.51390	7.02386	35.6407
31.51177	7.03067	35.3985
31.50784	7.04019	35.1594
31.50302	7.05142	34.9264
31.49912	7.06417	34.6871
31.48778	7.07885	34.4480
31.48378	7.09066	34.2059
31.48230	7.10410	33.9697
31.47503	7.12129	33.7275
31.46790	7.13907	33.4975
31.45447	7.15607	33.2615
31.44841	7.16869	33.0193
31.43815	7.17970	32.7832
31.42984	7.18643	32.5501
31.42998	7.18862	32.3079
31.43354	7.19097	32.0687
31.43577	7.19635	31.8356
31.43930	7.20533	31.5936
31.43482	7.21844	31.3574
31.43174	7.23291	31.1152
31.42348	7.24760	30.8731
31.41889	7.26077	30.6341
31.41411	7.27275	30.3948
31.41115	7.28420	30.1557
31.40817	7.29598	29.9196
31.40579	7.30791	29.6773
31.40200	7.32058	29.4353
31.39971	7.33383	29.1899
31.40450	7.34808	28.9539
31.42187	7.36899	28.7148
31.42588	7.40240	28.4696
31.40860	7.44256	28.2243
31.44842	7.48534	27.9882
31.39865	7.55075	27.7521
31.39465	7.60460	27.5101
31.38601	7.65589	27.2707
31.36182	7.71163	27.0346
31.34114	7.76279	26.7955
31.32734	7.80819	26.5503
31.31285	7.85029	26.3171
31.30275	7.89021	26.0780
31.30044	7.92952	25.8419
31.31623	7.97165	25.6086
31.32335	8.03124	25.3756
31.30193	8.10192	25.1304
31.27508	8.16817	24.8913
31.31510	8.23368	24.6521
31.29973	8.32715	24.4131
31.27518	8.43193	24.1738
31.23607	8.53569	23.9407
31.21689	8.63188	23.6986
31.19650	8.72841	23.4563
31.14634	8.82290	23.2172
31.11724	8.90333	22.9812
31.08025	8.97296	22.7448
31.06147	9.02856	22.4996
31.05201	9.08046	22.2695
31.02849	9.13254	22.0274
31.02285	9.18002	21.7942
31.01225	9.22740	21.5491
30.89697	9.27423	21.3130
30.98437	9.31677	21.0799
30.96499	9.35984	20.8406
30.94494	9.39685	20.5924
30.93362	9.42571	20.3592
30.92614	9.45045	20.1171
30.91324	9.47278	19.8839
30.90857	9.49053	19.6419
30.90238	9.50668	19.3995
30.89570	9.52063	19.1544
30.88989	9.53131	18.9122
30.89076	9.53956	18.6821
30.89182	9.54908	18.4429
30.89194	9.56099	18.1915
30.89171	9.57479	17.9495
30.88398	9.58982	17.7132
30.88704	9.60340	17.4740
30.88033	9.61971	17.2438
30.90576	9.63897	17.0169
30.91847	9.67474	16.7929
30.91891	9.72762	16.5597
30.90239	9.79301	16.3327
30.88067	9.85889	16.1056
30.86526	9.92315	15.8755
30.83387	9.98786	15.6455
30.79263	10.04095	15.4184
30.78259	10.07541	15.1883
30.77886	10.10524	14.9642
30.77564	10.13807	14.7341
30.76698	10.17447	14.5040
30.76853	10.21283	14.2739
30.77390	10.25630	14.0529
30.76992	10.31022	13.8197
30.75924	10.37417	13.5927
30.73255	10.44123	13.3596
30.70990	10.50245	13.1264
30.68409	10.55626	12.8932
30.65898	10.60019	12.6692
30.65705	10.63350	12.4391
30.65929	10.66719	12.2181
30.65875	10.70662	11.9880
30.65616	10.75084	11.7701
30.66455	10.80283	11.5400
30.69148	10.86561	11.3189
30.67363	10.94797	11.0796
30.62730	11.03218	10.8496
30.61210	11.09892	10.6225
30.59370	11.15787	10.3923
30.57630	11.21036	10.1561
30.55755	11.25674	9.9292
30.54054	11.29493	9.7051
30.56348	11.32864	9.4658
30.57288	11.37830	9.2418
30.56428	11.44642	9.0177
30.53118	11.51228	8.7816
30.52706	11.56428	8.5576
30.52014	11.61654	8.3305
30.49393	11.66928	8.0943
30.49427	11.71312	7.8701
30.47842	11.75807	7.6401
30.44824	11.79737	7.4099
30.44240	11.82501	7.1889
30.43179	11.84984	6.9678
30.43023	11.87210	6.7408
30.42458	11.89384	6.5197
30.41087	11.91453	6.2957
30.40555	11.93139	6.0777
30.41280	11.95152	5.8567
30.41416	11.99487	5.6417
30.38065	12.06656	5.4266
30.33551	12.14260	5.2117
30.30816	12.21339	4.9937
30.27127	12.29123	4.7727
30.22649	12.37443	4.5667
30.17608	12.45644	4.3547
30.12912	12.52472	4.1428
30.10198	12.57524	3.9400
30.07934	12.62017	3.7311
30.05198	12.66498	3.5191
30.03213	12.70430	3.3102
30.00702	12.74011	3.0982
29.99212	12.77021	2.8862
29.98055	12.78802	2.6774
29.97641	12.80107	2.4713
29.97831	12.82373	2.2593
29.94945	12.87121	2.0566
29.92220	12.92470	1.8446
29.87299	12.99022	1.6479
29.83173	13.05380	1.4418
29.80570	13.11553	1.2239
29.76625	13.18342	1.0210
29.72783	13.24739	0.8726
29.67890	13.29887	0.7395
29.67765	13.32981	0.5971
29.65659	13.36980	0.4670
29.62506	13.41044	0.3398
29.60270	13.43577	0.2217
29.58358	13.45261	0.1219
29.54104	13.46436	0.0857
29.51250	13.46775	0.0857
29.52140	13.45268	0.0888
29.54767	13.41038	0.0859
29.54917	13.37593	0.0891
29.54967	13.35268	0.0861
29.55829	13.32441	0.0892
29.54957	13.29482	0.0893
29.54741	13.25492	0.0924
26.40444	13.19697	0.0925
5.23210	13.12754	0.0895
5.11022	13.06682	0.0928
4.74097	13.03640	0.0897
4.50331	13.01981	0.0928
4.71976	13.00358	0.0900
4.42184	12.98609	0.0870
3.49156	12.96819	0.0900
3.06109	12.94659	0.0902
2.93678	12.92082	0.0813
2.70534	12.89640	0.0813
2.44582	12.87733	0.0783
2.23702	12.86080	0.0754
2.18997	12.84598	0.0755
1.97200	12.83105	0.0756
1.90418	12.81551	0.0788
1.74360	12.79932	0.0726
2.16414	12.78247	0.0757
2.38507	12.76533	0.0790
2.51676	12.74825	0.0790
2.25404	12.73100	0.0852
2.10401	12.71310	0.0821
1.79357	12.69292	0.0794
1.62485	12.67118	0.0764
1.54182	12.64892	0.0825
1.48516	12.62636	0.0705
1.40968	12.60437	0.0705
1.35677	12.58340	0.0827
1.32736	12.56443	0.0767
1.29169	12.54721	0.0738
1.27678	12.53108	0.0769
1.31402	12.51561	0.0739
1.30832	12.50075	0.0771
1.33454	12.48631	0.0741
1.37549	12.47194	0.0804
1.36817	12.45787	0.0743
1.46677	12.44417	0.0805
1.54827	12.43060	0.0774
1.47864	12.41672	0.0746
1.37696	12.40226	0.0746
1.31329	12.38822	0.0838
