Salinity, Practical [PSU]	Temperature [ITS-90, deg C]	Depth [salt water, m]
2.00017	17.00617	0.0596
1.91789	17.00495	0.0565
1.81225	17.00399	0.0535
1.73076	17.00345	0.0535
1.66099	17.00215	0.0535
1.59407	17.00072	0.0535
1.53493	16.99909	0.0504
1.49320	16.99712	0.0565
1.47907	16.99507	0.0505
1.55533	16.99310	0.0474
1.66830	16.99140	0.0535
1.70334	16.99004	0.0535
1.69792	16.98861	0.0564
1.68275	16.98732	0.0535
1.63539	16.98616	0.0534
1.56248	16.98541	0.0565
1.51242	16.98446	0.0505
1.47895	16.98371	0.0565
1.47983	16.98330	0.0565
1.57624	16.98276	0.0535
1.81790	16.98221	0.0535
1.91261	16.98215	0.0564
1.93025	16.98174	0.0534
1.99349	16.98174	0.0535
1.89427	16.98146	0.0504
1.74818	16.98140	0.0595
1.62738	16.98167	0.0565
1.52033	16.98174	0.0535
1.49907	16.98208	0.0534
1.71211	16.98242	0.0504
1.84478	16.98289	0.0564
1.82369	16.98371	0.0565
1.82233	16.98439	0.0565
1.68924	16.98500	0.0595
1.64254	16.98541	0.0535
1.56388	16.98514	0.0534
1.50873	16.98371	0.0474
1.40603	16.98126	0.0473
1.34906	16.97929	0.0504
1.28000	16.97786	0.0535
1.23695	16.97684	0.0474
1.25016	16.97629	0.0504
1.25008	16.97609	0.0474
1.22583	16.97609	0.0504
1.18920	16.97575	0.0474
1.16309	16.97541	0.0505
1.12522	16.97473	0.0474
1.14303	16.97419	0.0444
1.09405	16.97317	0.0535
1.09255	16.97194	0.0444
1.08593	16.97099	0.0474
1.08914	16.97024	0.0535
1.09696	16.96942	0.0474
1.29358	16.96827	0.0504
1.56876	16.96351	0.0565
1.72529	16.40624	0.0959
10.19401	15.23755	0.1110
15.44244	14.37996	0.1504
26.89356	13.70049	0.2443
27.14020	13.18195	0.3715
27.34310	12.76527	0.5320
27.55313	12.42755	0.6652
28.01370	12.19616	0.7410
28.23740	12.06822	0.7440
28.35572	12.00267	0.7349
28.39779	11.99522	0.7259
28.40398	11.98394	0.7259
28.35245	11.96935	0.7380
28.29491	11.94308	0.7895
28.16570	11.90433	0.8834
28.50534	11.87710	0.9349
28.54643	11.91989	0.9379
28.46290	12.04625	0.9379
28.22820	12.13026	0.9288
28.08557	12.10447	0.9470
28.07411	12.02549	0.9561
28.12258	11.95276	0.9743
28.15477	11.89584	0.9834
28.17056	11.84966	0.9955
28.15914	11.80443	1.0106
28.15738	11.76189	1.0197
28.16179	11.72368	1.0227
28.16640	11.69477	1.0166
28.16982	11.67613	0.9985
28.16561	11.66125	0.9834
28.16773	11.64867	0.9713
28.16637	11.63942	0.9561
28.16461	11.63433	0.9531
28.17839	11.63503	0.9531
28.20529	11.64117	0.9591
28.24061	11.65171	0.9652
28.27710	11.66120	0.9652
28.26807	11.66243	0.9683
28.22085	11.65452	0.9713
28.22071	11.64445	0.9743
28.24111	11.63661	0.9835
28.25455	11.63140	0.9864
28.22568	11.62496	0.9894
28.19905	11.61718	0.9925
28.19323	11.61151	0.9955
28.19547	11.60935	1.0016
28.20819	11.60987	1.0107
28.22873	11.61385	1.0047
28.24825	11.61847	0.9955
28.19941	11.61671	0.9804
28.15909	11.61016	0.9744
28.16016	11.60402	0.9622
28.17468	11.60139	0.9562
28.18719	11.60338	0.9531
28.18714	11.60543	0.9501
28.18109	11.60432	0.9531
28.19068	11.60391	0.9622
28.20581	11.60513	0.9804
28.20452	11.60525	0.9895
28.19027	11.60285	0.9925
28.19160	11.60110	1.0016
28.20203	11.60110	1.0017
28.20622	11.59993	1.0016
28.19113	11.59660	0.9956
28.17759	11.59280	0.9986
28.17543	11.58783	0.9895
28.17588	11.57936	0.9744
28.16997	11.56796	0.9623
28.15144	11.55669	0.9623
28.15135	11.54852	0.9563
28.19162	11.54729	0.9563
28.36619	11.56049	0.9593
28.56930	11.60005	0.9624
28.72650	11.61765	0.9654
28.86446	11.66301	0.9654
28.69230	11.83242	0.9745
28.41703	12.07965	0.9865
28.21077	12.29612	0.9957
28.07782	12.44172	0.9957
27.95706	12.51609	1.0139
27.88456	12.53042	1.0017
27.87110	12.50590	1.0108
27.93345	12.49002	1.0018
27.97604	12.45817	0.9927
28.00066	12.43508	0.9805
28.01436	12.42946	0.9715
28.02851	12.42521	0.9685
28.02775	12.43424	0.9533
28.01312	12.45231	0.9413
28.00458	12.47170	0.9442
28.01456	12.48104	0.9534
28.02705	12.48290	0.9564
28.01967	12.49416	0.9594
27.97978	12.51465	0.9685
27.93265	12.54703	0.9776
27.87713	12.59842	0.9837
27.82341	12.65559	0.9958
27.77066	12.71045	1.0049
27.70639	12.75790	1.0140
27.65821	12.79890	1.0049
27.60481	12.83879	1.0110
27.54626	12.87103	1.0019
27.51290	12.88163	0.9989
27.51753	12.87206	0.9746
27.52067	12.86262	0.9565
27.52133	12.85155	0.9474
27.52952	12.83909	0.9414
27.54401	12.81956	0.9445
27.55679	12.79201	0.9354
27.57967	12.76901	0.9536
27.60230	12.75127	0.9626
27.59469	12.73203	0.9657
27.58736	12.71280	0.9778
27.60632	12.69412	0.9809
27.62234	12.67979	0.9930
27.63816	12.66017	1.0021
27.64422	12.64152	1.0052
27.64234	12.62811	1.0052
27.63816	12.61464	1.0022
27.63080	12.60352	0.9962
27.63116	12.59385	0.9931
27.63437	12.58148	0.9840
27.63056	12.56647	0.9840
27.63907	12.54433	0.9720
27.65323	12.52982	0.9719
27.68315	12.51543	0.9690
27.65544	12.50326	0.9599
27.64624	12.51141	0.9569
27.65930	12.50560	0.9538
27.66545	12.48206	0.9539
27.67594	12.45231	0.9569
27.68707	12.42521	0.9691
27.69482	12.40232	0.9812
27.69268	12.38273	0.9843
27.69517	12.36929	0.9964
27.70196	12.35091	0.9994
27.70483	12.32717	1.0025
27.71132	12.30124	0.9964
27.72130	12.27027	0.9965
27.73358	12.23581	0.9934
27.74507	12.20602	0.9874
27.75686	12.18261	0.9784
27.76563	12.16521	0.9692
27.77012	12.14492	0.9693
27.78433	12.12178	0.9633
27.79923	12.09694	0.9633
27.80633	12.07793	0.9693
27.81527	12.06153	0.9724
27.82576	12.04353	0.9755
27.82965	12.02638	0.9907
27.83769	12.01088	0.9876
27.85022	11.99877	0.9937
27.85889	11.98388	1.0028
27.85103	11.97478	1.0028
27.83413	11.98919	0.9938
27.81962	12.00231	0.9969
27.80958	11.99965	0.9969
27.80179	11.99150	0.9939
27.80384	11.97578	0.9909
27.80499	11.96120	0.9848
27.80992	11.94591	0.9788
27.82079	11.92497	0.9788
27.83086	11.90639	0.9728
27.84176	11.88582	0.9637
27.85021	11.86585	0.9638
27.86005	11.84242	0.9789
27.85839	11.82813	0.9789
27.85416	11.81924	0.9789
27.85883	11.80513	0.9912
27.85869	11.79667	0.9942
27.85739	11.78814	1.0002
27.86150	11.77440	1.0094
27.86647	11.76576	1.0125
27.86893	11.76089	1.0125
27.86456	11.75807	1.0185
27.85929	11.75097	1.0156
27.86002	11.74292	1.0126
27.86517	11.73606	0.9975
27.87173	11.72532	0.9945
27.87070	11.71963	0.9824
27.86880	11.71828	0.9823
27.86885	11.71464	0.9764
27.86981	11.70280	0.9703
27.87450	11.69108	0.9643
27.88212	11.68281	0.9643
27.88809	11.67883	0.9704
27.88622	11.67853	0.9705
27.88211	11.67227	0.9826
27.88223	11.66694	0.9917
27.87876	11.67045	1.0039
27.87344	11.67238	1.0009
27.86680	11.66986	1.0191
27.86171	11.66530	1.0190
27.86040	11.66149	1.0282
27.86345	11.65821	1.0252
27.86413	11.65540	1.0252
27.86076	11.65323	1.0223
27.85770	11.65025	1.0163
27.85732	11.64837	1.0071
27.85727	11.64685	1.0012
27.85712	11.64047	0.9861
27.85712	11.62982	0.9861
27.86202	11.61783	0.9709
27.86692	11.61209	0.9589
27.87377	11.60607	0.9619
27.87964	11.59864	0.9620
27.87991	11.59122	0.9711
27.88185	11.58473	0.9833
27.88467	11.58058	0.9984
27.88395	11.58035	1.0045
27.87837	11.58070	1.0168
27.87725	11.57632	1.0198
27.88202	11.56726	1.0258
27.88490	11.55716	1.0380
27.88307	11.55214	1.0290
27.88325	11.54992	1.0199
27.88859	11.54361	1.0170
27.88854	11.54098	1.0109
27.88273	11.53737	1.0170
27.87706	11.53976	0.9959
27.87586	11.54612	0.9868
27.87698	11.54653	0.9868
27.87875	11.54268	0.9778
27.87874	11.54110	0.9687
27.88081	11.54145	0.9657
27.88354	11.54098	0.9627
27.88473	11.53941	0.9688
27.88397	11.53882	0.9749
27.88197	11.54069	0.9871
27.87988	11.54601	0.9993
27.87498	11.55196	1.0175
27.86739	11.55657	1.0356
27.86109	11.56066	1.0387
27.85646	11.56405	1.0418
27.85335	11.56621	1.0418
27.84703	11.56995	1.0419
27.84352	11.56995	1.0208
27.84350	11.56720	1.0025
27.84584	11.56528	0.9875
27.84813	11.56422	0.9785
27.84628	11.56709	0.9603
27.84197	11.57164	0.9633
27.83859	11.57614	0.9634
27.83415	11.58088	0.9695
27.82979	11.58199	0.9817
27.83033	11.58245	0.9848
27.83113	11.58409	1.0029
27.83055	11.58374	1.0151
27.82941	11.58017	1.0272
27.82954	11.57603	1.0303
27.82863	11.57532	1.0395
27.82815	11.57199	1.0334
27.82737	11.56843	1.0244
27.82933	11.56265	1.0092
27.83297	11.55780	1.0033
27.83498	11.55354	0.9942
27.83928	11.54782	0.9882
27.84226	11.54583	0.9762
27.84231	11.54647	0.9793
27.84105	11.54665	0.9762
27.83846	11.54852	0.9673
27.83669	11.55167	0.9733
27.83613	11.55360	0.9825
27.83345	11.55319	1.0006
27.83055	11.55196	1.0037
27.83351	11.54881	1.0098
27.83364	11.54863	1.0220
27.83137	11.54974	1.0311
27.82832	11.54834	1.0251
27.82705	11.54764	1.0281
27.82729	11.54653	1.0252
27.82723	11.54542	1.0252
27.82602	11.54338	1.0162
27.82500	11.54180	1.0011
27.82500	11.54221	1.0012
27.82481	11.54437	0.9891
27.82601	11.54437	0.9709
27.82768	11.54215	0.9649
27.82886	11.54058	0.9680
27.82837	11.53923	0.9771
27.82560	11.53783	0.9893
27.82369	11.53847	0.9924
27.82421	11.54285	1.0046
27.82393	11.54554	1.0106
27.82223	11.54741	1.0106
27.82245	11.54671	1.0137
27.82368	11.54355	1.0350
27.82125	11.54052	1.0320
27.82052	11.53719	1.0352
27.82120	11.53550	1.0321
27.81978	11.53620	1.0231
27.81875	11.53567	1.0110
27.81943	11.53159	0.9990
27.82288	11.52779	0.9809
27.82673	11.52616	0.9749
27.83088	11.52342	0.9779
27.82979	11.52050	0.9779
27.82733	11.52108	0.9719
27.82517	11.52744	0.9780
27.82829	11.52686	0.9810
27.83060	11.52418	0.9963
27.82997	11.52143	1.0085
27.83014	11.52120	1.0206
27.82978	11.52406	1.0237
27.82842	11.52587	1.0328
27.82630	11.52750	1.0359
27.82341	11.52826	1.0298
27.82199	11.52896	1.0178
27.82298	11.52884	1.0148
27.82461	11.52826	1.0088
27.82472	11.52803	1.0119
27.82292	11.52774	0.9999
27.82383	11.52692	0.9969
27.82465	11.52774	0.9939
27.82372	11.52937	0.9879
27.82222	11.52908	0.9850
27.82126	11.52797	0.9820
27.82158	11.52674	0.9850
27.82131	11.52750	0.9881
27.82100	11.52791	0.9973
27.82144	11.52733	1.0033
27.82352	11.52534	1.0094
27.82421	11.52482	1.0064
27.82271	11.52523	1.0125
27.82114	11.52581	1.0157
27.82029	11.52575	1.0247
27.81947	11.52604	1.0279
27.81734	11.52721	1.0249
27.81711	11.52721	1.0189
27.81766	11.52727	1.0098
27.81839	11.52709	0.9978
27.81871	11.52628	0.9888
27.81919	11.52564	0.9857
27.81955	11.52517	0.9828
27.81852	11.52534	0.9889
27.81756	11.52511	0.9981
27.81734	11.52540	0.9982
27.81715	11.52604	1.0012
27.81584	11.52581	1.0073
27.81625	11.52447	1.0104
27.81681	11.52371	1.0104
27.81789	11.52307	1.0196
27.81757	11.52231	1.0136
27.81688	11.52132	1.0197
27.81573	11.52149	1.0197
27.81521	11.52196	1.0076
27.81672	11.52073	1.0046
27.81774	11.51898	0.9986
27.81772	11.51782	0.9987
27.81779	11.51653	0.9958
27.81779	11.51653	0.9988
27.81657	11.51776	1.0018
27.81618	11.51788	1.0080
27.81700	11.51758	1.0020
27.81812	11.51688	1.0050
27.81882	11.51595	1.0112
27.81736	11.51519	1.0142
27.81645	11.51560	1.0264
27.81610	11.51648	1.0265
27.81645	11.51601	1.0204
27.81612	11.51525	1.0145
27.81587	11.51432	1.0056
27.81625	11.51350	1.0054
27.81712	11.51274	0.9995
27.81816	11.51175	1.0027
27.81925	11.51070	1.0026
27.81884	11.50965	1.0057
27.81837	11.50837	1.0058
27.81846	11.50825	1.0058
27.81673	11.51134	1.0179
27.81569	11.51344	1.0180
27.81556	11.51362	1.0181
27.81578	11.51333	1.0212
27.81616	11.51362	1.0152
27.81604	11.51496	1.0212
27.81642	11.51525	1.0183
27.81674	11.51403	1.0214
27.81669	11.51204	1.0093
27.81716	11.51117	1.0155
27.81647	11.51321	1.0094
27.81678	11.51438	1.0095
27.81688	11.51344	1.0186
27.81570	11.51193	1.0096
27.81588	11.51128	1.0096
27.81567	11.51315	1.0218
27.81518	11.51572	1.0219
27.81474	11.51630	1.0189
27.81476	11.51548	1.0128
27.81481	11.51502	1.0129
27.81469	11.51677	1.0099
27.81374	11.51963	1.0069
27.81406	11.52038	1.0101
27.81516	11.52003	1.0071
27.81741	11.51974	1.0041
27.81990	11.52079	1.0072
27.82021	11.52348	1.0072
27.82002	11.52610	1.0225
27.81937	11.52855	1.0285
27.81767	11.53042	1.0316
27.81654	11.53194	1.0287
27.81619	11.53351	1.0318
27.81559	11.53591	1.0288
27.81477	11.53859	1.0258
27.81305	11.54128	1.0259
27.81066	11.54367	1.0229
27.80861	11.54601	1.0199
27.80702	11.54892	1.0139
27.80397	11.55260	1.0139
27.79912	11.55669	1.0110
27.79506	11.56019	1.0050
27.79306	11.56247	1.0020
27.79310	11.56370	0.9961
27.79356	11.56452	0.9930
27.79400	11.56551	0.9961
27.79506	11.56680	0.9992
27.79694	11.56826	1.0114
27.79940	11.57007	1.0115
27.80146	11.57240	1.0205
27.80190	11.57451	1.0297
27.80144	11.57632	1.0299
27.80030	11.57784	1.0328
27.80031	11.57941	1.0390
27.79870	11.58076	1.0389
27.79227	11.58228	1.0300
27.78451	11.58286	1.0240
27.78422	11.58245	1.0149
27.78551	11.58234	0.9999
27.78963	11.58193	0.9939
27.79120	11.58181	0.9909
27.78959	11.58245	1.0001
27.78726	11.58508	1.0000
27.78726	11.58818	1.0031
27.78644	11.59087	1.0184
27.78127	11.59268	1.0153
27.77622	11.59514	1.0154
27.77356	11.59829	1.0184
27.79445	11.59929	1.0973
27.71023	11.58462	1.2488
27.67614	11.51088	1.4125
27.70166	11.42122	1.5821
27.73354	11.34269	1.7488
27.75827	11.28119	1.9245
27.77145	11.23120	2.1275
27.78001	11.18833	2.3396
27.79711	11.14804	2.5668
27.82553	11.11767	2.7880
27.87846	11.11392	3.0001
27.84095	11.11802	3.2243
27.78453	11.07626	3.4455
27.81197	10.99448	3.6756
27.86001	10.91707	3.9000
27.91280	10.85667	4.1332
27.96971	10.80975	4.3574
28.01244	10.77491	4.5816
28.03610	10.74735	4.8058
28.05411	10.72215	5.0270
28.06430	10.69304	5.2391
28.08200	10.65944	5.4663
28.09711	10.61653	5.6935
28.12944	10.56053	5.9176
28.18438	10.49388	6.1448
28.26879	10.41052	6.3812
28.37325	10.31366	6.6114
28.47356	10.21599	6.8630
28.57047	10.11367	7.1174
28.66078	10.01868	7.3991
28.72971	9.94503	7.6506
28.77891	9.88955	7.9082
28.82465	9.84845	8.1626
28.88814	9.81046	8.4322
28.96093	9.76108	8.6807
29.01929	9.69597	8.9411
29.08600	9.62277	9.1987
29.15527	9.55496	9.4561
29.20104	9.50231	9.7016
29.23022	9.46073	9.9560
29.27295	9.41765	10.2075
29.31977	9.36938	10.4650
29.36857	9.31390	10.7165
29.41623	9.25658	10.9588
29.46730	9.20011	11.2012
29.50568	9.15468	11.4526
29.52229	9.11829	11.7010
29.52807	9.07023	11.9433
29.56537	9.01195	12.1978
29.61795	8.94678	12.4432
29.67854	8.87480	12.7068
29.75397	8.78758	12.9643
29.82939	8.70147	13.2219
29.90856	8.61311	13.4853
29.99214	8.51438	13.7580
30.06667	8.42563	14.0033
30.12447	8.35519	14.2608
30.16479	8.30836	14.5124
30.18686	8.27881	14.7607
30.20733	8.25484	15.0061
30.23990	8.23025	15.2546
30.27730	8.19829	15.4908
30.31204	8.15443	15.7393
30.35149	8.11019	15.9816
30.38936	8.07262	16.2331
30.42586	8.04115	16.4755
30.45232	8.01360	16.7299
30.47083	7.99182	16.9783
30.47959	7.97606	17.2297
30.48838	7.96404	17.4843
30.49855	7.95366	17.7569
30.51252	7.94234	18.0356
30.53050	7.93192	18.2930
30.53681	7.92607	18.5445
30.54186	7.92272	18.8050
30.55168	7.91911	19.0534
30.57285	7.91358	19.2897
30.58470	7.90322	19.5503
30.59530	7.89212	19.7836
30.60438	7.88389	20.0319
30.61124	7.87842	20.2652
30.62170	7.87343	20.5046
30.63112	7.86918	20.7408
30.63661	7.86393	20.9831
30.64396	7.85618	21.2195
30.65009	7.84907	21.4619
30.65220	7.84467	21.7073
30.65264	7.84111	21.9466
30.65422	7.83777	22.1889
30.65698	7.83480	22.4434
30.65814	7.83268	22.6858
30.65932	7.83045	22.9493
30.66149	7.82748	23.1947
30.66314	7.82435	23.4401
30.66626	7.82181	23.6823
30.66769	7.81969	23.9277
30.66935	7.81767	24.1670
30.67054	7.81508	24.4063
30.67160	7.81158	24.6397
30.67609	7.80485	24.8699
30.68306	7.79605	25.1092
30.69648	7.78540	25.3516
30.71459	7.76809	25.5939
30.73401	7.74781	25.8211
30.74697	7.73300	26.0604
30.75653	7.72205	26.3028
30.76501	7.71306	26.5542
30.77262	7.70508	26.7965
30.77895	7.69778	27.0418
30.78518	7.69128	27.2903
30.78905	7.68679	27.5387
30.79132	7.68372	27.7810
30.79328	7.68092	28.0477
30.79459	7.67908	28.3355
30.79736	7.67686	28.5869
30.79738	7.67342	28.8201
30.80321	7.66745	29.0715
30.80845	7.66180	29.2957
30.81178	7.65642	29.5441
30.81696	7.65082	29.7774
30.81956	7.64633	30.0198
30.82154	7.64137	30.2471
30.82764	7.63541	30.4922
30.83322	7.62945	30.7257
30.83523	7.62301	30.9649
30.83851	7.61478	31.1981
30.84747	7.60381	31.4375
30.86080	7.59016	31.6797
30.88057	7.56881	31.9283
30.90699	7.54121	32.1676
30.93397	7.51295	32.4221
30.95537	7.48844	32.6613
30.97253	7.46804	32.9097
30.98714	7.45134	33.1490
30.99679	7.43952	33.3945
31.00534	7.43169	33.6247
31.01356	7.42529	33.8731
31.01663	7.42025	34.1033
31.02062	7.41605	34.3365
31.02328	7.41295	34.5758
31.02802	7.41006	34.8182
31.03132	7.40776	35.0454
31.03400	7.40539	35.2816
31.03600	7.40282	35.5120
31.03801	7.39994	35.7513
31.04068	7.39758	35.9936
31.04160	7.39605	36.2359
31.04265	7.39364	36.4753
31.04610	7.38892	36.7206
31.05150	7.38247	36.9659
31.05404	7.37691	37.2023
31.06037	7.36831	37.4325
31.07040	7.35767	37.6869
31.07508	7.34981	37.9172
31.08063	7.34127	38.1595
31.08748	7.33210	38.3957
31.09412	7.32383	38.6563
31.10009	7.31634	38.8684
31.10363	7.31011	39.1137
31.10775	7.30503	39.3561
31.10974	7.30158	39.6046
31.11048	7.29885	39.8256
31.11370	7.29618	40.0801
31.11387	7.29446	40.3224
31.11438	7.29325	40.5497
31.11562	7.29189	40.8071
31.11341	7.29022	41.0463
31.11732	7.28248	41.2767
31.12397	7.26840	41.5311
31.13845	7.24780	41.7705
31.15648	7.22403	42.0068
31.17304	7.20293	42.2520
31.18652	7.18721	42.4853
31.19560	7.17704	42.7155
31.20059	7.17057	42.9670
31.20323	7.16650	43.1942
31.20560	7.16300	43.4335
31.20842	7.15977	43.6668
31.20953	7.15664	43.9032
31.20668	7.15163	44.1484
31.21906	7.13782	44.3968
31.22840	7.12411	44.6301
31.23726	7.11421	44.8633
31.24185	7.10790	45.0997
31.24510	7.10249	45.3389
31.25194	7.09400	45.5781
31.25806	7.08488	45.8297
31.26629	7.07354	46.0599
31.28485	7.05407	46.3054
31.30648	7.03592	46.5417
31.32857	7.01476	46.7870
31.34665	6.99403	47.0231
31.36041	6.97881	47.2535
31.36957	6.96863	47.4807
31.37551	6.96163	47.7290
31.37981	6.95680	47.9592
31.38207	6.95389	48.2106
31.38332	6.95166	48.4500
31.38568	6.94896	48.6712
31.38836	6.94590	48.9135
31.39147	6.94273	49.1558
31.39658	6.93843	49.3952
31.40228	6.93324	49.6466
31.40783	6.92697	49.8860
31.40932	6.92048	50.1192
31.41427	6.91027	50.3615
31.42593	6.89591	50.6008
31.43704	6.88327	50.8371
31.44471	6.87513	51.0673
31.44775	6.87021	51.3006
31.45226	6.86591	51.5369
31.45455	6.86255	51.7732
31.45505	6.86011	52.0064
31.45714	6.85623	52.2426
31.46052	6.85167	52.4729
31.46311	6.84769	52.7273
31.46599	6.84479	52.9605
31.46687	6.84334	53.1999
31.46414	6.84220	53.4482
31.46579	6.83703	53.6786
31.47289	6.82952	53.9270
31.47558	6.82476	54.1693
31.47779	6.82099	54.3994
31.48053	6.81757	54.6360
31.48240	6.81504	54.8871
31.48289	6.81328	55.1295
31.48216	6.81033	55.3659
31.48836	6.80382	55.6052
31.49125	6.79833	55.8323
31.49507	6.79337	56.0838
31.49716	6.78603	56.3020
31.50912	6.77311	56.5412
31.51681	6.76314	56.7745
31.52424	6.75493	57.0138
31.52964	6.74790	57.2470
31.53799	6.73907	57.4864
31.54381	6.73040	57.7287
31.55129	6.72178	57.9742
31.55761	6.71352	58.2315
31.56530	6.70491	58.4648
31.57083	6.69769	58.6919
31.57662	6.69201	58.9465
31.57799	6.68820	59.1798
31.58206	6.68335	59.4340
31.58517	6.67948	59.6766
31.58709	6.67655	59.9220
31.58917	6.67454	60.1551
31.59027	6.67278	60.3975
31.59151	6.67139	60.6338
31.59271	6.66923	60.8821
31.59478	6.66649	61.1122
31.59833	6.66253	61.3517
31.60150	6.65897	61.5879
31.60363	6.65655	61.8242
31.60513	6.65480	62.0605
31.60575	6.65438	62.2937
31.60638	6.65387	62.5299
31.60844	6.65196	62.7722
31.60988	6.64954	63.0149
31.61260	6.64758	63.2541
31.61559	6.64496	63.4993
31.61814	6.64238	63.7175
31.62551	6.63399	63.9629
31.63788	6.61936	64.2143
31.64715	6.60686	64.4627
31.65534	6.59626	64.7050
31.66157	6.58725	64.9564
31.66826	6.57954	65.1896
31.67232	6.57429	65.4319
31.67418	6.57002	65.6774
31.67756	6.56478	65.9197
31.68090	6.55995	66.1590
31.68607	6.55609	66.4044
31.68697	6.55624	66.6498
31.68456	6.55784	66.8889
31.67971	6.55676	67.1283
31.68633	6.54920	67.3737
31.69292	6.54160	67.6100
31.69723	6.53610	67.8493
31.70019	6.53204	68.1038
31.70272	6.52881	68.3825
31.70529	6.52598	68.6368
31.70730	6.52362	68.8670
31.70846	6.52187	69.1155
31.71026	6.52018	69.3699
31.71099	6.51889	69.6152
31.71149	6.51787	69.8698
31.71247	6.51668	70.1122
31.71278	6.51519	70.3574
31.71387	6.51345	70.6119
31.71501	6.51181	70.8512
31.71535	6.51021	71.0905
31.71743	6.50785	71.3357
31.71994	6.50503	71.5752
31.72217	6.50287	71.8174
31.72382	6.50097	72.0538
31.72551	6.49866	72.3021
31.72690	6.49630	72.5474
31.72884	6.49394	72.7899
31.73159	6.49137	73.0292
31.73431	6.48907	73.2777
31.73571	6.48742	73.5259
31.73669	6.48588	73.7712
31.73776	6.48424	74.0167
31.73907	6.48270	74.2559
31.74040	6.48152	74.5074
31.74084	6.48085	74.7437
31.74147	6.48050	74.9860
31.74189	6.48029	75.2283
31.74162	6.48009	75.4646
31.74183	6.47901	75.6978
31.74268	6.47731	75.9372
31.74400	6.47578	76.1674
31.74479	6.47480	76.4127
31.74543	6.47413	76.6551
31.74493	6.47367	76.8944
31.74548	6.47295	77.1398
31.74622	6.47203	77.3913
31.74726	6.47116	77.6336
31.74814	6.47008	77.8848
31.74873	6.46895	78.1394
31.74979	6.46767	78.4242
31.75090	6.46634	78.7056
31.75098	6.46511	78.9329
31.75163	6.46208	79.1662
31.75623	6.45700	79.4147
31.75999	6.45100	79.6538
31.76378	6.44542	79.8840
31.76907	6.43998	80.1203
31.77320	6.43609	80.3627
31.77624	6.43270	80.5929
31.77966	6.42994	80.8383
31.78278	6.42727	81.0806
31.78617	6.42425	81.3259
31.78739	6.42097	81.5714
31.78981	6.41287	81.8225
31.80008	6.40063	82.0682
31.80790	6.39065	82.3073
31.81420	6.38348	82.5587
31.81745	6.37928	82.8011
31.81889	6.37637	83.0525
31.82043	6.37319	83.2887
31.82166	6.36992	83.5311
31.82193	6.36516	83.7795
31.82456	6.35723	84.0156
31.82905	6.34582	84.2641
31.83738	6.33135	84.4945
31.84358	6.31540	84.7397
31.85879	6.29527	84.9760
31.86787	6.27684	85.2304
31.88092	6.25596	85.4576
31.90006	6.23468	85.6968
31.91439	6.21928	85.9392
31.92327	6.20970	86.1844
31.92827	6.20404	86.4269
31.93201	6.19986	86.6722
31.93463	6.19548	86.9087
31.93878	6.18946	87.1539
31.94584	6.18080	87.3992
31.95551	6.17077	87.6385
31.96675	6.16155	87.8868
31.97513	6.15574	88.1443
31.98097	6.15233	88.4231
31.99293	6.15086	88.6987
32.00040	6.15284	88.9411
32.00069	6.15712	89.1682
32.00037	6.16129	89.4136
32.00114	6.16460	89.6558
31.99790	6.16756	89.8923
31.99577	6.16904	90.1343
31.99489	6.16985	90.3737
31.99786	6.17046	90.6070
32.00380	6.17158	90.8522
32.00501	6.17377	91.0977
32.00341	6.17571	91.3371
32.00196	6.17713	91.5762
32.00142	6.17795	91.8186
32.00384	6.17841	92.0669
32.00672	6.17815	92.3093
32.01045	6.17693	92.5486
32.01707	6.17484	92.7909
32.02282	6.17148	93.0303
32.02540	6.16715	93.2695
32.02877	6.16206	93.5181
32.03171	6.15625	93.7542
32.02462	6.14791	93.9841
32.03172	6.13182	94.2237
32.04372	6.11488	94.4568
32.05311	6.10196	94.6962
32.06061	6.09317	94.9325
32.06358	6.08778	95.1717
32.06499	6.08295	95.4019
32.06578	6.07767	95.6443
32.06858	6.07152	95.8805
32.07218	6.06532	96.1138
32.07577	6.05994	96.3501
32.07818	6.05552	96.5803
32.07842	6.05155	96.8045
32.07727	6.04658	97.0467
32.07765	6.03998	97.2769
32.08134	6.03201	97.5194
32.08490	6.02424	97.7555
32.08151	6.01724	97.9858
32.06402	6.00770	98.2310
32.07313	5.98974	98.4976
32.06495	5.96647	98.7581
32.09292	5.93075	98.9883
32.12509	5.89527	99.2246
32.14764	5.87053	99.4729
32.16158	5.85451	99.7092
32.17037	5.84369	99.9364
32.17685	5.83611	100.1635
32.18100	5.83091	100.3970
32.18440	5.82722	100.6329
32.18783	5.82378	100.8814
32.19345	5.81959	101.1147
32.20168	5.81368	101.3570
32.20873	5.80762	101.6024
32.21511	5.80293	101.8477
32.21973	5.79833	102.0900
32.21598	5.78753	102.3292
32.22004	5.76957	102.5776
32.22848	5.74995	102.8110
32.24151	5.73260	103.0501
32.25310	5.71970	103.2894
32.26024	5.71139	103.5258
32.26422	5.70711	103.7772
32.26662	5.70469	104.0104
32.26863	5.70363	104.2618
32.27004	5.70313	104.5041
32.27017	5.70287	104.7434
32.26910	5.70277	104.9919
32.26884	5.70262	105.2340
32.26885	5.70242	105.4824
32.26880	5.70242	105.7278
32.26843	5.70232	105.9671
32.26731	5.70227	106.2095
32.26707	5.70167	106.4577
32.26754	5.70106	106.6909
32.26837	5.70066	106.9271
32.26873	5.70066	107.1725
32.26970	5.70026	107.4150
32.27007	5.69975	107.6542
32.27019	5.69950	107.9023
32.27219	5.69940	108.1387
32.27318	5.69940	108.4172
32.27455	5.69915	108.6809
32.27730	5.69935	108.9352
32.27829	5.69995	109.1685
32.27616	5.70066	109.4229
32.27307	5.70056	109.6685
32.26961	5.69522	109.9106
32.27696	5.68661	110.1589
32.28426	5.68031	110.4103
32.30035	5.67724	110.6677
32.30840	5.67901	110.9103
32.30488	5.68329	111.1645
32.30170	5.68610	111.4159
32.29234	5.68671	111.6644
32.29305	5.68248	111.9187
32.29495	5.67644	112.1670
32.30079	5.66738	112.4062
32.31242	5.65585	112.6426
32.32162	5.64650	112.8970
32.32806	5.64046	113.1392
32.33423	5.63624	113.3846
32.34014	5.63317	113.6301
32.35117	5.63081	113.8723
32.36312	5.62925	114.1145
32.36625	5.62834	114.3629
32.36938	5.62824	114.6085
32.38037	5.62869	114.8597
32.38544	5.63116	115.1080
32.39965	5.63468	115.3626
32.40872	5.64041	115.6139
32.40706	5.64740	115.8531
32.40752	5.65284	116.1104
32.40498	5.65747	116.3497
32.40574	5.66114	116.5921
32.41531	5.66461	116.8285
32.41220	5.66954	117.0677
32.41495	5.67362	117.3221
32.41717	5.67760	117.5645
32.42680	5.68172	117.8068
32.42668	5.68777	118.0460
32.42556	5.69310	118.2912
32.43457	5.69678	118.5457
32.45075	5.70041	118.8273
32.46050	5.70403	119.0968
32.45946	5.70680	119.3485
32.45706	5.70882	119.5846
32.45657	5.70993	119.8390
32.46091	5.71053	120.0903
32.48334	5.71104	120.3326
32.48518	5.71154	120.5808
32.48519	5.71169	120.8415
32.48735	5.71114	121.0927
32.48890	5.70978	121.3351
32.49122	5.70862	121.5835
32.49481	5.70731	121.8317
32.49761	5.70529	122.0832
32.50153	5.70328	122.3376
32.50459	5.70106	122.5980
32.50893	5.69854	122.8465
32.51188	5.69608	123.1008
32.51401	5.69411	123.3462
32.51598	5.69260	123.5913
32.51892	5.69124	123.8398
32.52512	5.68933	124.1003
32.53526	5.68545	124.3486
32.54464	5.67996	124.6030
32.55108	5.67448	124.8516
32.55032	5.67020	125.1057
32.56086	5.66693	125.3602
32.56361	5.66431	125.6175
32.56489	5.66250	125.8720
32.56668	5.66124	126.1265
32.56808	5.66038	126.3748
32.56899	5.65968	126.6260
32.56931	5.65923	126.8775
32.57032	5.65892	127.1320
32.57267	5.65797	127.3742
32.57376	5.65636	127.6075
32.57491	5.65540	127.8588
32.57592	5.65460	128.0981
32.57688	5.65384	128.3436
32.57715	5.65344	128.5889
32.57802	5.65314	128.8432
32.57896	5.65238	129.1218
32.57965	5.65153	129.4096
32.58044	5.65087	129.6700
32.58057	5.65032	129.9183
32.58206	5.64967	130.1637
32.58316	5.64876	130.4179
32.58437	5.64776	130.6602
32.58443	5.64720	130.9086
32.58510	5.64675	131.1538
32.58631	5.64610	131.3994
32.58627	5.64529	131.6416
32.58680	5.64469	131.8901
32.58800	5.64398	132.1382
32.58980	5.64308	132.3957
32.59120	5.64222	132.6531
32.59520	5.64152	132.9076
32.59914	5.64086	133.1680
32.60073	5.64011	133.4224
32.60330	5.63951	133.6798
32.60490	5.63845	133.9343
32.61055	5.63669	134.1887
32.61975	5.63453	134.4521
32.62920	5.63211	134.7067
32.63430	5.62889	134.9669
32.64015	5.62382	135.2183
32.64422	5.61985	135.4697
32.64741	5.61708	135.7271
32.64865	5.61567	135.9814
32.64800	5.61447	136.2452
32.64898	5.61296	136.5054
32.65036	5.61105	136.7567
32.65155	5.60969	137.0083
32.65182	5.60864	137.2657
32.65765	5.60778	137.5230
32.66082	5.60758	137.7774
32.66295	5.60843	138.0378
32.66163	5.61039	138.3014
32.66069	5.61195	138.5648
32.66000	5.61326	138.8284
32.65978	5.61401	139.0797
32.65811	5.61421	139.3461
32.65858	5.61432	139.6218
32.66063	5.61437	139.9307
32.66205	5.61502	140.1969
32.66234	5.61567	140.4575
32.66257	5.61567	140.7120
32.66342	5.61502	140.9752
32.66648	5.61210	141.2328
32.66937	5.60899	141.4933
32.67292	5.60592	141.7597
32.67607	5.60291	142.0201
32.67836	5.60070	142.2897
32.67991	5.59969	142.5472
32.67934	5.59964	142.8135
32.68001	5.59969	143.0741
32.68011	5.59909	143.3436
32.67997	5.59909	143.6190
32.68120	5.59733	143.8828
32.68462	5.59331	144.1489
32.68878	5.58889	144.4158
32.69104	5.58643	144.6730
32.69193	5.58472	144.9457
32.69347	5.58402	145.1998
32.69508	5.58331	145.4634
32.69613	5.58196	145.7209
32.69819	5.57985	145.9843
32.69972	5.57814	146.2449
32.70126	5.57678	146.5171
32.70325	5.57533	146.7776
32.70485	5.57427	147.0471
32.70560	5.57372	147.3166
32.70861	5.57332	147.5802
32.71489	5.57136	147.8406
32.72382	5.56769	148.0950
32.73195	5.56348	148.3554
32.73896	5.56041	148.6007
32.74471	5.55785	148.8491
32.75432	5.55575	149.0974
32.76521	5.55479	149.3458
32.76709	5.55519	149.6061
32.76793	5.55565	149.8608
32.76831	5.55585	150.1271
32.76905	5.55560	150.4026
32.77246	5.55484	150.6902
32.77459	5.55354	150.9597
32.77471	5.55263	151.2082
32.77610	5.55173	151.4624
32.78091	5.55027	151.7290
32.78535	5.54827	151.9924
32.78868	5.54450	152.2438
32.79262	5.54069	152.4982
32.79419	5.53823	152.7584
32.79542	5.53647	153.0099
32.79506	5.53497	153.2764
32.79514	5.53331	153.5337
32.79482	5.53171	153.7821
32.79495	5.52970	154.0426
32.79618	5.52759	154.2910
32.79701	5.52589	154.5482
32.79830	5.52443	154.7998
32.79895	5.52328	155.0570
32.80065	5.52228	155.3175
32.80203	5.52168	155.5566
32.80423	5.52102	155.8293
32.80446	5.52102	156.0805
32.80411	5.52052	156.3410
32.80662	5.51927	156.5982
32.80868	5.51812	156.8528
32.81044	5.51726	157.1131
32.81115	5.51676	157.3706
32.81145	5.51661	157.6280
32.81172	5.51621	157.8791
32.81265	5.51621	158.1397
32.81294	5.51636	158.3999
32.81316	5.51651	158.6546
32.81435	5.51661	158.9028
32.81533	5.51686	159.1481
32.81602	5.51711	159.3873
32.81611	5.51726	159.6357
32.81574	5.51751	159.8869
32.81567	5.51746	160.1322
32.81790	5.51751	160.3805
32.81989	5.51786	160.6411
32.82056	5.51806	160.8922
32.82188	5.51801	161.1771
32.82279	5.51766	161.4615
32.82309	5.51701	161.7251
32.82425	5.51591	161.9823
32.82571	5.51465	162.2216
32.82884	5.51305	162.4731
32.83103	5.51104	162.7275
32.83429	5.50974	162.9846
32.83685	5.50844	163.2361
32.83755	5.50723	163.4814
32.83889	5.50638	163.7357
32.83916	5.50598	163.9929
32.83953	5.50583	164.2444
32.83925	5.50563	164.4959
32.84054	5.50563	164.7503
32.84071	5.50533	165.0013
32.84396	5.50513	165.2557
32.84602	5.50463	165.5072
32.84421	5.50417	165.7615
32.84726	5.50382	166.0127
32.84607	5.50347	166.2609
32.84801	5.50352	166.5184
32.85027	5.50317	166.7789
32.85195	5.50277	167.0212
32.85347	5.50217	167.2816
32.85549	5.50172	167.5297
32.85530	5.50142	167.7842
32.85648	5.50117	168.0356
32.85479	5.50097	168.2865
32.85633	5.50107	168.5440
32.85873	5.50102	168.7925
32.85903	5.50087	169.0407
32.85900	5.50041	169.2892
32.85998	5.50036	169.5373
32.86062	5.50031	169.7856
32.86109	5.50006	170.0340
32.86172	5.50001	170.2883
32.86134	5.49991	170.5397
32.86167	5.49981	170.7941
32.86109	5.49991	171.0544
32.86040	5.49976	171.3088
32.86189	5.49991	171.5721
32.86279	5.49986	171.8598
32.86346	5.49976	172.1382
32.86388	5.49956	172.3807
32.86767	5.49946	172.6289
32.86972	5.49941	172.8712
32.87230	5.49911	173.1222
32.87292	5.49906	173.3826
32.87656	5.49911	173.6342
32.87710	5.49916	173.8823
32.87888	5.49931	174.1369
32.87941	5.49936	174.3881
32.88181	5.49931	174.6364
32.88444	5.49931	174.8874
32.88552	5.49916	175.1419
32.88660	5.49901	175.3994
32.88867	5.49886	175.6601
32.89703	5.49871	175.9112
32.91205	5.49826	176.1626
32.92712	5.49761	176.4258
32.93021	5.49751	176.6770
32.93154	5.49746	176.9375
32.93453	5.49746	177.1826
32.93698	5.49736	177.4281
32.93865	5.49726	177.6762
32.94014	5.49706	177.9186
32.94133	5.49681	178.1669
32.94327	5.49650	178.4059
32.94503	5.49595	178.6544
32.94582	5.49575	178.8935
32.94639	5.49540	179.1540
32.94732	5.49505	179.3960
32.94775	5.49485	179.6383
32.94782	5.49465	179.8926
32.94915	5.49460	180.1712
32.95053	5.49440	180.4860
32.95041	5.49400	180.8070
32.95382	5.49370	181.0916
32.95809	5.49340	181.3429
32.96081	5.49295	181.5971
32.96225	5.49244	181.8394
32.96242	5.49214	182.0879
32.96318	5.49194	182.3632
32.96400	5.49169	182.6477
32.96356	5.49164	182.9142
32.96480	5.49169	183.1715
32.96511	5.49154	183.4105
32.96605	5.49154	183.6619
32.96935	5.49129	183.9104
32.97132	5.49089	184.1646
32.97185	5.49059	184.4127
32.97202	5.49029	184.6640
32.97270	5.49019	184.9154
32.97292	5.49019	185.1729
32.97325	5.49009	185.4362
32.97317	5.49004	185.6873
32.97416	5.48999	185.9267
32.97515	5.48994	186.1811
32.97585	5.48974	186.4382
32.97765	5.48944	186.6836
32.97742	5.48934	186.9348
32.98012	5.48934	187.1801
32.98083	5.48914	187.4315
32.98303	5.48894	187.6798
32.98950	5.48864	187.9280
32.99038	5.48833	188.1854
32.98620	5.48813	188.4395
32.99121	5.48788	188.6880
32.99432	5.48783	188.9272
32.99445	5.48758	189.1724
32.99865	5.48743	189.4175
33.00059	5.48748	189.6808
33.00303	5.48768	189.9473
33.00478	5.48793	190.1898
33.00652	5.48813	190.4409
33.00792	5.48838	190.6890
33.00941	5.48854	190.9434
33.01013	5.48869	191.1978
33.01230	5.48889	191.4276
33.01453	5.48894	191.6729
33.01493	5.48914	191.9092
33.01421	5.48939	192.1483
33.01551	5.48939	192.3814
33.01779	5.48954	192.6237
33.01760	5.48954	192.8748
33.01911	5.48959	193.1505
33.02028	5.48969	193.4502
33.02110	5.48979	193.7316
33.02093	5.48984	193.9920
33.02040	5.48989	194.2314
33.02587	5.48989	194.4794
33.02601	5.48999	194.7278
33.02679	5.49014	194.9852
33.02718	5.49034	195.2455
33.02769	5.49034	195.4906
33.02782	5.49044	195.7448
33.02926	5.49029	195.9901
33.02985	5.49029	196.2353
33.03084	5.49024	196.4869
33.03208	5.49029	196.7347
33.03320	5.49039	196.9922
33.03313	5.49034	197.2374
33.03336	5.49034	197.4827
33.03339	5.49054	197.7460
33.03271	5.49039	197.9941
33.03369	5.49034	198.2455
33.03524	5.49044	198.4969
33.03521	5.49034	198.7481
33.03544	5.49034	198.9995
33.03532	5.49034	199.2506
33.03515	5.49039	199.5020
33.03497	5.49044	199.7593
33.03520	5.49044	200.0106
33.03542	5.49044	200.2678
33.03513	5.49039	200.5281
33.03477	5.49049	200.7704
33.03440	5.49039	201.0157
33.03503	5.49034	201.2699
33.03496	5.49029	201.5090
33.03543	5.49034	201.7452
33.03571	5.49029	201.9873
33.03590	5.49034	202.2266
33.03613	5.49034	202.4717
33.03677	5.49029	202.7048
33.03792	5.49044	202.9561
33.03860	5.49034	203.2105
33.03776	5.49034	203.4647
33.03752	5.49044	203.7493
33.03814	5.49039	204.0279
33.03766	5.49039	204.2818
33.03754	5.49039	204.5302
33.03778	5.49039	204.7723
33.03805	5.49034	205.0298
33.03829	5.49034	205.2718
33.03872	5.49049	205.5172
33.03820	5.49054	205.7652
33.03942	5.49054	206.0104
33.03996	5.49059	206.2621
33.04080	5.49069	206.5100
33.04176	5.49069	206.7188
33.04170	5.49069	206.8338
33.04205	5.49069	206.8341
33.04264	5.49084	206.7799
33.04327	5.49124	206.7256
33.04235	5.49219	206.6836
33.04135	5.49295	206.6444
33.04049	5.49350	206.5687
33.03923	5.49375	206.4631
33.04047	5.49365	206.3090
33.04110	5.49375	206.1366
33.04129	5.49400	205.9645
33.04078	5.49425	205.7829
33.04062	5.49450	205.6137
33.04096	5.49460	205.4353
33.03931	5.49465	205.2390
33.03915	5.49455	205.0366
33.03895	5.49450	204.8338
33.03855	5.49465	204.6253
33.03835	5.49460	204.4134
33.03876	5.49465	204.1991
33.03878	5.49475	203.9691
33.03849	5.49480	203.7336
33.03789	5.49480	203.5066
33.03810	5.49470	203.2799
33.03751	5.49470	203.0563
33.03742	5.49455	202.8174
33.03652	5.49450	202.5785
33.03671	5.49415	202.3275
33.03732	5.49395	202.0676
33.03681	5.49395	201.8073
33.03674	5.49415	201.5443
33.03617	5.49415	201.2755
33.03625	5.49420	201.0124
33.03557	5.49430	200.7523
33.03544	5.49420	200.4953
33.03492	5.49415	200.2233
33.03525	5.49395	199.9631
33.03548	5.49385	199.6881
33.03486	5.49390	199.4098
33.03393	5.49390	199.1406
33.03508	5.49395	198.8594
33.03479	5.49395	198.5873
33.03460	5.49400	198.3091
33.03424	5.49415	198.0248
33.03372	5.49410	197.7435
33.03281	5.49415	197.4684
33.03310	5.49400	197.1813
33.03192	5.49390	196.9060
33.03140	5.49385	196.6247
33.03094	5.49375	196.3378
33.03006	5.49370	196.0591
33.02885	5.49370	195.7871
33.02848	5.49350	195.5117
33.02710	5.49360	195.2307
33.02668	5.49345	194.9433
33.02687	5.49340	194.6682
33.02584	5.49350	194.3899
33.02568	5.49345	194.1118
33.02535	5.49320	193.8364
33.02511	5.49330	193.5523
33.02466	5.49320	193.2408
33.02333	5.49325	192.9534
33.02170	5.49325	192.6781
33.02039	5.49335	192.4061
33.01936	5.49310	192.1190
33.01864	5.49290	191.8406
33.01700	5.49290	191.5656
33.01663	5.49270	191.2810
33.01537	5.49275	191.0061
33.01450	5.49270	190.7277
33.01322	5.49270	190.4497
33.01221	5.49265	190.1652
33.00850	5.49244	189.8900
33.00960	5.49219	189.5967
33.00857	5.49194	189.3244
33.00600	5.49189	189.0432
33.00481	5.49179	188.7741
33.00328	5.49169	188.4987
33.00000	5.49164	188.2207
32.99861	5.49139	187.9454
32.99598	5.49104	187.6670
32.99325	5.49079	187.3891
32.99100	5.49069	187.1168
32.98818	5.49054	186.8324
32.98700	5.49079	186.5574
32.98397	5.49114	186.2821
32.98186	5.49134	186.0007
32.98145	5.49154	185.7195
32.97947	5.49189	185.4412
32.97559	5.49209	185.1631
32.97533	5.49214	184.8785
32.97491	5.49234	184.6005
32.97356	5.49249	184.3161
32.97108	5.49265	184.0319
32.97081	5.49270	183.7661
32.96977	5.49275	183.4874
32.96823	5.49315	183.2154
32.96667	5.49345	182.9221
32.96526	5.49360	182.6042
32.96506	5.49360	182.3050
32.96399	5.49375	182.0326
32.96343	5.49380	181.7697
32.96251	5.49380	181.4914
32.96160	5.49380	181.1828
32.96147	5.49410	180.8473
32.95943	5.49455	180.5050
32.95799	5.49480	180.1999
32.95651	5.49500	179.9245
32.95518	5.49505	179.6645
32.95421	5.49510	179.3833
32.95409	5.49500	179.0988
32.95330	5.49530	178.8175
32.95137	5.49560	178.5455
32.95096	5.49580	178.2703
32.94929	5.49620	177.9891
32.94881	5.49640	177.7014
32.94758	5.49650	177.4234
32.94596	5.49686	177.1451
32.94424	5.49731	176.8697
32.94304	5.49766	176.5915
32.94026	5.49811	176.3131
32.93860	5.49851	176.0289
32.93537	5.49876	175.7538
32.93074	5.49901	175.4753
32.92404	5.49921	175.1970
32.91498	5.49936	174.9157
32.90824	5.49931	174.6285
32.90210	5.49966	174.3501
32.89823	5.49986	174.0657
32.89138	5.50021	173.7904
32.88851	5.50047	173.5151
32.88565	5.50072	173.2309
32.88283	5.50122	172.9529
32.88013	5.50152	172.6714
32.87905	5.50147	172.3841
32.87558	5.50162	172.0937
32.87431	5.50162	171.8064
32.87199	5.50167	171.5343
32.86877	5.50192	171.2710
32.86804	5.50172	170.9956
32.86812	5.50142	170.7142
32.86675	5.50152	170.4271
32.86588	5.50147	170.1486
32.86432	5.50147	169.8673
32.86345	5.50142	169.5889
32.86288	5.50142	169.3138
32.86347	5.50132	169.0265
32.86296	5.50162	168.7660
32.86206	5.50187	168.4999
32.86178	5.50172	168.2308
32.86222	5.50177	167.9616
32.86220	5.50192	167.7014
32.86162	5.50192	167.4354
32.86050	5.50212	167.1600
32.86014	5.50227	166.8938
32.85911	5.50237	166.6244
32.85849	5.50242	166.3521
32.85774	5.50232	166.0709
32.85636	5.50242	165.7987
32.85595	5.50262	165.5234
32.85388	5.50307	165.2481
32.85318	5.50327	164.9820
32.85216	5.50337	164.7066
32.85144	5.50352	164.4404
32.85097	5.50377	164.1650
32.84980	5.50402	163.8991
32.84949	5.50412	163.6237
32.84947	5.50428	163.3514
32.84842	5.50448	163.0792
32.84801	5.50468	162.8131
32.84643	5.50498	162.5469
32.84632	5.50523	162.2743
32.84447	5.50553	161.9871
32.84407	5.50573	161.7027
32.84325	5.50598	161.4276
32.84162	5.50633	161.1673
32.84142	5.50653	160.9071
32.83985	5.50668	160.6380
32.83919	5.50713	160.3657
32.83778	5.50799	160.0964
32.83587	5.50864	159.8210
32.83376	5.50949	159.5489
32.83253	5.51059	159.2826
32.83054	5.51205	159.0165
32.82834	5.51335	158.7411
32.82644	5.51435	158.4657
32.82505	5.51556	158.1932
32.82385	5.51656	157.9274
32.82255	5.51766	157.6610
32.82146	5.51827	157.3947
32.81995	5.51887	157.1256
32.81938	5.51922	156.8566
32.81892	5.51947	156.5933
32.81839	5.51942	156.3239
32.81726	5.51962	156.0699
32.81651	5.51952	155.7914
32.81593	5.51917	155.5252
32.81529	5.51887	155.2532
32.81451	5.51872	154.9866
32.81411	5.51862	154.7113
32.81343	5.51837	154.4393
32.81179	5.51801	154.1638
32.81063	5.51761	153.8946
32.81009	5.51721	153.6192
32.80992	5.51716	153.3531
32.80851	5.51736	153.0927
32.80750	5.51781	152.8176
32.80613	5.51827	152.5604
32.80531	5.51852	152.2970
32.80404	5.51887	152.0280
32.80344	5.51927	151.7373
32.80261	5.51962	151.4468
32.80315	5.52022	151.1626
32.80255	5.52132	150.9023
32.80261	5.52263	150.6391
32.80229	5.52403	150.3699
32.80137	5.52549	150.0885
32.80097	5.52704	149.8282
32.79715	5.52935	149.5650
32.79249	5.53246	149.2956
32.78884	5.53562	149.0266
32.78663	5.53838	148.7573
32.78222	5.54059	148.4789
32.77890	5.54305	148.2127
32.77599	5.54516	147.9494
32.77289	5.54666	147.6771
32.76850	5.54812	147.4140
32.76320	5.54907	147.1415
32.75979	5.54952	146.8723
32.75706	5.54992	146.6091
32.75335	5.55033	146.3398
32.74949	5.55088	146.0765
32.74483	5.55153	145.8104
32.73974	5.55299	145.5411
32.73416	5.55494	145.2715
32.72824	5.55725	145.0084
32.72265	5.56031	144.7301
32.71770	5.56373	144.4610
32.71311	5.56714	144.1945
32.70928	5.57021	143.9222
32.70597	5.57302	143.6559
32.70251	5.57563	143.3898
32.69918	5.57854	143.1264
32.69632	5.58125	142.8601
32.69366	5.58376	142.6030
32.69209	5.58587	142.3395
32.68957	5.58788	142.0614
32.68735	5.58994	141.7953
32.68510	5.59205	141.5018
32.68278	5.59386	141.2051
32.68200	5.59517	140.9356
32.68085	5.59612	140.6664
32.68039	5.59637	140.4002
32.68046	5.59607	140.1308
32.68073	5.59557	139.8586
32.67903	5.59572	139.5893
32.67685	5.59627	139.3502
32.67435	5.59688	139.1051
32.67128	5.59733	138.8663
32.67085	5.59753	138.6212
32.66906	5.59783	138.3791
32.66720	5.59798	138.1581
32.66676	5.59818	137.9374
32.66486	5.59843	137.7346
32.66388	5.59853	137.5196
32.66314	5.59869	137.3017
32.66290	5.59904	137.0902
32.66156	5.59944	136.8752
32.66092	5.59984	136.6607
32.65970	5.60049	136.4335
32.65852	5.60110	136.2065
32.65766	5.60175	135.9615
32.65677	5.60250	135.7133
32.65571	5.60336	135.4652
32.65415	5.60436	135.2202
32.65195	5.60567	134.9751
32.65040	5.60703	134.7389
32.64852	5.60843	134.4909
32.64675	5.61039	134.2335
32.64298	5.61296	133.9825
32.63897	5.61542	133.7222
32.61826	5.61814	133.4651
32.62828	5.62105	133.2047
32.62513	5.62372	132.9445
32.62152	5.62613	132.6754
32.61706	5.62839	132.4210
32.61316	5.63045	132.1578
32.60969	5.63272	131.8854
32.60687	5.63468	131.6222
32.60371	5.63634	131.3496
32.59955	5.63795	131.0774
32.59757	5.63941	130.8111
32.59512	5.64061	130.5480
32.59276	5.64182	130.2756
32.59026	5.64272	130.0090
32.58951	5.64363	129.7488
32.58781	5.64444	129.4766
32.58613	5.64529	129.2195
32.58412	5.64604	128.9528
32.58302	5.64695	128.6927
32.58148	5.64796	128.4266
32.58049	5.64861	128.1601
32.57894	5.64947	127.8970
32.57779	5.65007	127.6367
32.57648	5.65082	127.3735
32.57365	5.65178	127.1101
32.57132	5.65324	126.8469
32.56924	5.65480	126.5837
32.56770	5.65616	126.3262
32.56554	5.65752	126.0569
32.56262	5.65892	125.7937
32.55957	5.66069	125.5335
32.55422	5.66280	125.2701
32.55049	5.66542	125.0069
32.54566	5.66808	124.7467
32.54181	5.67075	124.4863
32.53840	5.67297	124.2138
32.53560	5.67498	123.9539
32.53279	5.67694	123.6840
32.53017	5.67870	123.4089
32.52766	5.68042	123.1488
32.52498	5.68188	122.8913
32.52245	5.68354	122.6281
32.51965	5.68520	122.3617
32.51767	5.68666	122.0985
32.51410	5.68832	121.8292
32.51114	5.69013	121.5780
32.50833	5.69210	121.3086
32.50484	5.69411	121.0272
32.50131	5.69602	120.7517
32.49784	5.69809	120.4824
32.49279	5.70026	120.2250
32.48889	5.70262	119.9588
32.48628	5.70474	119.7045
32.48127	5.70615	119.4413
32.47442	5.70736	119.1840
32.46572	5.70801	118.9208
32.46266	5.70826	118.6603
32.45637	5.70832	118.4030
32.44854	5.70806	118.1521
32.43976	5.70736	117.8857
32.43207	5.70625	117.6253
32.42168	5.70474	117.3649
32.42060	5.70207	117.1048
32.41406	5.69975	116.8476
32.39231	5.69718	116.5811
32.40319	5.69421	116.3300
32.39607	5.69069	116.0816
32.39565	5.68631	115.8214
32.39501	5.68243	115.5734
32.39521	5.67916	115.3130
32.39299	5.67664	115.0647
32.39234	5.67402	114.8076
32.38789	5.67120	114.5622
32.38281	5.66803	114.2963
32.38220	5.66421	114.0359
32.37767	5.66053	113.7844
32.37303	5.65661	113.5212
32.36911	5.65193	113.2701
32.37125	5.64735	113.0128
32.36601	5.64398	112.7587
32.35881	5.64096	112.5103
32.35395	5.63800	112.2501
32.35489	5.63568	112.0020
32.34963	5.63423	111.7414
32.34356	5.63317	111.4903
32.34312	5.63252	111.2362
32.34215	5.63387	110.9759
32.33762	5.63800	110.7125
32.33175	5.64388	110.4462
32.32804	5.64861	110.1979
32.32495	5.65334	109.9406
32.32028	5.65973	109.6864
32.31404	5.66607	109.4383
32.30655	5.67080	109.1839
32.29963	5.67392	108.9325
32.29657	5.67578	108.6787
32.29445	5.67740	108.4242
32.29097	5.67941	108.1700
32.28468	5.68188	107.9188
32.28065	5.68439	107.6614
32.27707	5.68651	107.4071
32.27362	5.68812	107.1591
32.27075	5.68978	106.9079
32.26891	5.69089	106.6476
32.26716	5.69205	106.3933
32.26586	5.69280	106.1450
32.26491	5.69356	105.8937
32.26431	5.69431	105.6336
32.26381	5.69497	105.3792
32.26350	5.69542	105.1250
32.26284	5.69587	104.8767
32.26252	5.69597	104.6193
32.26177	5.69623	104.3710
32.26150	5.69628	104.1108
32.26122	5.69633	103.8628
32.26170	5.69618	103.6114
32.26161	5.69618	103.3602
32.26084	5.69638	103.1059
32.26141	5.69628	102.8490
32.26084	5.69628	102.5943
32.26057	5.69633	102.3371
32.26053	5.69628	102.0799
32.26096	5.69618	101.8164
32.26089	5.69638	101.5621
32.26062	5.69643	101.3109
32.26022	5.69668	101.0563
32.26020	5.69683	100.7965
32.25965	5.69688	100.5390
32.25986	5.69708	100.2908
32.25998	5.69708	100.0393
32.26001	5.69718	99.7912
32.26038	5.69728	99.5460
32.26294	5.69759	99.2829
32.26621	5.69940	99.0315
32.26783	5.70303	98.7742
32.26666	5.70897	98.5259
32.26349	5.71708	98.2778
32.25797	5.72721	98.0263
32.24987	5.73865	97.7784
32.24038	5.75010	97.5300
32.23222	5.76059	97.2910
32.22438	5.77002	97.0367
32.21641	5.77915	96.7853
32.20943	5.78733	96.5340
32.20369	5.79384	96.2859
32.19870	5.80030	96.0227
32.19454	5.80692	95.7773
32.19339	5.81570	95.5202
32.18520	5.83086	95.2657
32.18264	5.84864	95.0236
32.16936	5.86952	94.7722
32.16244	5.88869	94.5241
32.15145	5.90828	94.2757
32.14139	5.92645	94.0338
32.13143	5.94240	93.7823
32.12705	5.95644	93.5372
32.12034	5.97007	93.2859
32.11544	5.98254	93.0287
32.11139	5.99441	92.7743
32.10617	6.00633	92.5230
32.10039	6.01739	92.2718
32.09906	6.02749	92.0236
32.09542	6.03972	91.7723
32.08607	6.05435	91.5240
32.07800	6.06842	91.2757
32.06825	6.08310	91.0215
32.05791	6.09703	90.7733
32.04904	6.10934	90.5251
32.03893	6.12099	90.2615
32.03077	6.13014	89.9892
32.02428	6.13788	89.7350
32.01882	6.14343	89.4925
32.01591	6.14811	89.2352
32.01361	6.15244	88.9902
32.01093	6.15651	88.7388
32.00774	6.16053	88.4906
31.99882	6.16389	88.2422
32.00252	6.16685	87.9880
32.00088	6.16944	87.7397
31.99971	6.17117	87.4945
31.99790	6.17250	87.2373
31.99691	6.17367	86.9860
31.99515	6.17464	86.7376
31.99301	6.17535	86.4953
31.99114	6.17555	86.2442
31.98896	6.17550	85.9956
31.98769	6.17515	85.7477
31.98589	6.17469	85.5025
31.98443	6.17387	85.2509
31.98383	6.17280	84.9968
31.98320	6.17148	84.7486
31.98247	6.17010	84.5062
31.98225	6.16878	84.2491
31.97939	6.16725	84.0009
31.97707	6.16522	83.7587
31.97763	6.16262	83.5132
31.97749	6.16033	83.2711
31.97644	6.15834	83.0228
31.97570	6.15661	82.7716
31.97391	6.15483	82.5202
31.97276	6.15294	82.2750
31.97157	6.15111	82.0207
31.97138	6.15004	81.7663
31.97046	6.14969	81.5121
31.96698	6.15101	81.2637
31.96366	6.15401	81.0066
31.95911	6.15824	80.7641
31.95402	6.16231	80.5131
31.94917	6.16649	80.2707
31.94493	6.17046	80.0164
31.94218	6.17352	79.7560
31.94050	6.17683	79.5137
31.93812	6.18162	79.2624
31.93483	6.18870	79.0049
31.92956	6.19818	78.7599
31.92437	6.20919	78.5114
31.91639	6.22361	78.2541
31.90447	6.24004	78.0060
31.89481	6.25509	77.7607
31.88605	6.26964	77.5094
31.87598	6.28455	77.2641
31.86508	6.29875	77.0188
31.85677	6.31024	76.7766
31.85093	6.31985	76.5255
31.84405	6.32910	76.2742
31.83958	6.33652	76.0167
31.83463	6.34378	75.7682
31.83132	6.35068	75.5202
31.82585	6.35887	75.2657
31.81859	6.36854	75.0235
31.81013	6.37846	74.7722
31.80333	6.38727	74.5239
31.79664	6.39531	74.2665
31.79104	6.40217	74.0302
31.78640	6.40765	73.7790
31.78227	6.41287	73.5278
31.77889	6.41861	73.2735
31.77267	6.42527	73.0221
31.76937	6.43070	72.7707
31.76502	6.43624	72.5257
31.76092	6.44188	72.2681
31.75684	6.44741	72.0261
31.75306	6.45198	71.7745
31.75028	6.45582	71.5353
31.74798	6.45931	71.2843
31.74514	6.46234	71.0388
31.74282	6.46495	70.7937
31.74094	6.46711	70.5451
31.73929	6.46900	70.3001
31.73837	6.47049	70.0426
31.73730	6.47177	69.7823
31.73653	6.47311	69.5126
31.73505	6.47424	69.2582
31.73505	6.47495	69.0160
31.73363	6.47624	68.7679
31.73260	6.47747	68.5104
31.73177	6.47885	68.2683
31.73056	6.48029	68.0169
31.72982	6.48157	67.7655
31.72893	6.48296	67.5141
31.72792	6.48440	67.2600
31.72709	6.48629	67.0207
31.72381	6.48922	66.7631
31.72166	6.49240	66.5059
31.71891	6.49548	66.2604
31.71515	6.49789	66.0122
31.71506	6.50025	65.7518
31.71336	6.50220	65.5188
31.71203	6.50369	65.2643
31.71121	6.50477	65.0128
31.71101	6.50549	64.7616
31.70997	6.50636	64.5133
31.70906	6.50821	64.2590
31.70744	6.51119	64.0076
31.70455	6.51545	63.7623
31.70142	6.52043	63.5141
31.69729	6.52552	63.2687
31.69478	6.53035	63.0173
31.69068	6.53600	62.7661
31.68551	6.54273	62.5148
31.68143	6.54910	62.2664
31.67642	6.55537	62.0241
31.67210	6.56082	61.7696
31.66849	6.56632	61.5152
31.66165	6.57414	61.2701
31.65108	6.58612	61.0156
31.64027	6.59867	60.7642
31.62968	6.61025	60.5159
31.62165	6.61936	60.2646
31.61521	6.62683	60.0224
31.61029	6.63265	59.7771
31.60713	6.63620	59.5195
31.60569	6.63826	59.2683
31.60429	6.63960	59.0171
31.60344	6.64058	58.7596
31.60233	6.64228	58.5052
31.60029	6.64573	58.2539
31.59573	6.65042	58.0085
31.59202	6.65567	57.7544
31.58748	6.66139	57.5088
31.58257	6.66758	57.2695
31.57779	6.67392	57.0152
31.57189	6.68052	56.7671
31.56650	6.68650	56.5217
31.56198	6.69263	56.2732
31.55520	6.70078	56.0312
31.54850	6.70929	55.7764
31.54171	6.71791	55.5222
31.53553	6.72653	55.2769
31.52921	6.73427	55.0195
31.52427	6.74124	54.7773
31.51875	6.74878	54.5198
31.51445	6.75580	54.2713
31.50815	6.76309	54.0231
31.50345	6.76944	53.7718
31.49960	6.77487	53.5205
31.49603	6.77962	53.2691
31.49315	6.78355	53.0267
31.49078	6.78670	52.7694
31.48913	6.78893	52.5210
31.48836	6.79063	52.2606
31.48750	6.79244	52.0122
31.48624	6.79430	51.7639
31.48561	6.79585	51.5216
31.48491	6.79740	51.2884
31.48447	6.79875	51.0370
31.48384	6.80030	50.7887
31.48287	6.80185	50.5495
31.48185	6.80345	50.2950
31.48108	6.80480	50.0406
31.48039	6.80568	49.7890
31.47956	6.80671	49.5348
31.47947	6.80759	49.2863
31.47938	6.80893	49.0291
31.47790	6.81142	48.7715
31.47633	6.81437	48.5293
31.47437	6.81685	48.2810
31.47232	6.81928	48.0327
31.47045	6.82181	47.7811
31.46868	6.82425	47.5359
31.46624	6.82704	47.2785
31.46398	6.82963	47.0302
31.46198	6.83268	46.7849
31.45931	6.83682	46.5363
31.45641	6.84205	46.2851
31.45153	6.84883	46.0336
31.44668	6.85566	45.7883
31.44156	6.86286	45.5459
31.43519	6.87068	45.3006
31.42778	6.87928	45.0491
31.42070	6.88752	44.8008
31.41404	6.89493	44.5527
31.40843	6.90156	44.3073
31.40215	6.90819	44.0527
31.39171	6.91716	43.7954
31.37910	6.93008	43.5469
31.36595	6.94388	43.2955
31.35205	6.95815	43.0442
31.33873	6.97253	42.7931
31.32684	6.98468	42.5415
31.31564	6.99637	42.3021
31.30777	7.00515	42.0477
31.30198	7.01128	41.7994
31.29813	7.01601	41.5540
31.29363	7.02183	41.3026
31.28732	7.02994	41.0573
31.28019	7.03941	40.7999
31.27294	7.04892	40.5544
31.26455	7.06053	40.3121
31.25544	7.07322	40.0668
31.24628	7.08494	39.8215
31.23889	7.09493	39.5730
31.23183	7.10441	39.3188
31.22610	7.11415	39.0372
31.21837	7.12536	38.7672
31.21149	7.13636	38.5220
31.20427	7.15325	38.2646
31.18016	7.18006	38.0162
31.16490	7.20000	37.7678
31.15318	7.21499	37.5103
31.14289	7.22742	37.2619
31.13624	7.23657	37.0137
31.13053	7.24415	36.7683
31.12660	7.25042	36.5260
31.12331	7.25606	36.2807
31.12091	7.26176	36.0261
31.11722	7.26814	35.7749
31.11175	7.27510	35.5264
31.10761	7.28169	35.2718
31.10179	7.28896	35.0205
31.09707	7.29613	34.7631
31.09077	7.30409	34.5146
31.08426	7.31220	34.2723
31.07874	7.32027	34.0240
31.07293	7.32760	33.7785
31.06783	7.33341	33.5334
31.06381	7.33802	33.2816
31.06069	7.34310	33.0426
31.05415	7.34866	32.7881
31.04899	7.35379	32.5424
31.04339	7.35951	32.2853
31.03776	7.36517	32.0398
31.03137	7.37093	31.7913
31.02621	7.37644	31.5401
31.01988	7.38289	31.2916
31.00903	7.39223	31.0464
30.99369	7.40697	30.7918
30.97338	7.42691	30.5464
30.94807	7.45464	30.2950
30.92471	7.48097	30.0436
30.90558	7.50190	29.7982
30.89267	7.51721	29.5409
30.88029	7.53126	29.2832
30.87021	7.54311	29.0287
30.86213	7.55375	28.7803
30.85475	7.56481	28.5260
30.84646	7.57645	28.2715
30.83811	7.58778	28.0261
30.83099	7.59743	27.7714
30.82572	7.60650	27.5262
30.81637	7.61784	27.2837
30.80743	7.62881	27.0385
30.79984	7.63863	26.7872
30.79300	7.64686	26.5357
30.78768	7.65367	26.2842
30.78364	7.65874	26.0299
30.78110	7.66212	25.7812
30.77925	7.66434	25.5329
30.77890	7.66561	25.2816
30.77780	7.66698	25.0331
30.77674	7.66793	24.7817
30.77563	7.66893	24.5332
30.76797	7.67263	24.2818
30.75297	7.68531	24.0335
30.73352	7.70597	23.7819
30.71483	7.72654	23.5307
30.69913	7.74411	23.2912
30.68591	7.75924	23.0397
30.67703	7.76983	22.8002
30.67241	7.77762	22.5550
30.66881	7.78424	22.3129
30.66496	7.78985	22.0765
30.66321	7.79377	21.8312
30.66099	7.79679	21.5826
30.66009	7.79907	21.3371
30.65947	7.80320	21.0889
30.65077	7.81105	20.8464
30.64155	7.81979	20.6010
30.63225	7.82796	20.3526
30.62483	7.83459	20.1100
30.61876	7.83915	19.8677
30.61574	7.84196	19.6346
30.61245	7.84403	19.3923
30.60899	7.84509	19.1437
30.60649	7.84589	18.9013
30.60380	7.84689	18.6651
30.59978	7.84859	18.4257
30.59590	7.85209	18.1802
30.59051	7.85687	17.9230
30.58414	7.86239	17.6743
30.57334	7.86716	17.4382
30.56383	7.87146	17.1926
30.55528	7.87661	16.9535
30.54765	7.88245	16.7141
30.54013	7.88824	16.4808
30.52887	7.89387	16.2382
30.51444	7.89838	15.9960
30.50177	7.90338	15.7566
30.49212	7.91034	15.5205
30.48187	7.91905	15.2780
30.47090	7.92995	15.0357
30.45550	7.94149	14.7993
30.43719	7.95744	14.5598
30.41920	7.97644	14.3266
30.39367	7.99997	14.0962
30.35769	8.03017	13.8570
30.31698	8.06845	13.6207
30.27970	8.10944	13.3783
30.24907	8.14545	13.1329
30.22397	8.17432	12.8966
30.20073	8.19888	12.6572
30.17946	8.22184	12.4269
30.16168	8.24305	12.1907
30.12927	8.27285	11.9512
30.07442	8.32887	11.7272
30.00209	8.40863	11.4849
29.92640	8.49448	11.2453
29.85341	8.57749	11.0030
29.78464	8.65764	10.7667
29.72186	8.73400	10.5273
29.67065	8.79746	10.2849
29.62948	8.85107	10.0456
29.59301	8.89860	9.8184
29.56040	8.93974	9.5760
29.53605	8.97253	9.3394
29.51879	8.99644	9.1003
29.50426	9.01408	8.8639
29.49264	9.02676	8.6303
29.48426	9.03922	8.3972
29.46610	9.05891	8.1458
29.43996	9.08588	7.9095
29.41397	9.11594	7.6700
29.38365	9.15255	7.4186
29.35471	9.19006	7.1732
29.32742	9.22339	6.9308
29.29740	9.24954	6.6794
29.27372	9.27285	6.4459
29.24975	9.30080	6.1974
29.22314	9.33202	5.9582
29.18262	9.37192	5.7127
29.13838	9.41092	5.4674
29.09677	9.44377	5.2371
29.05478	9.47941	4.9916
29.02247	9.51465	4.7522
28.98666	9.54460	4.5068
28.95828	9.57385	4.2674
28.93613	9.59580	4.0218
28.91330	9.61289	3.7705
28.87298	9.64158	3.5312
28.82464	9.68986	3.2858
28.77777	9.74399	3.0494
28.73126	9.79072	2.7978
28.67948	9.83422	2.5584
28.61298	9.89604	2.3222
28.54416	9.96870	2.0978
28.48169	10.04128	1.8494
28.43996	10.09333	1.6070
28.40990	10.12721	1.3676
28.37825	10.16845	1.1433
28.34516	10.21058	0.9465
28.32614	10.23425	0.7495
28.31638	10.24654	0.5767
28.31540	10.25433	0.4071
28.30765	10.26702	0.2313
27.20278	10.28588	0.1493
5.48436	10.29949	0.1615
3.69645	10.30446	0.1646
2.36084	10.30689	0.1617
2.92813	10.30807	0.1556
13.51979	10.30361	0.1616
25.57590	10.27984	0.1586
27.55454	10.20956	0.1556
14.33609	10.15764	0.1496
3.42675	10.12480	0.1494
4.15126	10.09771	0.1556
4.04705	10.06951	0.1526
3.77693	10.04443	0.1525
3.36866	10.02586	0.1496
2.91129	10.01375	0.1496
2.57732	10.00187	0.1556
2.34625	9.98842	0.1556
2.16087	9.97453	0.1496
2.00920	9.96059	0.1496
1.88625	9.94609	0.1464
1.79516	9.93238	0.1525
1.70017	9.91885	0.1496
1.66221	9.90554	0.1587
1.56810	9.89268	0.1556
1.52896	9.88117	0.1526
1.60376	9.86995	0.1465
1.94492	9.85883	0.1527
2.16294	9.84772	0.1465
2.19157	9.83706	0.1496
2.13020	9.82657	0.1465
1.98524	9.81547	0.1555
1.82233	9.80265	0.1496
1.73291	9.78832	0.1494
1.72610	9.77378	0.1375
1.78646	9.75896	0.1342
1.60449	9.74616	0.1344
1.56694	9.73519	0.1373
1.53424	9.72523	0.1405
1.49859	9.71572	0.1403
1.41897	9.70643	0.1403
1.35019	9.69725	0.1374
1.29470	9.68802	0.1343
1.26392	9.67930	0.1403
1.23574	9.67035	0.1373
1.23088	9.66163	0.1374
1.19521	9.65291	0.1374
1.14680	9.64425	0.1312
1.12048	9.63542	0.1342
1.11963	9.62704	0.1372
1.09560	9.61844	0.1343
1.14983	9.61011	0.1341
1.21578	9.60179	0.1373
1.19446	9.59331	0.1372
1.16296	9.58499	0.1372
1.11643	9.57651	0.1343
1.07946	9.56842	0.1403
1.11386	9.56953	0.1374
1.18570	9.58239	0.1405
1.29737	9.59991	0.1373
