Salinity, Practical [PSU]	Temperature [ITS-90, deg C]	Depth [salt water, m]
0.02657	15.73462	-0.0134
0.02654	15.73331	-0.0104
0.02654	15.73161	-0.0043
0.02659	15.73010	-0.0134
0.02654	15.72885	-0.0133
0.02654	15.72695	-0.0195
0.02654	15.72518	-0.0104
0.02654	15.72386	-0.0164
0.02654	15.72183	-0.0104
0.02654	15.72052	-0.0074
0.02651	15.71908	-0.0073
0.02654	15.71704	-0.0134
0.02654	15.71481	-0.0105
0.02654	15.71291	-0.0043
0.02654	15.71114	-0.0074
0.02651	15.70950	-0.0044
0.02654	15.70812	-0.0104
0.02651	15.70662	-0.0074
0.02650	15.70498	-0.0074
0.02651	15.70347	-0.0074
0.02650	15.70229	-0.0103
0.02650	15.70118	-0.0134
0.02655	15.69986	-0.0103
0.02650	15.69849	-0.0104
0.02655	15.69718	-0.0134
0.02650	15.69567	-0.0104
0.02650	15.69403	-0.0044
0.02655	15.69324	-0.0044
0.02655	15.69187	-0.0044
0.02651	15.69049	-0.0074
0.02650	15.68925	-0.0104
0.02655	15.68781	-0.0103
0.02655	15.68650	-0.0074
0.02650	15.68518	-0.0134
0.02652	15.68322	-0.0074
0.02650	15.68086	-0.0074
0.02645	15.67909	-0.0074
0.02652	15.67680	-0.0103
0.02650	15.67549	-0.0103
0.01733	15.67267	-0.0286
0.02575	15.66986	0.0963
0.02596	15.66724	0.0607
0.02595	15.66527	0.0514
0.02595	15.66298	0.0422
0.02583	15.66088	0.0351
0.02645	15.65912	-0.0043
0.02655	15.65761	-0.0043
0.02650	15.65630	-0.0133
0.02650	15.65519	-0.0134
0.02647	15.65421	-0.0102
0.02650	15.65336	-0.0164
0.02655	15.65237	-0.0133
0.02650	15.65146	-0.0074
0.02650	15.65002	-0.0073
0.02647	15.64858	-0.0073
0.02651	15.64694	-0.0103
0.02652	15.64576	-0.0103
0.02651	15.64504	-0.0073
0.02647	15.64432	-0.0103
0.02651	15.64400	-0.0102
0.02646	15.64373	-0.0043
0.02647	15.64321	-0.0074
0.02651	15.64197	-0.0073
0.02647	15.64066	-0.0073
0.02646	15.63928	-0.0072
0.02651	15.63771	-0.0073
0.02647	15.63621	-0.0103
0.02651	15.63497	-0.0073
0.02652	15.63124	-0.0133
0.02646	15.62653	-0.0072
0.02646	15.61927	-0.0102
0.02648	15.61567	-0.0102
0.02646	15.61567	-0.0133
0.02648	15.61299	-0.0102
0.02651	15.60704	-0.0133
0.02653	15.59364	-0.0073
0.02652	15.57469	-0.0132
0.02647	15.56607	-0.0102
0.02648	15.56601	-0.0102
0.02652	15.56758	-0.0132
0.02648	15.56953	-0.0102
0.02647	15.57156	-0.0042
0.02647	15.57136	-0.0041
0.02649	15.56536	-0.0102
0.02652	15.55928	-0.0101
0.02644	15.55354	-0.0102
0.02652	15.54838	-0.0071
0.02652	15.54708	-0.0042
0.02649	15.54695	-0.0102
0.02652	15.54616	-0.0102
0.02649	15.54453	-0.0040
0.02647	15.54290	-0.0132
0.02654	15.53794	-0.0071
0.02647	15.53527	-0.0071
0.02647	15.53598	-0.0071
0.02649	15.53729	-0.0071
0.02647	15.53755	-0.0041
0.02649	15.53931	-0.0071
0.02652	15.53801	-0.0131
0.02647	15.53194	-0.0101
0.02649	15.52868	-0.0102
0.02652	15.52737	-0.0040
0.02649	15.52692	-0.0071
0.02647	15.52868	-0.0101
0.02647	15.53103	-0.0071
0.02644	15.53227	-0.0070
0.02647	15.53050	-0.0071
0.02649	15.52203	-0.0101
0.02643	15.51583	-0.0100
0.02644	15.51342	-0.0072
0.02648	15.51224	-0.0070
0.02653	15.51244	-0.0101
0.02649	15.51042	-0.0100
0.02648	15.50612	-0.0070
0.02645	15.50410	-0.0070
0.02643	15.50494	-0.0070
0.02648	15.50683	-0.0131
0.02649	15.50794	-0.0100
0.02643	15.50977	-0.0070
0.02644	15.51198	-0.0040
0.02648	15.51179	-0.0100
0.02648	15.50879	-0.0070
0.02644	15.50735	-0.0070
0.02648	15.50794	-0.0130
0.02649	15.50820	-0.0040
0.02648	15.50925	-0.0070
0.02648	15.50951	-0.0070
0.02649	15.51003	-0.0101
0.02648	15.50970	-0.0069
0.02649	15.50859	-0.0070
0.02648	15.50716	-0.0070
0.02649	15.50586	-0.0100
0.02648	15.50599	-0.0070
0.02648	15.50742	-0.0070
0.02649	15.50911	-0.0099
0.02643	15.51068	-0.0069
0.02644	15.51061	-0.0099
0.02643	15.51009	-0.0038
0.02643	15.51029	-0.0100
0.02644	15.51081	-0.0130
0.02643	15.51127	-0.0069
0.02649	15.51211	-0.0099
0.02643	15.51211	-0.0069
0.02648	15.51159	-0.0099
0.02644	15.50859	-0.0130
0.02648	15.50292	-0.0069
0.02645	15.49979	-0.0099
0.02640	15.49751	-0.0099
0.02645	15.49634	-0.0069
0.02648	15.49621	-0.0099
0.02648	15.49608	-0.0068
0.02645	15.49660	-0.0128
0.02643	15.49875	-0.0069
0.02645	15.50175	-0.0098
0.02643	15.50377	-0.0069
0.02643	15.50429	-0.0099
0.02641	15.50618	-0.0068
0.02643	15.50840	-0.0098
0.02641	15.50879	-0.0068
0.02643	15.50527	-0.0037
0.02643	15.49803	-0.0098
0.02641	15.49621	-0.0038
0.02643	15.49614	-0.0068
0.02645	15.49588	-0.0068
0.02643	15.49302	-0.0098
0.02645	15.48409	-0.0097
0.02643	15.47810	-0.0038
0.02643	15.47354	-0.0098
0.02645	15.46286	-0.0159
0.02644	15.44490	-0.0128
0.02646	15.43839	-0.0068
0.02644	15.43683	-0.0068
0.02644	15.43644	-0.0128
0.02646	15.43748	-0.0068
0.02644	15.43930	-0.0068
0.02646	15.43943	-0.0067
0.02644	15.43963	-0.0098
0.02644	15.44073	-0.0127
0.02642	15.44236	-0.0098
0.02644	15.44353	-0.0097
0.02637	15.44398	-0.0097
0.02644	15.44093	-0.0036
0.02646	15.43071	-0.0068
0.02644	15.42499	-0.0097
0.02641	15.42531	-0.0067
0.02642	15.42740	-0.0097
0.02641	15.42818	-0.0037
0.02642	15.42577	-0.0067
0.02644	15.42291	-0.0158
0.02641	15.42304	-0.0127
0.02642	15.42453	-0.0066
0.02641	15.42662	-0.0128
0.02642	15.42759	-0.0097
0.02641	15.42818	-0.0066
0.02641	15.42668	-0.0097
0.02643	15.42252	-0.0096
0.02641	15.41719	-0.0097
0.02638	15.41127	-0.0096
0.02645	15.39717	-0.0126
0.02638	15.36495	-0.0066
0.02643	15.31519	-0.0157
0.02643	15.25922	-0.0096
0.02646	15.22513	-0.0066
0.02644	15.20186	-0.0127
0.02646	15.18396	-0.0096
0.02640	15.17253	-0.0065
0.02645	15.15601	-0.0095
0.02642	15.12640	-0.0005
0.02646	15.09385	-0.0066
0.02649	15.04165	-0.0096
0.02648	14.98001	-0.0096
0.02644	14.91855	-0.0065
0.02647	14.86206	-0.0096
0.02646	14.81007	-0.0126
0.02648	14.78145	-0.0126
0.02651	14.77501	-0.0095
0.02646	14.76537	-0.0065
0.02645	14.75018	-0.0066
0.02652	14.74208	-0.0065
0.02645	14.73730	-0.0034
0.02652	14.72206	-0.0065
0.02646	14.70020	-0.0095
0.02648	14.66824	-0.0096
0.02649	14.63732	-0.0064
0.02651	14.61062	-0.0095
0.02644	14.59182	-0.0064
0.02648	14.57341	-0.0034
0.02650	14.56078	-0.0095
0.02650	14.56091	-0.0065
0.02648	14.56363	-0.0065
0.02650	14.56072	-0.0094
0.02648	14.54226	-0.0064
0.02645	14.51702	-0.0095
0.02651	14.48529	-0.0065
0.02645	14.44574	-0.0094
0.02642	14.40655	-0.0034
0.02651	14.37927	-0.0095
0.02648	14.36456	-0.0095
0.02652	14.35699	-0.0125
0.02648	14.35548	-0.0034
0.02653	14.35630	-0.0095
0.02652	14.35724	-0.0125
0.02653	14.37327	-0.0094
0.02651	14.39322	-0.0095
0.02652	14.40269	-0.0094
0.02652	14.41710	-0.0094
0.02645	14.42355	-0.0033
0.02647	14.43315	-0.0064
0.02645	14.44998	-0.0034
0.02646	14.46782	-0.0033
0.02646	14.48731	-0.0124
0.02644	14.50803	-0.0124
0.02645	14.52755	-0.0155
0.02643	14.54606	-0.0063
0.02645	14.56440	-0.0094
0.02639	14.58572	-0.0063
0.02644	14.60713	-0.0093
0.02644	14.63007	-0.0003
0.02642	14.65399	-0.0064
0.02643	14.67721	-0.0033
0.02646	14.69976	-0.0032
0.02637	14.71785	-0.0032
0.02642	14.73124	-0.0124
0.02640	14.74291	-0.0033
0.02637	14.75318	-0.0093
0.02636	14.76339	-0.0032
0.02636	14.77309	-0.0032
0.02641	14.78222	-0.0062
0.02639	14.79122	-0.0093
0.02636	14.80247	-0.0092
0.02636	14.81314	-0.0002
0.02640	14.82528	-0.0063
0.02635	14.83679	-0.0093
0.02635	14.84632	-0.0092
0.02640	14.85387	-0.0032
0.02635	14.86308	-0.0033
0.02635	14.87313	-0.0093
0.02634	14.88261	-0.0071
0.02619	14.89190	-0.0122
0.02629	14.89939	-0.0031
0.02634	14.90702	-0.0032
0.02629	14.91381	-0.0092
0.02634	14.92214	-0.0062
0.02634	14.93182	-0.0092
0.02634	14.94183	-0.0001
0.02628	14.95222	-0.0061
0.02633	14.96069	-0.0062
0.02623	14.96769	-0.0092
0.02628	14.97513	-0.0031
0.02623	14.98303	-0.0092
0.02623	14.98810	-0.0031
0.02628	14.99421	-0.0061
0.02628	15.00005	-0.0061
0.02633	15.00449	-0.0062
0.02627	15.00744	-0.0062
0.02627	15.01059	-0.0061
0.02627	15.01509	-0.0091
0.02636	15.02087	-0.0061
0.02627	15.02428	-0.0060
0.02627	15.01451	-0.0030
0.02628	14.97154	-0.0060
0.02629	14.91150	-0.0091
0.02625	14.85227	-0.0091
0.02631	14.80279	-0.0121
0.02631	14.78529	-0.0092
0.02626	14.78426	-0.0060
0.02626	14.79218	-0.0091
0.02631	14.80266	-0.0091
0.02625	14.81518	-0.0090
6.22278	14.65532	0.0454
2.30760	13.18879	0.0637
9.10186	11.73189	0.0636
0.91485	10.73278	0.0273
0.66688	10.19007	0.0092
0.53925	10.01128	0.0152
7.94501	9.92175	0.0697
24.36142	9.52649	0.1788
24.65410	9.12175	0.3332
24.91394	8.81262	0.4756
25.17543	8.58338	0.5999
25.38162	8.41955	0.7028
25.58474	8.31046	0.7754
25.81188	8.25216	0.8028
25.91654	8.25709	0.7907
25.85940	8.29264	0.7967
25.76787	8.30257	0.8149
25.79733	8.27082	0.8542
25.99860	8.24557	0.8967
26.17512	8.24943	0.9179
26.18427	8.24172	0.9270
26.23455	8.26873	0.9179
25.94498	8.33155	0.9148
25.66931	8.34460	0.8907
25.53746	8.30536	0.8634
25.51673	8.27226	0.8331
25.52848	8.24155	0.8119
25.56654	8.21189	0.7968
25.54972	8.18513	0.7877
25.57210	8.16165	0.8028
25.61118	8.14534	0.8271
25.65290	8.13300	0.8695
25.73576	8.12418	0.9149
26.06309	8.12509	0.9392
26.22155	8.15523	0.9542
26.23397	8.16352	0.9392
26.10946	8.18304	0.9271
25.81387	8.22377	0.8847
25.59433	8.23213	0.8544
25.49251	8.21183	0.8332
25.47271	8.19631	0.8241
25.50831	8.18630	0.8331
25.61336	8.18224	0.8332
25.63789	8.19412	0.8362
25.62639	8.20493	0.8332
25.45118	8.18732	0.8514
25.39863	8.15106	0.8575
25.42158	8.12050	0.8727
25.48666	8.10880	0.8969
25.72670	8.11665	0.9089
25.99406	8.14283	0.9211
26.05627	8.15160	0.9121
25.94257	8.14470	0.8999
25.65866	8.13653	0.8787
25.50503	8.11772	0.8576
25.44397	8.09610	0.8424
25.41180	8.09321	0.8424
25.41151	8.10234	0.8454
25.44193	8.11377	0.8606
25.49773	8.12851	0.8575
25.54454	8.15176	0.8606
25.51411	8.17705	0.8728
25.49058	8.18309	0.8788
25.41545	8.16421	0.8879
25.42224	8.13904	0.8910
25.46033	8.11895	0.8849
25.49920	8.11163	0.8818
25.52290	8.11842	0.8698
25.50131	8.12707	0.8576
25.35878	8.12135	0.8516
25.33651	8.10757	0.8607
25.37406	8.09679	0.8758
25.54726	8.10507	0.8849
25.75614	8.15186	0.8910
25.81933	8.18304	0.8759
25.73553	8.17769	0.8546
25.49979	8.16817	0.8487
25.40193	8.15491	0.8487
25.36524	8.13412	0.8698
25.52187	8.12050	0.8820
25.82983	8.13530	0.8941
25.94591	8.15662	0.8942
26.07309	8.17165	0.8851
26.05598	8.25516	0.8699
25.87977	8.35470	0.8578
25.67006	8.44738	0.8518
25.57737	8.49664	0.8639
25.67332	8.51492	0.8639
25.83155	8.53510	0.8700
25.90911	8.55345	0.8791
25.95196	8.55761	0.8731
25.93436	8.61912	0.8700
25.87735	8.71518	0.8610
25.79649	8.80496	0.8549
25.64648	8.85428	0.8610
25.51628	8.83894	0.8700
25.54110	8.82225	0.8852
25.72553	8.83035	0.9034
25.81688	8.83856	0.9065
25.78061	8.87953	0.8944
25.61853	9.05513	0.8763
25.46736	9.24740	0.8611
25.32978	9.36475	0.8550
25.21826	9.41257	0.8642
25.19039	9.42129	0.8672
25.26737	9.42891	0.8733
25.33815	9.44134	0.8764
25.35470	9.44200	0.8703
25.34499	9.45316	0.8734
25.30458	9.49794	0.8642
25.24922	9.56011	0.8674
25.19866	9.61649	0.8613
25.16569	9.65935	0.8643
25.15085	9.68136	0.8704
25.14570	9.68085	0.8735
25.13305	9.67385	0.8796
25.08116	9.66852	0.8797
25.03051	9.66035	0.8767
25.00322	9.66169	0.8737
25.00829	9.64791	0.8767
25.04586	9.60019	0.8737
25.09127	9.54410	0.8737
25.12723	9.49617	0.8768
25.14539	9.45692	0.8768
25.15688	9.43074	0.8677
25.16203	9.42665	0.8617
25.16948	9.42566	0.8648
25.19156	9.41186	0.8648
25.21376	9.39707	0.8648
25.23254	9.38642	0.8739
25.20528	9.38372	0.8710
25.18107	9.39425	0.8680
25.16924	9.41737	0.8679
25.16760	9.42908	0.8740
25.17827	9.42058	0.8741
25.18840	9.40656	0.8833
25.19303	9.39403	0.8863
25.19371	9.38603	0.8863
25.18724	9.38471	0.8864
25.17690	9.38730	0.8864
25.16609	9.39475	0.8804
25.15663	9.40054	0.8743
25.15445	9.40441	0.8683
25.15625	9.40970	0.8532
25.16761	9.40959	0.8471
25.19666	9.40887	0.8442
25.22995	9.40021	0.8563
25.23211	9.39238	0.8715
25.22478	9.39001	0.8746
25.19740	9.40269	0.8776
25.16612	9.41947	0.8746
25.14845	9.43924	0.8807
25.14599	9.44626	0.8869
25.15844	9.43201	0.8960
25.16993	9.40860	0.8991
25.17289	9.38306	0.8961
25.17323	9.37997	0.8991
25.17504	9.38719	0.8780
25.19997	9.36618	0.8629
25.22468	9.34287	0.8478
25.24391	9.32844	0.8418
25.25828	9.32134	0.8418
25.26966	9.31880	0.8509
25.27458	9.31776	0.8570
25.26318	9.32106	0.8691
25.24688	9.33323	0.8815
25.23593	9.34992	0.8904
25.21886	9.37886	0.8905
25.20216	9.40143	0.9117
25.19079	9.41837	0.9088
25.17951	9.43819	0.9119
25.17529	9.44355	0.9059
25.17249	9.44797	0.8878
25.17071	9.45327	0.8665
25.16955	9.45769	0.8484
25.16978	9.46206	0.8334
25.17583	9.46239	0.8274
25.18590	9.46526	0.8243
25.19993	9.46676	0.8456
25.21104	9.46355	0.8669
25.21849	9.46079	0.8881
25.19943	9.46360	0.9002
25.17874	9.47626	0.9184
25.15973	9.48848	0.9246
25.13914	9.50851	0.9307
25.12272	9.51742	0.9218
25.11254	9.51725	0.8974
25.10880	9.50878	0.8673
25.12363	9.49069	0.8401
25.17090	9.47378	0.8310
25.18919	9.46609	0.8401
25.20311	9.46272	0.8584
25.20507	9.46344	0.8705
25.18998	9.46687	0.8828
25.16078	9.46952	0.8828
25.12973	9.48163	0.8737
25.09943	9.50259	0.8708
25.09093	9.51282	0.8739
25.09736	9.50906	0.8920
25.11112	9.49606	0.9042
25.12004	9.48096	0.9043
25.12337	9.46775	0.9043
25.10595	9.46819	0.8892
25.07606	9.48080	0.8832
25.06257	9.48528	0.8802
25.06319	9.48279	0.8712
25.06734	9.47803	0.8652
25.07010	9.47140	0.8592
25.06420	9.46786	0.8502
25.06861	9.47035	0.8381
25.11071	9.47079	0.8503
25.08200	9.46874	0.9352
23.74944	9.34425	1.0988
22.74733	9.03534	1.2958
22.47697	8.72624	1.4957
22.41834	8.47992	1.6927
22.59439	8.30311	1.9048
22.81441	8.18229	2.1078
23.03899	8.09695	2.3290
23.17721	8.03715	2.5834
23.24678	7.99470	2.8500
23.92559	7.96622	3.1288
25.69596	7.95946	3.4287
26.86229	7.96798	3.7195
27.16497	7.98006	4.0104
27.30422	7.98740	4.3011
27.38768	7.98985	4.5951
27.43515	7.98671	4.8769
27.46478	7.97904	5.1798
27.48997	7.96877	5.4646
27.50879	7.95925	5.7281
27.52748	7.95260	6.0129
27.53435	7.94755	6.2916
27.54815	7.94212	6.5583
27.56039	7.93654	6.8309
27.56950	7.93096	7.1218
27.57338	7.92660	7.4005
27.57823	7.92261	7.6792
27.57135	7.91284	7.9639
27.57948	7.89897	8.2366
27.58965	7.88665	8.5214
27.60256	7.87858	8.8001
27.60950	7.87274	9.0850
27.61679	7.86568	9.3606
27.63644	7.85926	9.6304
27.65028	7.85528	9.9089
27.66282	7.85342	10.1785
27.67692	7.85506	10.4513
27.67650	7.85506	10.7269
27.65987	7.84307	11.0087
27.65056	7.81778	11.2904
27.63306	7.77878	11.5692
27.62972	7.72427	11.8327
27.65408	7.67200	12.0964
27.67256	7.63145	12.3690
27.68814	7.60181	12.6356
27.70304	7.58025	12.9082
27.70806	7.56581	13.1779
27.71436	7.55585	13.4626
27.72181	7.54827	13.7353
27.72746	7.54327	14.0020
27.73082	7.53948	14.2655
27.73436	7.53632	14.5351
27.74448	7.53221	14.8109
27.75070	7.52658	15.0804
27.75714	7.51916	15.3592
27.76669	7.50937	15.6197
27.77700	7.49991	15.8833
27.78499	7.49112	16.1529
27.79394	7.48250	16.4044
27.80070	7.47351	16.6741
27.80977	7.46473	16.9436
27.81602	7.45759	17.2253
27.81794	7.44587	17.4919
27.81798	7.41857	17.7586
27.81831	7.38347	18.0100
27.83396	7.34635	18.2828
27.85777	7.31430	18.5554
27.87141	7.28813	18.8130
27.87278	7.25967	19.0734
27.86932	7.22403	19.3279
27.88997	7.18565	19.6037
27.91616	7.15356	19.8491
27.93773	7.12864	20.1036
27.96454	7.10186	20.3581
28.01750	7.07734	20.6125
28.13672	7.06994	20.8761
28.22341	7.08332	21.1397
28.26746	7.10098	21.3942
28.29461	7.12161	21.6486
28.30459	7.14079	21.9092
28.34906	7.16269	22.1697
28.49446	7.20966	22.4182
28.64673	7.28990	22.6727
28.76832	7.39988	22.9271
28.83546	7.51506	23.1726
28.86752	7.62100	23.4270
28.91524	7.71586	23.6725
28.98955	7.80273	23.9148
29.03654	7.88075	24.1663
29.05616	7.94792	24.4118
29.08069	8.00401	24.6631
29.09932	8.05022	24.9024
29.11699	8.09012	25.1570
29.13689	8.12632	25.3993
29.16352	8.15972	25.6508
29.17945	8.19048	25.9023
29.19225	8.21590	26.1538
29.20738	8.23518	26.4083
29.24477	8.25018	26.6960
29.24956	8.26224	26.9535
29.25037	8.27162	27.2020
29.29231	8.27800	27.4382
29.31707	8.28256	27.6867
29.34875	8.28583	27.9291
29.37181	8.28798	28.1714
29.40168	8.28921	28.4168
29.44175	8.28948	28.6653
29.48456	8.28889	28.9076
29.52653	8.28717	29.1621
29.56865	8.28395	29.4045
29.60725	8.27966	29.6468
29.64225	8.27387	29.8984
29.67686	8.26605	30.1437
29.71496	8.25511	30.3921
29.76425	8.24086	30.6316
29.81911	8.22147	30.8830
29.88464	8.19604	31.1223
29.93166	8.16849	31.3768
29.96213	8.14155	31.6222
29.99438	8.11767	31.8586
30.01906	8.09759	32.0948
30.04022	8.08051	32.3221
30.05813	8.06467	32.5585
30.08461	8.04894	32.7917
30.10440	8.03337	33.0219
30.12665	8.01845	33.2460
30.14572	8.00465	33.4855
30.16040	7.99273	33.7066
30.17359	7.98314	33.9430
30.18010	7.97585	34.1853
30.18779	7.97053	34.4156
30.19688	7.96691	34.6579
30.19975	7.96414	34.9003
30.20491	7.96175	35.1518
30.20793	7.95957	35.3941
30.21050	7.95813	35.6396
30.21821	7.95521	35.9001
30.22980	7.94680	36.1576
30.24380	7.93564	36.3940
30.26476	7.92346	36.6302
30.28390	7.90789	36.8666
30.29954	7.89344	37.0938
30.31419	7.88043	37.3301
30.32449	7.86807	37.5665
30.34001	7.85634	37.8028
30.35354	7.84541	38.0481
30.36739	7.83305	38.2816
30.38094	7.82038	38.5177
30.39293	7.80935	38.7570
30.40323	7.79997	38.9994
30.41174	7.79197	39.2418
30.41927	7.78540	39.4751
30.42602	7.77868	39.7114
30.43481	7.77142	39.9416
30.44758	7.76104	40.1749
30.46652	7.74511	40.4143
30.48996	7.72406	40.6445
30.51182	7.70153	40.8778
30.53315	7.68114	41.1082
30.54950	7.66455	41.3412
30.55940	7.65225	41.5777
30.56839	7.64280	41.8141
30.57511	7.63578	42.0443
30.58098	7.63087	42.2683
30.58500	7.62723	42.4956
30.58643	7.62443	42.7320
30.58744	7.62195	42.9835
30.58883	7.61921	43.2076
30.59067	7.61700	43.4469
30.59356	7.61510	43.6802
30.59376	7.61399	43.9226
30.59416	7.61304	44.1620
30.59648	7.61104	44.4013
30.60054	7.60697	44.6406
30.60802	7.59949	44.8769
30.61548	7.59089	45.0980
30.62474	7.58251	45.3314
30.63249	7.57466	45.5467
30.63824	7.56802	45.7707
30.64472	7.56244	45.9948
30.65042	7.55654	46.2071
30.65843	7.54885	46.4221
30.66880	7.53916	46.6433
30.68117	7.52653	46.8825
30.69513	7.51243	47.1008
30.70937	7.49838	47.3219
30.72388	7.48471	47.5491
30.73957	7.46957	47.7794
30.75597	7.45312	48.0005
30.77678	7.43463	48.2308
30.79638	7.41505	48.4609
30.81454	7.39705	48.6822
30.83126	7.38069	48.8972
30.84352	7.36574	49.1215
30.85947	7.34839	49.3366
30.87497	7.32760	49.5608
30.89718	7.30409	49.7759
30.91652	7.28195	49.9879
30.93493	7.26229	50.2092
30.94984	7.24409	50.4273
30.96612	7.22842	50.6455
30.97571	7.21536	50.8665
30.98698	7.20267	51.0999
30.99618	7.19118	51.3240
31.00364	7.18163	51.5483
31.01194	7.17302	51.7784
31.01976	7.16420	51.9997
31.02706	7.15544	52.2118
31.03585	7.14532	52.4361
31.04799	7.12843	52.6571
31.06605	7.10243	52.8934
31.09455	7.06563	53.1117
31.13134	7.02297	53.3297
31.15888	6.98437	53.5447
31.18458	6.95016	53.7659
31.21022	6.91447	53.9963
31.23308	6.87974	54.2204
31.25731	6.84935	54.4447
31.27475	6.82316	54.6779
31.28891	6.79994	54.9052
31.30418	6.77854	55.1414
31.31816	6.75896	55.3686
31.32721	6.74351	55.5867
31.33458	6.73133	55.8048
31.34209	6.72085	56.0260
31.34692	6.71146	56.2472
31.35276	6.70176	56.4774
31.35919	6.69315	56.6987
31.35941	6.68737	56.9287
31.36082	6.68098	57.1530
31.36055	6.67397	57.3802
31.35739	6.66211	57.6075
31.36335	6.64073	57.8436
31.37848	6.61432	58.0832
31.39381	6.58808	58.3164
31.41293	6.56144	58.5497
31.42933	6.53836	58.7860
31.44806	6.51900	59.0161
31.46058	6.50446	59.2586
31.47154	6.49363	59.4887
31.48214	6.48527	59.7190
31.48444	6.47829	59.9461
31.48669	6.47218	60.1856
31.48918	6.46752	60.4248
31.49067	6.46326	60.6611
31.48997	6.45813	60.9127
31.48922	6.45090	61.1581
31.48727	6.44142	61.4397
31.49826	6.42789	61.7093
31.51427	6.41339	61.9578
31.52729	6.39910	62.2123
31.54074	6.38553	62.4666
31.55204	6.37386	62.7151
31.56065	6.36414	62.9666
31.56730	6.35580	63.2119
31.57182	6.34894	63.4603
31.57435	6.34357	63.7147
31.57650	6.33861	63.9752
31.57773	6.33427	64.2449
31.59189	6.32890	64.5145
31.60588	6.32092	64.7720
31.61778	6.31188	65.0325
31.62643	6.30457	65.2990
31.63245	6.29869	65.5717
31.63555	6.29374	65.8443
31.64008	6.28991	66.1199
31.64388	6.28664	66.3957
31.64847	6.28230	66.6592
31.65237	6.27760	66.9257
31.65537	6.27321	67.1923
31.66096	6.26862	67.4618
31.67581	6.26387	67.7376
31.68708	6.25841	68.0162
31.69876	6.25295	68.2948
31.70411	6.24810	68.5644
31.70518	6.24320	68.8461
31.70840	6.23805	69.1368
31.71787	6.23188	69.4248
31.72446	6.22606	69.7064
31.72910	6.22132	69.9790
31.72058	6.21632	70.2518
31.72652	6.20083	70.5365
31.74575	6.18090	70.8211
31.75879	6.16460	71.1000
31.76859	6.15182	71.4209
31.77725	6.14307	71.7299
31.77786	6.13727	72.0267
31.78004	6.13177	72.3114
31.77636	6.12607	72.6023
31.78118	6.11900	72.8900
31.78724	6.11305	73.1686
31.78998	6.10969	73.4563
31.78738	6.10761	73.7412
31.78787	6.10481	74.0290
31.78205	6.10161	74.3106
31.78441	6.09571	74.5984
31.78433	6.08992	74.8832
31.78732	6.08407	75.1710
31.79230	6.07818	75.4526
31.79676	6.07335	75.7404
31.79851	6.07030	76.0253
31.80206	6.06776	76.3249
31.80536	6.06623	76.6128
31.80608	6.06354	76.9128
31.81165	6.05856	77.2035
31.82453	6.05359	77.4851
31.82911	6.05216	77.7700
31.83523	6.05161	78.0547
31.84195	6.04871	78.3303
31.85039	6.04297	78.5968
31.85594	6.03840	78.8665
31.86316	6.03520	79.1422
31.87297	6.03175	79.4178
31.87705	6.02764	79.6904
31.88157	6.02196	79.9751
31.89200	6.01683	80.2537
31.90443	6.01353	80.5356
31.90866	6.01206	80.8201
31.91264	6.01166	81.0928
31.91855	6.00876	81.3685
31.92374	6.00318	81.6623
31.93092	5.99826	81.9802
31.93476	5.99507	82.2771
31.93800	5.99223	82.5468
31.94340	5.99025	82.8195
31.94995	5.98888	83.0981
31.95246	5.98858	83.3768
31.95545	5.98812	83.6553
31.95588	5.98650	83.9371
31.95772	5.98330	84.2097
31.95937	5.97930	84.4733
31.95944	5.97484	84.7456
31.95299	5.96972	85.0245
31.94759	5.96100	85.2910
31.94526	5.94762	85.5789
31.93159	5.93167	85.8635
31.92616	5.90823	86.1332
31.95575	5.87761	86.4270
31.97712	5.85304	86.6996
31.99610	5.83535	86.9601
32.00933	5.82308	87.2327
32.02035	5.81505	87.5053
32.03298	5.80995	87.7658
32.04704	5.80606	88.0232
32.02942	5.80171	88.2868
32.03027	5.78824	88.5414
32.03680	5.77037	88.8107
32.05162	5.75368	89.0804
32.06254	5.74168	89.3500
32.06679	5.73245	89.6316
32.06613	5.72267	89.9196
32.06153	5.70988	90.2012
32.06988	5.69255	90.4646
32.08138	5.67498	90.7343
32.08894	5.65877	91.0129
32.10622	5.64051	91.2584
32.12279	5.62462	91.5157
32.13256	5.61366	91.7792
32.13949	5.60663	92.0579
32.14416	5.60195	92.3458
32.14824	5.59848	92.6184
32.15208	5.59587	92.8819
32.15439	5.59331	93.1546
32.15650	5.59170	93.4271
32.15835	5.59065	93.6937
32.16008	5.58994	93.9572
32.16257	5.58844	94.2389
32.16714	5.58462	94.5055
32.17192	5.57985	94.7659
32.17354	5.57518	95.0262
32.16914	5.56970	95.2898
32.17168	5.55946	95.5474
32.17748	5.54691	95.8109
32.18739	5.53467	96.0713
32.19601	5.52443	96.3350
32.20147	5.51656	96.5985
32.20611	5.51004	96.8712
32.20785	5.50423	97.1314
32.22090	5.49470	97.4132
32.23344	5.48302	97.6859
32.24267	5.47355	97.9586
32.25086	5.46664	98.2189
32.25658	5.46128	98.4825
32.26081	5.45602	98.7430
32.26599	5.44991	99.0067
32.27314	5.44365	99.2671
32.28036	5.43740	99.5306
32.29088	5.43164	99.8031
32.30302	5.42508	100.0667
32.31101	5.41818	100.3272
32.32649	5.41297	100.5969
32.34532	5.40817	100.8512
32.35571	5.40287	101.1177
32.36232	5.39872	101.3932
32.36549	5.39602	101.6660
32.36724	5.39442	101.9687
32.36874	5.39337	102.2656
32.37059	5.39277	102.5414
32.37114	5.39257	102.8049
32.37330	5.39252	103.0896
32.38138	5.39282	103.3621
32.38717	5.39447	103.6316
32.39539	5.39747	103.8953
32.40610	5.40197	104.1494
32.40610	5.40737	104.4071
32.41647	5.41207	104.6766
32.43204	5.41883	104.9219
32.42879	5.42839	105.1886
32.42683	5.43624	105.4552
32.42318	5.44170	105.7307
32.42201	5.44526	105.9942
32.43016	5.44766	106.2729
32.43220	5.45181	106.5454
32.42843	5.45622	106.8332
32.42835	5.45923	107.0997
32.43133	5.46183	107.3695
32.43337	5.46489	107.6327
32.43768	5.46844	107.8872
32.45195	5.47340	108.1477
32.47927	5.48252	108.4113
32.46967	5.49661	108.6718
32.46018	5.50738	108.9382
32.45473	5.51355	109.1988
32.45245	5.51686	109.4805
32.45142	5.51852	109.7650
32.44960	5.51917	110.0408
32.45191	5.51882	110.3165
32.45474	5.51887	110.5952
32.45463	5.51957	110.8675
32.45473	5.52042	111.1372
32.45535	5.52102	111.4035
32.45494	5.52168	111.6883
32.45412	5.52208	111.9913
32.45632	5.52243	112.2610
32.45870	5.52303	112.5242
32.45984	5.52418	112.7879
32.45819	5.52539	113.0606
32.45881	5.52499	113.3090
32.46018	5.52393	113.5813
32.46063	5.52318	113.8600
32.45919	5.52243	114.1387
32.45483	5.52112	114.4144
32.45026	5.51786	114.6868
32.45003	5.51165	114.9534
32.45347	5.50387	115.2200
32.45940	5.49635	115.5018
32.46120	5.49079	115.7682
32.46163	5.48628	116.0256
32.46353	5.48207	116.2922
32.46609	5.47856	116.5466
32.46731	5.47616	116.7951
32.46862	5.47415	117.0645
32.46879	5.47290	117.3221
32.46853	5.47195	117.5825
32.46818	5.47080	117.8461
32.47007	5.46944	118.1004
32.47269	5.46834	118.3579
32.47266	5.46809	118.6245
32.47133	5.46774	118.8879
32.46958	5.46694	119.1484
32.46880	5.46544	119.4089
32.46903	5.46368	119.6633
32.46500	5.46168	119.9300
32.46398	5.45868	120.1934
32.46665	5.45477	120.4418
32.45835	5.45151	120.7081
32.43392	5.44480	120.9687
32.40513	5.42879	121.2382
32.42729	5.40292	121.5411
32.44872	5.38162	121.8381
32.46269	5.36952	122.0954
32.46956	5.36302	122.3497
32.46718	5.35968	122.6042
32.46553	5.35558	122.8587
32.47295	5.35063	123.0979
32.47940	5.34669	123.3495
32.48429	5.34434	123.6067
32.48673	5.34344	123.8582
32.48775	5.34334	124.1217
32.48857	5.34374	124.3912
32.49225	5.34439	124.6457
32.49429	5.34499	124.9031
32.49521	5.34609	125.1696
32.50040	5.34729	125.4301
32.49999	5.34953	125.6905
32.49743	5.35183	125.9448
32.49700	5.35323	126.2024
32.49617	5.35433	126.4569
32.49541	5.35498	126.7141
32.49577	5.35513	126.9687
32.49586	5.35528	127.2201
32.49528	5.35538	127.4714
32.49666	5.35528	127.7350
32.49734	5.35553	127.9986
32.49712	5.35563	128.2619
32.49919	5.35568	128.5193
32.50287	5.35503	128.7738
32.50474	5.35478	129.0344
32.51000	5.35453	129.2948
32.51575	5.35443	129.5370
32.51823	5.35408	129.7793
32.52408	5.35308	130.0249
32.52902	5.35243	130.2760
32.53409	5.35238	130.5276
32.53901	5.35248	130.8002
32.54194	5.35323	131.0936
32.54314	5.35448	131.3603
32.54238	5.35563	131.6205
32.54280	5.35653	131.8631
32.54294	5.35698	132.1326
32.54296	5.35748	132.3929
32.54395	5.35778	132.6447
32.54511	5.35798	132.9110
32.54561	5.35828	133.1594
32.54658	5.35853	133.4228
32.54807	5.35868	133.6741
32.54994	5.35873	133.9225
32.55487	5.35883	134.1618
32.56290	5.35908	134.4041
32.56523	5.36033	134.6525
32.56669	5.36152	134.9130
32.56724	5.36257	135.1643
32.56748	5.36357	135.4096
32.56953	5.36387	135.6701
32.57492	5.36422	135.9276
32.61609	5.36592	136.1819
32.63603	5.37677	136.4333
32.63658	5.39167	136.6938
32.62925	5.40372	136.9481
32.62333	5.41142	137.1934
32.62060	5.41593	137.4357
32.61851	5.41788	137.6812
32.61632	5.41828	137.9113
32.61263	5.41738	138.1506
32.61409	5.41503	138.4019
32.62010	5.41292	138.6564
32.63602	5.41237	138.8955
32.64417	5.41453	139.1472
32.65350	5.41728	139.4073
32.65646	5.42113	139.6649
32.65484	5.42513	139.9345
32.65402	5.42794	140.2102
32.65550	5.43019	140.4766
32.66110	5.43214	140.7311
32.66508	5.43459	140.9730
32.66362	5.43735	141.2276
32.66321	5.43945	141.4729
32.66445	5.44095	141.7273
32.66571	5.44235	141.9757
32.66532	5.44335	142.2269
32.66580	5.44410	142.4755
32.66686	5.44470	142.7207
32.66683	5.44490	142.9691
32.66663	5.44490	143.2264
32.66667	5.44480	143.4778
32.66625	5.44445	143.7443
32.66800	5.44390	143.9957
32.67107	5.44380	144.2501
32.67298	5.44425	144.5045
32.67256	5.44521	144.7680
32.67122	5.44581	145.0163
32.67061	5.44536	145.2677
32.67007	5.44455	145.5250
32.67111	5.44335	145.7734
32.67510	5.44195	146.0217
32.68428	5.44095	146.2732
32.69490	5.44085	146.5244
32.69756	5.44190	146.7727
32.69913	5.44335	147.0211
32.69919	5.44455	147.2543
32.70280	5.44571	147.5210
32.70949	5.44726	147.7812
32.71548	5.44981	148.0448
32.71499	5.45272	148.3083
32.71297	5.45502	148.5626
32.71363	5.45667	148.8201
32.71382	5.45772	149.0773
32.71407	5.45843	149.3318
32.71398	5.45888	149.6195
32.71377	5.45918	149.8892
32.71380	5.45938	150.1434
32.71563	5.45948	150.3795
32.71898	5.45983	150.6340
32.72318	5.46038	150.8974
32.72532	5.46123	151.1641
32.72566	5.46213	151.4184
32.72525	5.46278	151.6667
32.72508	5.46318	151.9363
32.72451	5.46363	152.2027
32.72469	5.46368	152.4601
32.72512	5.46383	152.7114
32.72495	5.46388	152.9658
32.72553	5.46388	153.2233
32.72730	5.46403	153.4778
32.73075	5.46429	153.7229
32.73190	5.46479	153.9652
32.73325	5.46559	154.2256
32.73437	5.46619	154.4860
32.73527	5.46694	154.7494
32.73766	5.46754	155.0160
32.73943	5.46804	155.2946
32.74094	5.46854	155.5399
32.74266	5.46874	155.8124
32.74360	5.46909	156.0789
32.74643	5.46924	156.3272
32.74827	5.46970	156.5787
32.74968	5.47030	156.8209
32.75172	5.47090	157.0661
32.75062	5.47190	157.3175
32.75087	5.47260	157.5687
32.75035	5.47330	157.8231
32.75069	5.47355	158.0716
32.75669	5.47400	158.3167
32.76095	5.47521	158.5923
32.76042	5.47706	158.8649
32.75985	5.47851	159.1647
32.76026	5.47946	159.4463
32.76177	5.48017	159.7218
32.76101	5.48082	159.9730
32.76110	5.48132	160.2275
32.76205	5.48167	160.4821
32.76222	5.48202	160.7302
32.76296	5.48222	160.9784
32.76285	5.48257	161.2268
32.76314	5.48287	161.4783
32.76387	5.48307	161.7416
32.76429	5.48337	162.0051
32.76431	5.48372	162.2837
32.76624	5.48377	162.5592
32.76842	5.48423	162.8226
32.76951	5.48508	163.0860
32.77157	5.48573	163.3405
32.77106	5.48648	163.6038
32.77058	5.48713	163.8612
32.77157	5.48743	164.1186
32.77177	5.48783	164.3642
32.77211	5.48808	164.6094
32.77181	5.48849	164.8517
32.77163	5.48869	165.1061
32.77199	5.48884	165.3662
32.77181	5.48889	165.6360
32.77289	5.48909	165.8963
32.77478	5.48919	166.1566
32.77570	5.48949	166.4170
32.77584	5.48994	166.6835
32.77680	5.49024	166.9956
32.77819	5.49074	167.3312
32.77986	5.49134	167.6372
32.78108	5.49204	167.9159
32.78139	5.49275	168.1823
32.78162	5.49340	168.4336
32.78247	5.49385	168.6910
32.78384	5.49440	168.9756
32.78417	5.49500	169.2510
32.78487	5.49560	169.5176
32.78584	5.49620	169.7780
32.78659	5.49676	170.0325
32.78703	5.49726	170.2987
32.78785	5.49766	170.5652
32.78932	5.49826	170.8316
32.79042	5.49866	171.0892
32.79142	5.49931	171.3523
32.79217	5.49986	171.6129
32.79180	5.50047	171.8822
32.79247	5.50067	172.1246
32.79236	5.50102	172.3697
32.79241	5.50122	172.6030
32.79324	5.50132	172.8576
32.79451	5.50162	173.1147
32.79449	5.50187	173.3812
32.79411	5.50212	173.6507
32.79490	5.50227	173.8991
32.79462	5.50242	174.1714
32.79480	5.50247	174.4287
32.79488	5.50262	174.6771
32.79537	5.50272	174.9284
32.79648	5.50282	175.1828
32.79682	5.50307	175.4461
32.79882	5.50342	175.6945
32.79944	5.50367	175.9548
32.79944	5.50428	176.1912
32.79937	5.50458	176.4424
32.79976	5.50478	176.7030
32.79950	5.50498	176.9693
32.79956	5.50508	177.2234
32.79974	5.50513	177.4777
32.80081	5.50528	177.7262
32.78591	5.50553	177.9714
32.80184	5.50578	178.2167
32.80248	5.50608	178.4862
32.80303	5.50638	178.7675
32.80326	5.50673	179.0493
32.80323	5.50698	179.3187
32.80331	5.50713	179.5732
32.80405	5.50733	179.8243
32.80484	5.50748	180.0818
32.80691	5.50768	180.3512
32.80786	5.50804	180.5966
32.80787	5.50854	180.8541
32.80857	5.50879	181.0901
32.80917	5.50914	181.3322
32.81026	5.50934	181.5867
32.81073	5.50974	181.8348
32.81247	5.50999	182.1012
32.81370	5.51034	182.3527
32.81405	5.51094	182.6039
32.81278	5.51140	182.8614
32.81387	5.51160	183.1125
32.81350	5.51185	183.3729
32.81353	5.51205	183.6273
32.81310	5.51200	183.8757
32.81323	5.51210	184.1239
32.81386	5.51205	184.3781
32.81365	5.51215	184.6204
32.81383	5.51220	184.8656
32.81361	5.51230	185.1050
32.81384	5.51230	185.3653
32.81396	5.51235	185.6015
32.81434	5.51255	185.8556
32.81391	5.51250	186.1039
32.81439	5.51260	186.3643
32.81506	5.51250	186.6338
32.81592	5.51280	186.8882
32.81668	5.51305	187.1425
32.81677	5.51320	187.3785
32.81720	5.51335	187.6270
32.81744	5.51370	187.8721
32.81767	5.51370	188.1386
32.81769	5.51390	188.4079
32.81843	5.51410	188.6622
32.82021	5.51425	188.9017
32.82111	5.51465	189.1406
32.82099	5.51501	189.4011
32.82128	5.51531	189.6675
32.82095	5.51551	189.9338
32.82102	5.51566	190.2031
32.82098	5.51586	190.4547
32.82121	5.51586	190.7212
32.82138	5.51591	190.9782
32.82283	5.51611	191.2357
32.82622	5.51641	191.4899
32.82697	5.51696	191.7351
32.82801	5.51751	191.9774
32.82845	5.51801	192.2254
32.82850	5.51857	192.4740
32.82858	5.51872	192.7344
32.82975	5.51912	192.9947
32.83033	5.51947	193.2732
32.83031	5.51972	193.5365
32.83108	5.52002	193.8062
32.83131	5.52022	194.0814
32.83228	5.52047	194.3570
32.83356	5.52082	194.6264
32.83415	5.52117	194.8897
32.83462	5.52158	195.1473
32.83491	5.52188	195.3894
32.83520	5.52218	195.6526
32.83599	5.52233	195.8981
32.83747	5.52278	196.1463
32.83861	5.52293	196.4004
32.83916	5.52333	196.6457
32.83934	5.52373	196.9062
32.83920	5.52403	197.1666
32.83957	5.52423	197.4479
32.83942	5.52454	197.7446
32.84026	5.52469	198.0322
32.84099	5.52489	198.2986
32.84107	5.52504	198.5471
32.84075	5.52524	198.8070
32.84063	5.52524	199.0555
32.84086	5.52524	199.2977
32.84123	5.52539	199.5459
32.84212	5.52544	199.7789
32.84286	5.52564	200.0362
32.84334	5.52574	200.2847
32.84373	5.52594	200.5418
32.84505	5.52619	200.7962
32.84574	5.52644	201.0536
32.84619	5.52694	201.3018
32.84600	5.52714	201.5621
32.84650	5.52744	201.8163
32.84661	5.52749	202.0646
32.84700	5.52770	202.3158
32.84698	5.52795	202.5643
32.84752	5.52800	202.8062
32.84761	5.52815	203.0486
32.84815	5.52820	203.2878
32.84889	5.52840	203.5300
32.85083	5.52875	203.7722
32.85214	5.52910	204.0082
32.85292	5.52955	204.2531
32.85281	5.52990	204.4865
32.85296	5.53035	204.7255
32.85511	5.53055	204.9650
32.85456	5.53101	205.2041
32.85471	5.53131	205.4461
32.85476	5.53156	205.7035
32.85449	5.53171	205.9488
32.85463	5.53181	206.1907
32.85442	5.53191	206.4241
32.85464	5.53191	206.6876
32.85472	5.53206	206.9478
32.85494	5.53206	207.2021
32.85534	5.53226	207.4441
32.85502	5.53246	207.6773
32.85651	5.53256	207.9074
32.85604	5.53291	208.1676
32.85744	5.53316	208.4099
32.85747	5.53336	208.6522
32.85842	5.53372	208.8973
32.85283	5.53397	209.1456
32.86171	5.53437	209.3815
32.86501	5.53477	209.6268
32.86527	5.53547	209.8660
32.86652	5.53617	210.0960
32.86687	5.53678	210.3411
32.86772	5.53723	210.5682
32.86991	5.53768	210.8165
32.87236	5.53823	211.0615
32.87292	5.53898	211.3038
32.87282	5.53969	211.5490
32.87296	5.54014	211.7911
32.87301	5.54069	212.0333
32.87340	5.54089	212.2814
32.87402	5.54114	212.5210
32.87411	5.54129	212.7656
32.87440	5.54159	213.0048
32.87404	5.54184	213.2382
32.87419	5.54194	213.4711
32.87427	5.54209	213.7104
32.87438	5.54214	213.9586
32.87423	5.54225	214.2130
32.87452	5.54220	214.4489
32.87705	5.54230	214.7033
32.87870	5.54265	214.9484
32.87915	5.54315	215.1995
32.87879	5.54375	215.4480
32.87945	5.54395	215.7264
32.87962	5.54435	216.0047
32.88046	5.54445	216.2590
32.88004	5.54475	216.5040
32.88043	5.54496	216.7464
32.88088	5.54511	216.9856
32.88159	5.54526	217.2368
32.88188	5.54556	217.4878
32.88161	5.54571	217.7330
32.88149	5.54571	217.9783
32.88183	5.54596	218.2234
32.88202	5.54601	218.4629
32.88241	5.54621	218.7048
32.88254	5.54631	218.9563
32.88232	5.54641	219.2103
32.88251	5.54646	219.4375
32.88239	5.54646	219.6918
32.88252	5.54656	219.9337
32.88260	5.54671	220.1851
32.88311	5.54671	220.4393
32.88395	5.54681	220.7024
32.88403	5.54696	220.9568
32.88361	5.54726	221.2140
32.88393	5.54716	221.4653
32.88427	5.54741	221.7194
32.88530	5.54731	221.9736
32.88493	5.54756	222.2311
32.88541	5.54767	222.4851
32.88514	5.54782	222.7333
32.88497	5.54787	222.9877
32.88509	5.54797	223.2510
32.88546	5.54812	223.5053
32.88563	5.54817	223.7656
32.88681	5.54842	224.0257
32.88740	5.54862	224.2982
32.88783	5.54877	224.5645
32.89060	5.54897	224.8522
32.89097	5.54952	225.1547
32.89013	5.54987	225.4483
32.89132	5.55033	225.7267
32.89329	5.55063	225.9991
32.89437	5.55118	226.2806
32.89490	5.55158	226.5621
32.89461	5.55203	226.8312
32.89564	5.55228	227.1069
32.89632	5.55253	227.3882
32.89654	5.55288	227.6789
32.89651	5.55314	227.9633
32.89683	5.55339	228.2508
32.89783	5.55359	228.5413
32.89981	5.55394	228.8320
32.90084	5.55419	229.1196
32.90362	5.55474	229.4098
32.90559	5.55539	229.6911
32.90046	5.55625	229.9700
32.90740	5.55695	230.2573
32.91098	5.55770	230.5237
32.91245	5.55851	230.8081
32.91244	5.55946	231.1017
32.91302	5.56016	231.3862
32.91279	5.56062	231.6710
32.91346	5.56087	231.9732
32.91572	5.56122	232.2668
32.91615	5.56172	232.5542
32.91726	5.56217	232.8540
32.91970	5.56277	233.1506
32.92146	5.56328	233.4533
32.92199	5.56403	233.7586
32.92464	5.56478	234.0525
32.92544	5.56554	234.3611
32.92692	5.56604	234.6666
32.92818	5.56669	234.9662
32.92780	5.56729	235.2720
32.92715	5.56779	235.5895
32.92696	5.56820	235.9014
32.92751	5.56820	236.2068
32.92702	5.56855	236.5186
32.92686	5.56855	236.8271
32.92697	5.56865	237.1299
32.92718	5.56865	237.4204
32.92734	5.56870	237.7080
32.92670	5.56885	237.9983
32.92722	5.56875	238.2889
32.92707	5.56890	238.5856
32.92764	5.56890	238.8639
32.92846	5.56900	239.1513
32.92827	5.56905	239.4299
32.93026	5.56935	239.6779
32.93309	5.56960	239.8714
32.93358	5.57041	240.0078
32.93324	5.57071	240.0988
32.93288	5.57106	240.1381
32.93251	5.57141	240.1867
32.93234	5.57156	240.2382
32.93272	5.57186	240.2957
32.93174	5.57211	240.3564
32.93176	5.57206	240.4232
32.93192	5.57186	240.4897
32.93194	5.57181	240.5446
32.93237	5.57171	240.5990
32.93230	5.57176	240.6353
32.93274	5.57166	240.6720
32.93292	5.57181	240.7146
32.93326	5.57181	240.7507
32.93318	5.57186	240.7992
32.93296	5.57206	240.8449
32.93304	5.57196	240.8813
32.93333	5.57201	240.9265
32.93295	5.57201	240.9631
32.93291	5.57206	240.9573
32.93339	5.57196	240.8879
32.93390	5.57221	240.7852
32.93674	5.57292	240.6554
32.93599	5.57482	240.5375
32.93373	5.57648	240.4195
32.93203	5.57719	240.3077
32.93143	5.57714	240.1929
32.93130	5.57668	240.0662
32.93250	5.57653	239.9393
32.93106	5.57633	239.8125
32.93046	5.57593	239.6795
32.93091	5.57518	239.5556
32.93126	5.57452	239.4163
32.93026	5.57417	239.2836
32.93052	5.57362	239.1386
32.93049	5.57337	238.9633
32.92918	5.57307	238.7790
32.92777	5.57282	238.5733
32.92862	5.57241	238.3583
32.92913	5.57236	238.1382
32.92824	5.57267	237.9175
32.92774	5.57257	237.6934
32.92688	5.57246	237.4881
32.92647	5.57226	237.2796
32.92677	5.57206	237.0618
32.92742	5.57151	236.8533
32.92684	5.57156	236.6416
32.92673	5.57141	236.4301
32.92633	5.57121	236.2064
32.92679	5.57086	235.9853
32.92700	5.57076	235.7497
32.92691	5.57061	235.5201
32.92742	5.57056	235.2903
32.92693	5.57046	235.0575
32.92675	5.57061	234.8307
32.92690	5.57036	234.5950
32.92712	5.57026	234.3591
32.92652	5.57026	234.1263
32.92558	5.57026	233.8844
32.92461	5.57000	233.6426
32.92401	5.56965	233.4038
32.92275	5.56925	233.1620
32.92151	5.56885	232.9110
32.92002	5.56840	232.6601
32.91902	5.56774	232.4091
32.91853	5.56729	232.1462
32.91736	5.56689	231.8800
32.91637	5.56659	231.6230
32.91559	5.56644	231.3598
32.91306	5.56599	231.0816
32.91131	5.56538	230.8127
32.91076	5.56463	230.5435
32.91164	5.56388	230.2685
32.91164	5.56373	229.9903
32.90975	5.56363	229.7181
32.90842	5.56333	229.4367
32.90509	5.56297	229.1557
32.90395	5.56212	228.8653
32.90076	5.56127	228.5690
32.90024	5.56021	228.2788
32.90121	5.55936	227.9916
32.89879	5.55916	227.7164
32.89700	5.55861	227.4412
32.89610	5.55785	227.1661
32.89622	5.55715	226.8879
32.89569	5.55675	226.6157
32.89518	5.55640	226.3377
32.89344	5.55615	226.0565
32.89352	5.55585	225.7813
32.89243	5.55529	225.5029
32.89212	5.55474	225.2217
32.89172	5.55419	224.9738
32.89112	5.55384	224.7380
32.89037	5.55364	224.5173
32.89021	5.55319	224.2995
32.88872	5.55309	224.0819
32.88746	5.55268	223.8582
32.88746	5.55208	223.6283
32.88637	5.55158	223.3954
32.88546	5.55118	223.1691
32.88530	5.55073	222.9450
32.88576	5.55038	222.7155
32.88531	5.55038	222.4857
32.88533	5.55033	222.2556
32.88478	5.55027	222.0353
32.88429	5.55017	221.8021
32.88419	5.55002	221.5752
32.88451	5.54982	221.3367
32.88373	5.54972	221.1007
32.88379	5.54942	220.8649
32.88375	5.54922	220.6198
32.88362	5.54912	220.3598
32.88355	5.54897	220.0996
32.88307	5.54887	219.8428
32.88258	5.54877	219.5859
32.88220	5.54857	219.3347
32.88198	5.54827	219.0774
32.88235	5.54802	218.8207
32.88219	5.54797	218.5455
32.88226	5.54802	218.2852
32.88239	5.54802	218.0283
32.88141	5.54807	217.7772
32.88164	5.54797	217.5112
32.88156	5.54782	217.2393
32.88090	5.54792	216.9549
32.88073	5.54787	216.6734
32.88066	5.54772	216.3953
32.87974	5.54772	216.1171
32.87954	5.54741	215.8357
32.87877	5.54726	215.5424
32.87819	5.54691	215.2617
32.87842	5.54646	214.9799
32.87810	5.54621	214.6958
32.87763	5.54611	214.4175
32.87718	5.54606	214.1424
32.87570	5.54591	213.8641
32.87472	5.54561	213.5828
32.87404	5.54536	213.3109
32.87302	5.54480	213.0264
32.87299	5.54425	212.7480
32.87338	5.54400	212.4609
32.87301	5.54380	212.1766
32.87247	5.54370	211.8862
32.87217	5.54350	211.6049
32.87211	5.54335	211.3238
32.87185	5.54310	211.0394
32.87008	5.54290	210.7490
32.86920	5.54250	210.4648
32.86763	5.54214	210.1776
32.86600	5.54179	209.8903
32.86508	5.54114	209.6030
32.86400	5.54059	209.3248
32.86211	5.54014	209.0404
32.86094	5.53939	208.7531
32.85876	5.53893	208.4689
32.85667	5.53833	208.1721
32.85520	5.53753	207.8760
32.85482	5.53663	207.5766
32.85520	5.53602	207.2832
32.85481	5.53562	207.0049
32.85407	5.53537	206.7147
32.85385	5.53502	206.4271
32.85393	5.53472	206.1432
32.85452	5.53427	205.8466
32.85430	5.53427	205.5621
32.85389	5.53412	205.2750
32.85418	5.53397	204.9787
32.85376	5.53382	204.6852
32.85221	5.53382	204.4007
32.85154	5.53356	204.1137
32.84991	5.53321	203.8200
32.84958	5.53261	203.5236
32.84762	5.53231	203.2394
32.84729	5.53171	202.9520
32.84707	5.53136	202.6587
32.84662	5.53096	202.3593
32.84599	5.53066	202.0749
32.84623	5.53020	201.7817
32.84591	5.52995	201.4852
32.84590	5.52975	201.1919
32.84334	5.52970	200.8921
32.84464	5.52960	200.5988
32.84403	5.52930	200.2993
32.84366	5.52910	200.0032
32.84249	5.52900	199.7127
32.84209	5.52855	199.4224
32.84121	5.52815	199.1320
32.82981	5.52790	198.8478
32.84031	5.52754	198.5573
32.84025	5.52739	198.2699
32.84059	5.52719	197.9826
32.84021	5.52714	197.6923
32.83933	5.52704	197.3896
32.83841	5.52669	197.0965
32.83845	5.52644	196.7847
32.83805	5.52629	196.4733
32.83754	5.52624	196.1799
32.83653	5.52569	195.8801
32.83586	5.52544	195.5870
32.83514	5.52524	195.2872
32.83419	5.52499	194.9969
32.83282	5.52474	194.6975
32.83199	5.52428	194.4013
32.83149	5.52393	194.1108
32.83001	5.52343	193.8175
32.82948	5.52303	193.5330
32.82974	5.52248	193.2396
32.82951	5.52228	192.9492
32.82915	5.52208	192.6558
32.82803	5.52193	192.3562
32.82706	5.52163	192.0570
32.82651	5.52132	191.7574
32.82514	5.52107	191.4609
32.82372	5.52087	191.1615
32.82240	5.52027	190.8710
32.82083	5.51987	190.5658
32.82112	5.51907	190.2723
32.82074	5.51852	189.9786
32.81977	5.51822	189.6912
32.81945	5.51796	189.3977
32.81970	5.51756	189.1045
32.81843	5.51721	188.8111
32.81861	5.51681	188.5147
32.81815	5.51671	188.2184
32.81788	5.51641	187.9219
32.81742	5.51631	187.6252
32.81758	5.51601	187.3225
32.81691	5.51576	187.0293
32.81650	5.51561	186.7328
32.81649	5.51541	186.4304
32.81684	5.51521	186.1186
32.81674	5.51511	185.8133
32.81618	5.51511	185.5045
32.81572	5.51501	185.2019
32.81554	5.51491	184.9148
32.81477	5.51491	184.6243
32.81440	5.51470	184.3280
32.81408	5.51445	184.0402
32.81412	5.51420	183.7501
32.81370	5.51405	183.4535
32.81390	5.51400	183.1509
32.81405	5.51400	182.8516
32.81352	5.51405	182.5368
32.81306	5.51395	182.2284
32.81310	5.51370	181.9288
32.81309	5.51350	181.6385
32.81319	5.51355	181.3300
32.81226	5.51350	181.0394
32.81126	5.51330	180.7458
32.81036	5.51300	180.4435
32.80999	5.51245	180.1409
32.80871	5.51210	179.8504
32.80449	5.51165	179.5570
32.80663	5.51135	179.2576
32.80507	5.51099	178.9672
32.80460	5.51054	178.6675
32.80347	5.51004	178.3712
32.80236	5.50959	178.0686
32.80295	5.50914	177.7750
32.80287	5.50879	177.4876
32.80111	5.50879	177.1792
32.79911	5.50854	176.8795
32.79868	5.50768	176.5768
32.79833	5.50718	176.2745
32.79917	5.50683	175.9718
32.79805	5.50668	175.6814
32.79774	5.50643	175.3819
32.79742	5.50618	175.0886
32.79755	5.50583	174.7949
32.79636	5.50583	174.4986
32.79535	5.50558	174.1718
32.79465	5.50538	173.8480
32.79402	5.50488	173.5426
32.79369	5.50458	173.2369
32.79403	5.50438	172.9344
32.79372	5.50412	172.6377
32.79326	5.50402	172.3320
32.79254	5.50382	172.0417
32.79179	5.50372	171.7485
32.79189	5.50342	171.4428
32.79086	5.50317	171.1492
32.79024	5.50287	170.8527
32.78996	5.50267	170.5472
32.78788	5.50242	170.2415
32.78702	5.50187	169.9391
32.78671	5.50147	169.6366
32.78405	5.50117	169.3369
32.78271	5.50052	169.0313
32.78185	5.49981	168.7409
32.78163	5.49911	168.4353
32.78135	5.49846	168.1451
32.78123	5.49801	167.8483
32.78052	5.49751	167.5457
32.78035	5.49711	167.2518
32.78019	5.49671	166.9498
32.77884	5.49650	166.6470
32.77842	5.49600	166.3418
32.77764	5.49550	166.0451
32.77732	5.49490	165.7453
32.77577	5.49455	165.4399
32.77415	5.49390	165.1494
32.77367	5.49345	164.8679
32.77294	5.49290	164.5653
32.77287	5.49239	164.2628
32.77242	5.49199	163.9723
32.77221	5.49164	163.6667
32.77194	5.49134	163.3644
32.77178	5.49094	163.0645
32.77038	5.49079	162.7560
32.76851	5.49034	162.4412
32.76730	5.48964	162.1205
32.76494	5.48904	161.8148
32.76286	5.48813	161.5154
32.76176	5.48723	161.2249
32.76228	5.48613	160.9315
32.76233	5.48558	160.6378
32.76247	5.48523	160.3200
32.76197	5.48498	159.9660
32.76118	5.48473	159.6395
32.75963	5.48438	159.3335
32.75815	5.48387	159.0309
32.75825	5.48327	158.7195
32.75576	5.48272	158.4228
32.75334	5.48217	158.1235
32.75171	5.48117	157.8268
32.74963	5.47992	157.5208
32.74855	5.47871	157.2184
32.74754	5.47766	156.9161
32.74668	5.47666	156.6194
32.74510	5.47561	156.3350
32.74350	5.47450	156.0354
32.74208	5.47365	155.7298
32.73980	5.47260	155.4273
32.73693	5.47215	155.1124
32.73461	5.47150	154.8159
32.73389	5.47095	154.5072
32.73283	5.47045	154.2077
32.72906	5.47005	153.9112
32.72557	5.46929	153.6116
32.72515	5.46814	153.3177
32.72481	5.46719	153.0215
32.72498	5.46644	152.7308
32.72486	5.46599	152.4371
32.72486	5.46584	152.1438
32.72470	5.46544	151.8324
32.72419	5.46539	151.5356
32.72078	5.46529	151.2147
32.71631	5.46489	150.9216
32.71419	5.46403	150.6127
32.71242	5.46318	150.3009
32.71090	5.46243	150.0014
32.71081	5.46158	149.7108
32.71005	5.46113	149.4264
32.70988	5.46073	149.1299
32.70936	5.46033	148.8333
32.70837	5.45998	148.5426
32.70709	5.45978	148.2403
32.70542	5.45918	147.9346
32.70129	5.45858	147.6409
32.69786	5.45732	147.3415
32.69625	5.45557	147.0510
32.69490	5.45392	146.7695
32.69423	5.45222	146.4819
32.69505	5.45086	146.2007
32.69325	5.44981	145.9190
32.69006	5.44881	145.6345
32.68451	5.44756	145.3531
32.68185	5.44616	145.0719
32.67761	5.44501	144.7901
32.67758	5.44445	144.4966
32.67742	5.44440	144.2062
32.67617	5.44475	143.9156
32.67412	5.44556	143.6188
32.67290	5.44631	143.3345
32.67180	5.44686	143.0531
32.67101	5.44716	142.7659
32.67060	5.44736	142.4933
32.67109	5.44736	142.2150
32.67047	5.44741	141.9333
32.67016	5.44751	141.6578
32.66973	5.44751	141.3793
32.66897	5.44756	141.1009
32.66757	5.44776	140.8315
32.66650	5.44756	140.5411
32.66459	5.44756	140.2749
32.66286	5.44731	139.9904
32.66038	5.44681	139.7030
32.65612	5.44606	139.4031
32.65376	5.44485	139.1159
32.64991	5.44315	138.8344
32.64763	5.44100	138.5558
32.64643	5.43890	138.2837
32.64394	5.43694	138.0171
32.63831	5.43504	137.7480
32.63287	5.43229	137.4845
32.62770	5.42919	137.2244
32.62206	5.42598	136.9551
32.61959	5.42228	136.6825
32.62178	5.41908	136.4071
32.62146	5.41708	136.1347
32.62148	5.41583	135.8595
32.62249	5.41558	135.5779
32.62188	5.41598	135.3054
32.61912	5.41758	135.0331
32.61455	5.41923	134.7728
32.60644	5.42023	134.5093
32.59268	5.42003	134.2281
32.56663	5.41688	133.9738
32.55279	5.40862	133.7194
32.55438	5.39782	133.4623
32.55737	5.38862	133.2021
32.55811	5.38197	132.9327
32.55689	5.37697	132.6725
32.55501	5.37302	132.4032
32.55534	5.36962	132.1338
32.55401	5.36727	131.8644
32.55019	5.36532	131.5831
32.54876	5.36337	131.3193
32.54835	5.36182	131.0532
32.54626	5.36092	130.7808
32.54180	5.35998	130.5326
32.54162	5.35878	130.2723
32.53960	5.35793	130.0238
32.53954	5.35703	129.7700
32.53970	5.35598	129.5097
32.53778	5.35563	129.2432
32.53503	5.35503	128.9890
32.53324	5.35418	128.7136
32.53064	5.35343	128.4593
32.52711	5.35263	128.1901
32.52531	5.35143	127.9206
32.52273	5.35073	127.6573
32.51579	5.35068	127.4029
32.51071	5.35023	127.1517
32.50829	5.34973	126.9066
32.50733	5.34903	126.6557
32.50539	5.34868	126.4132
32.50202	5.34843	126.1743
32.49954	5.34843	125.9229
32.49832	5.34893	125.6870
32.49746	5.34958	125.4537
32.49506	5.35043	125.2208
32.49399	5.35093	124.9786
32.49325	5.35138	124.7426
32.49269	5.35178	124.5095
32.49248	5.35183	124.2735
32.49244	5.35198	124.0463
32.49222	5.35233	123.8164
32.49215	5.35273	123.6045
32.49152	5.35328	123.3743
32.49058	5.35363	123.1565
32.49014	5.35383	122.9356
32.48925	5.35378	122.7147
32.48756	5.35353	122.4784
32.48619	5.35288	122.2486
32.48545	5.35173	122.0094
32.48343	5.35073	121.7763
32.48343	5.34948	121.5341
32.48249	5.34838	121.2982
32.48245	5.34724	121.0743
32.48331	5.34639	120.8471
32.48275	5.34599	120.6350
32.48062	5.34554	120.4082
32.47786	5.34494	120.1902
32.47708	5.34404	119.9541
32.48154	5.34349	119.7181
32.49549	5.34514	119.4669
32.49696	5.35188	119.2339
32.48692	5.35953	118.9977
32.47240	5.36402	118.7523
32.46704	5.36372	118.5074
32.48041	5.36232	118.2712
32.49728	5.36662	118.0411
32.50527	5.37797	117.8081
32.50853	5.39347	117.5843
32.49795	5.41002	117.3724
32.49415	5.42343	117.1602
32.49263	5.43464	116.9363
32.48684	5.44465	116.7213
32.48373	5.45257	116.4884
32.47998	5.45868	116.2582
32.47713	5.46363	116.0160
32.47488	5.46739	115.7771
32.47339	5.47015	115.5410
32.47231	5.47240	115.2989
32.47123	5.47400	115.0626
32.47074	5.47536	114.8326
32.47044	5.47651	114.5995
32.46999	5.47746	114.3665
32.46955	5.47831	114.1485
32.46954	5.47916	113.9216
32.46984	5.48007	113.6942
32.47041	5.48097	113.4675
32.47075	5.48212	113.2314
32.47081	5.48362	113.0074
32.47069	5.48533	112.7740
32.47055	5.48733	112.5443
32.46953	5.48959	112.3173
32.46752	5.49179	112.0811
32.46698	5.49385	111.8541
32.46716	5.49625	111.6238
32.46576	5.49891	111.3939
32.46588	5.50137	111.1730
32.46577	5.50407	110.9428
32.46477	5.50703	110.7249
32.46238	5.51014	110.4828
32.46101	5.51255	110.2557
32.45908	5.51430	110.0256
32.45798	5.51556	109.8044
32.45693	5.51676	109.5747
32.45648	5.51806	109.3416
32.45559	5.51947	109.1145
32.45419	5.52097	108.8692
32.45272	5.52233	108.6362
32.45067	5.52348	108.3970
32.44862	5.52433	108.1670
32.44631	5.52474	107.9460
32.44373	5.52469	107.7128
32.43903	5.52428	107.4952
32.42243	5.52248	107.2619
32.40954	5.51616	107.0409
32.40311	5.50628	106.8107
32.40643	5.49545	106.5927
32.40924	5.48668	106.3690
32.41264	5.48007	106.1479
32.41430	5.47526	105.9176
32.41201	5.47135	105.6906
32.41366	5.46764	105.4514
32.41389	5.46469	105.2157
32.41081	5.46203	104.9795
32.40555	5.45873	104.7462
32.39517	5.45402	104.5099
32.38483	5.44681	104.2740
32.38526	5.43760	104.0379
32.38832	5.42894	103.8109
32.38717	5.42223	103.5961
32.38621	5.41613	103.3748
32.38580	5.41062	103.1538
32.38044	5.40602	102.9299
32.37764	5.40162	102.6967
32.37544	5.39797	102.4666
32.37231	5.39537	102.2305
32.37092	5.39372	102.0003
32.36948	5.39257	101.7582
32.36778	5.39182	101.5314
32.36698	5.39147	101.2829
32.36625	5.39097	101.0197
32.36427	5.39067	100.7772
32.36381	5.39017	100.5685
32.36216	5.39002	100.3535
32.35810	5.38997	100.1235
32.35305	5.39037	99.9025
32.33892	5.39202	99.6785
32.32621	5.39577	99.4606
32.31589	5.40092	99.2214
32.30903	5.40612	98.9881
32.29966	5.41102	98.7491
32.29480	5.41583	98.5098
32.28826	5.42063	98.2797
32.28058	5.42588	98.0558
32.27395	5.43114	97.8197
32.26833	5.43564	97.5957
32.26213	5.44010	97.3655
32.25545	5.44506	97.1355
32.24861	5.45126	96.9083
32.24211	5.45742	96.6843
32.23593	5.46288	96.4481
32.23158	5.46789	96.2240
32.22720	5.47280	95.9911
32.22245	5.47801	95.7610
32.21859	5.48287	95.5431
32.21483	5.48728	95.3128
32.21158	5.49144	95.0889
32.20995	5.49610	94.8649
32.20716	5.50337	94.6319
32.20157	5.51290	94.4016
32.19651	5.52253	94.1775
32.19065	5.53256	93.9444
32.18394	5.54225	93.7146
32.17700	5.55108	93.4845
32.17223	5.55831	93.2572
32.16632	5.56518	93.0211
32.16177	5.57051	92.7879
32.15853	5.57437	92.5608
32.15587	5.57764	92.3335
32.15328	5.58010	92.1036
32.15075	5.58206	91.8735
32.14803	5.58371	91.6375
32.14488	5.58537	91.4102
32.14134	5.58773	91.1861
32.13758	5.59040	90.9562
32.13372	5.59557	90.7321
32.12674	5.60411	90.4870
32.11927	5.61381	90.2537
32.11173	5.62367	90.0146
32.10317	5.63407	89.7844
32.09442	5.64418	89.5452
32.08741	5.65269	89.3213
32.08196	5.65998	89.0971
32.07754	5.66577	88.8732
32.07460	5.67065	88.6430
32.07407	5.67498	88.4192
32.07639	5.67976	88.1859
32.08116	5.68555	87.9586
32.08347	5.69386	87.7224
32.07847	5.70509	87.4865
32.07335	5.71753	87.2593
32.06337	5.73175	87.0231
32.05267	5.74415	86.7810
32.04347	5.75322	86.5448
32.03712	5.76003	86.3146
32.03151	5.76503	86.0845
32.02763	5.76851	85.8452
32.02447	5.77158	85.6183
32.02061	5.77512	85.3851
32.01727	5.77890	85.1582
32.01907	5.78445	84.9250
32.02471	5.79495	84.7039
32.03191	5.81348	84.4677
32.03568	5.83849	84.2405
32.02650	5.86821	84.0044
32.00287	5.89542	83.7683
31.99210	5.91440	83.5322
31.98211	5.92868	83.2991
31.97673	5.93911	83.0597
31.97318	5.94747	82.8235
31.96872	5.95568	82.5966
31.95816	5.96384	82.3480
31.94854	5.96982	82.1151
31.94325	5.97342	81.8850
31.93968	5.97519	81.6578
31.93805	5.97631	81.4246
31.93656	5.97727	81.1976
31.93504	5.97899	80.9705
31.93399	5.98132	80.7284
31.93333	5.98391	80.4982
31.93052	5.98716	80.2591
31.92567	5.99015	80.0228
31.92088	5.99248	79.7925
31.91445	5.99517	79.5655
31.90655	5.99897	79.3323
31.89486	6.00476	79.1083
31.88162	6.00998	78.8782
31.87286	6.01303	78.6389
31.86312	6.01490	78.4117
31.85742	6.01571	78.1787
31.85064	6.01592	77.9484
31.84103	6.01531	77.7215
31.83566	6.01460	77.4973
31.83406	6.01495	77.2645
31.83048	6.01602	77.0250
31.82859	6.01815	76.7979
31.82754	6.02196	76.5618
31.83078	6.02789	76.3255
31.82975	6.03734	76.0985
31.82380	6.04805	75.8743
31.81913	6.05704	75.6502
31.81600	6.06461	75.4143
31.81324	6.07076	75.1779
31.81225	6.07584	74.9447
31.80963	6.08087	74.7207
31.80809	6.08549	74.4936
31.80649	6.08946	74.2573
31.80407	6.09281	74.0272
31.80329	6.09561	73.7941
31.80348	6.09810	73.5580
31.80344	6.10039	73.3248
31.80152	6.10293	73.0825
31.79885	6.10502	72.8402
31.79705	6.10649	72.5769
31.79534	6.10741	72.3283
31.79355	6.10797	72.0983
31.79249	6.10812	71.8622
31.79103	6.10832	71.6229
31.78867	6.10852	71.3988
31.78837	6.10822	71.1807
31.78962	6.10847	70.9506
31.79610	6.11020	70.7236
31.80233	6.11692	70.4903
31.79666	6.13014	70.2602
31.78187	6.14694	70.0301
31.76835	6.16180	69.8029
31.75971	6.17336	69.5756
31.75233	6.18314	69.3455
31.74524	6.19063	69.1152
31.74011	6.19573	68.8853
31.73518	6.19899	68.6462
31.73153	6.20088	68.4190
31.72528	6.20195	68.1948
31.71490	6.20317	67.9649
31.70665	6.20506	67.7437
31.69919	6.20735	67.5165
31.69428	6.20949	67.2894
31.68887	6.21143	67.0622
31.68187	6.21367	66.8471
31.67488	6.21663	66.6443
31.66797	6.22061	66.4595
31.66306	6.22412	66.2837
31.65830	6.22718	66.1206
31.65437	6.23045	65.9603
31.65146	6.23351	65.8178
31.64895	6.23642	65.6875
31.64610	6.23917	65.5695
31.64377	6.24172	65.4636
31.64107	6.24432	65.3484
31.63807	6.24672	65.2272
31.63543	6.24866	65.1092
31.63230	6.25106	64.9789
31.62345	6.25387	64.8396
31.60911	6.25897	64.6943
31.59898	6.26678	64.5459
31.59093	6.27398	64.3883
31.58509	6.28005	64.2248
31.58071	6.28516	64.0402
31.57691	6.28935	63.8646
31.57459	6.29231	63.6828
31.57320	6.29435	63.4950
31.57141	6.29594	63.2860
31.57102	6.29721	63.0680
31.56922	6.29890	62.8378
31.56695	6.30110	62.6106
31.56284	6.30416	62.3866
31.55816	6.30830	62.1565
31.55124	6.31448	61.9233
31.54334	6.32164	61.7050
31.53456	6.33094	61.4810
31.52542	6.34403	61.2631
31.51577	6.35754	61.0359
31.50626	6.36941	60.8147
31.50106	6.37795	60.6059
31.49635	6.38538	60.4000
31.49285	6.39193	60.1788
31.48912	6.39807	59.9637
31.48505	6.40437	59.7488
31.48070	6.41098	59.5186
31.47651	6.41851	59.3005
31.46983	6.42845	59.0735
31.46069	6.43988	58.8523
31.45396	6.45085	58.6253
31.44625	6.46295	58.4102
31.43757	6.47501	58.1922
31.43135	6.48706	57.9651
31.42972	6.50174	57.7529
31.41877	6.52131	57.5439
31.40696	6.54078	57.3291
31.39916	6.55804	57.1108
31.38956	6.57491	56.9050
31.38058	6.58962	56.6868
31.37357	6.60212	56.4627
31.36612	6.61288	56.2448
31.36147	6.62132	56.0267
31.35683	6.62827	55.8115
31.35501	6.63378	55.5874
31.35701	6.64053	55.3633
31.34946	6.65289	55.1481
31.34123	6.66629	54.9270
31.33469	6.67933	54.7120
31.32598	6.69727	54.4971
31.30672	6.72426	54.2730
31.28598	6.74961	54.0641
31.27121	6.76918	53.8429
31.25996	6.78417	53.6278
31.25115	6.79544	53.4128
31.24592	6.80382	53.1886
31.24410	6.81038	52.9764
31.24097	6.82218	52.7556
31.22846	6.84474	52.5375
31.20872	6.87379	52.3163
31.18103	6.90768	52.1074
31.15684	6.94066	51.9014
31.13172	6.97284	51.6927
31.10521	7.00265	51.4836
31.08154	7.03114	51.2926
31.05995	7.05668	51.0806
31.04401	7.07739	50.8839
31.02881	7.09618	50.6657
31.01703	7.11103	50.4567
31.00646	7.12312	50.2417
30.99975	7.13250	50.0175
30.99259	7.14058	49.8055
30.98547	7.14861	49.5996
30.97414	7.15768	49.3966
30.96276	7.17198	49.1877
30.94915	7.18935	48.9786
30.93428	7.20690	48.7696
30.92284	7.22089	48.5695
30.91349	7.23108	48.3607
30.90360	7.24038	48.1549
30.88913	7.25340	47.9458
30.87490	7.26914	47.7489
30.86061	7.28488	47.5430
30.84181	7.30383	47.3400
30.81386	7.33173	47.1339
30.77961	7.36632	46.9310
30.74333	7.40618	46.7283
30.71203	7.44183	46.5313
30.68764	7.47041	46.3252
30.66836	7.49196	46.1103
30.65677	7.50669	45.9012
30.64758	7.51721	45.6891
30.64070	7.52437	45.4830
30.63754	7.52911	45.2621
30.63467	7.53284	45.0560
30.63221	7.53611	44.8592
30.63040	7.53863	44.6595
30.62949	7.54090	44.4684
30.62805	7.54300	44.2777
30.62614	7.54527	44.0778
30.62375	7.54853	43.8775
30.62089	7.55143	43.6842
30.61883	7.55311	43.4870
30.61616	7.55475	43.2750
30.60885	7.56023	43.0660
30.59831	7.57192	42.8572
30.58757	7.58483	42.6542
30.57713	7.59696	42.4664
30.56502	7.61046	42.2664
30.55385	7.62327	42.0785
30.53823	7.63530	41.8695
30.52100	7.65029	41.6910
30.50549	7.66613	41.4938
30.49189	7.68003	41.3032
30.48017	7.69276	41.1184
30.46981	7.70365	40.9275
30.46259	7.71200	40.7305
30.45596	7.71893	40.5337
30.45097	7.72475	40.3338
30.44630	7.73019	40.1369
30.44362	7.73411	39.9371
30.44057	7.73771	39.7491
30.43755	7.74088	39.5491
30.43227	7.74485	39.3523
30.42392	7.75194	39.1737
30.41364	7.76089	38.9797
30.40218	7.77147	38.7949
30.38992	7.78307	38.6130
30.37029	7.79764	38.4374
30.35038	7.81624	38.2588
30.33167	7.83416	38.0678
30.31363	7.84997	37.8773
30.30066	7.86382	37.6739
30.29057	7.87592	37.4865
30.28219	7.88569	37.3016
30.27596	7.89260	37.1138
30.27315	7.89668	36.9290
30.27061	7.89934	36.7291
30.26904	7.90088	36.5290
30.26811	7.90205	36.3412
30.26657	7.90317	36.1594
30.26615	7.90449	35.9808
30.26587	7.90566	35.7960
30.26547	7.90667	35.6203
30.26400	7.90800	35.4445
30.26157	7.90901	35.2568
30.26055	7.91028	35.0630
30.25866	7.91188	34.8750
30.25699	7.91353	34.6933
30.25537	7.91496	34.5055
30.25358	7.91576	34.3208
30.25275	7.91613	34.1358
30.25265	7.91634	33.9451
30.25213	7.91666	33.7571
30.25222	7.91794	33.5694
30.25147	7.91942	33.3936
30.25012	7.92107	33.2180
30.24867	7.92245	33.0456
30.24663	7.92346	32.8726
30.24412	7.92463	32.6999
30.24140	7.92628	32.5333
30.23762	7.92899	32.3698
30.23399	7.93138	32.1971
30.23078	7.93298	32.0426
30.22879	7.93394	31.8608
30.22737	7.93452	31.7001
30.22657	7.93500	31.5277
30.22462	7.93606	31.3579
30.21928	7.93861	31.1973
30.21196	7.94345	31.0398
30.20325	7.94999	30.8761
30.19257	7.95654	30.7277
30.17912	7.96478	30.5703
30.16142	7.97766	30.4096
30.14624	7.99241	30.2490
30.13324	8.00540	30.0886
30.12171	8.01744	29.9248
30.11270	8.02831	29.7642
30.10379	8.03731	29.6009
30.09587	8.04510	29.4370
30.09082	8.05107	29.2525
30.08661	8.05576	29.0617
30.08103	8.06008	28.8827
30.07278	8.06552	28.7193
30.05897	8.07267	28.5646
30.03596	8.08297	28.4072
30.01124	8.09642	28.2556
29.98470	8.11126	28.0983
29.93702	8.12792	27.9436
29.88483	8.14684	27.7952
29.84564	8.16678	27.6407
29.81137	8.18465	27.4741
29.78270	8.19968	27.3134
29.76124	8.21296	27.1468
29.74216	8.22366	26.9802
29.71828	8.23159	26.8134
29.67728	8.23839	26.6561
29.62948	8.24627	26.4953
29.59613	8.25388	26.3438
29.56253	8.25983	26.1834
29.53697	8.26481	26.0319
29.52414	8.26958	25.8745
29.51452	8.27323	25.7227
29.50515	8.27596	25.5714
29.49635	8.27832	25.4258
29.49206	8.28068	25.2714
29.48782	8.28283	25.1108
29.48295	8.28465	24.9533
29.47746	8.28599	24.7897
29.47133	8.28685	24.6501
29.45753	8.28782	24.5199
29.44275	8.28857	24.4049
29.42927	8.28953	24.3048
29.41036	8.29007	24.2260
29.38253	8.29007	24.1473
29.36829	8.29002	24.0745
29.36225	8.29044	24.0110
29.35299	8.29120	23.9413
29.34537	8.29184	23.8716
29.33786	8.29280	23.8019
29.33142	8.29388	23.7231
29.32484	8.29511	23.6381
29.30889	8.29661	23.5443
29.28955	8.29742	23.4414
29.26689	8.29699	23.3139
29.24383	8.29629	23.1806
29.23289	8.29511	23.0535
29.22016	8.29302	22.9141
29.20914	8.28985	22.7747
29.18594	8.28503	22.6445
29.17466	8.27672	22.4990
29.15511	8.26626	22.3654
29.14988	8.25420	22.2233
29.14628	8.24332	22.0867
29.13835	8.23389	21.9565
29.11110	8.22447	21.8111
29.08082	8.21167	21.6628
29.03733	8.19545	21.5264
28.98786	8.17341	21.3869
28.94249	8.14593	21.2445
28.80802	8.11377	21.0960
28.69333	8.06307	20.9385
28.64658	7.99768	20.7810
28.62221	7.93330	20.6115
28.58309	7.87513	20.4446
28.50508	7.81863	20.2992
28.40646	7.75501	20.1447
28.25613	7.67596	20.0022
28.17246	7.57039	19.8688
28.18900	7.46084	19.7356
28.19541	7.37224	19.5840
28.21956	7.30231	19.4447
28.24138	7.25115	19.2930
28.26232	7.21619	19.1355
28.24788	7.19254	18.9777
28.22880	7.17088	18.8142
28.13177	7.14803	18.6539
28.04995	7.11603	18.4872
28.00634	7.07713	18.3206
27.98589	7.03961	18.1660
27.99092	7.00962	18.0237
27.99893	6.99044	17.8901
28.00423	6.98172	17.7538
28.01135	6.98925	17.6144
28.00580	7.00977	17.4810
28.00250	7.03431	17.3354
27.99532	7.05954	17.1933
27.98675	7.08223	17.0417
27.97735	7.10186	16.8964
27.97082	7.11827	16.7357
27.96777	7.13198	16.5690
27.97402	7.14595	16.4084
27.98591	7.16587	16.2447
27.99182	7.19609	16.0932
27.97765	7.23495	15.9447
27.95218	7.27301	15.7904
27.93139	7.30262	15.6538
27.91266	7.32404	15.5024
27.89155	7.33975	15.3598
27.87048	7.35306	15.2145
27.85407	7.36627	15.0751
27.84218	7.37665	14.9295
27.83446	7.38326	14.7721
27.82870	7.38750	14.6174
27.82223	7.38997	14.4508
27.81084	7.39049	14.2811
27.80229	7.38882	14.1236
27.80120	7.38598	13.9660
27.79781	7.38341	13.8175
27.79663	7.38116	13.6659
27.79468	7.37948	13.5053
27.79548	7.37974	13.3599
27.79768	7.38467	13.2144
27.79755	7.39417	13.0690
27.79149	7.40734	12.9205
27.78025	7.42114	12.7660
27.76528	7.43453	12.6175
27.75108	7.44666	12.4780
27.73954	7.45585	12.3477
27.73163	7.46274	12.2144
27.72711	7.46720	12.0810
27.72319	7.47004	11.9447
27.71979	7.47167	11.8081
27.71713	7.47246	11.6749
27.71426	7.47304	11.5384
27.71362	7.47319	11.3932
27.71330	7.47367	11.2568
27.71146	7.47414	11.1175
27.70929	7.47456	10.9780
27.70880	7.47414	10.8294
27.70974	7.47383	10.6931
27.71003	7.47393	10.5445
27.70908	7.47440	10.4021
27.70933	7.47456	10.2446
27.71279	7.47530	10.0929
27.71636	7.47740	9.9355
27.73394	7.48208	9.7808
27.73955	7.49454	9.6264
27.74112	7.51095	9.4687
27.74410	7.52869	9.3140
27.75362	7.54811	9.1537
27.78236	7.57324	9.0050
27.79513	7.61241	8.8505
27.79373	7.65927	8.6958
27.76415	7.70714	8.5414
27.73275	7.74517	8.3839
27.71101	7.76952	8.2231
27.68920	7.78614	8.0536
27.67799	7.79711	7.8958
27.67071	7.80368	7.7230
27.66597	7.80824	7.5564
27.66285	7.81115	7.3839
27.66067	7.81311	7.2172
27.65792	7.81407	7.0414
27.65491	7.81455	6.8656
27.65209	7.81470	6.6838
27.64967	7.81476	6.5048
27.64879	7.81476	6.3381
27.64748	7.81508	6.1595
27.64462	7.81529	5.9748
27.63797	7.81577	5.7927
27.63235	7.81455	5.6049
27.62946	7.81290	5.4077
27.62598	7.81073	5.2231
27.62176	7.80829	5.0320
27.62178	7.80607	4.8471
27.61829	7.80516	4.6622
27.61565	7.80479	4.4745
27.61641	7.80479	4.2957
27.61971	7.80707	4.1107
27.62463	7.81285	3.9290
27.63148	7.82271	3.7379
27.62593	7.83745	3.5350
27.61509	7.85167	3.3259
27.60516	7.86180	3.1045
27.58699	7.86833	2.8863
27.56002	7.87306	2.6745
27.45858	7.87629	2.4864
27.24728	7.88235	2.3197
27.07867	7.89302	2.1681
26.95458	7.90513	2.0075
26.88542	7.91624	1.8409
26.73420	7.92384	1.6500
26.07016	7.92655	1.4197
24.36600	7.91990	1.1560
21.99737	7.89679	0.8893
21.10553	7.85814	0.6528
20.54505	7.82197	0.4618
20.55849	7.79441	0.3192
20.51932	7.77793	0.1981
20.49865	7.76872	0.1042
20.53113	7.76353	0.0801
20.50949	7.76163	0.0771
20.58264	7.76083	0.0801
20.64143	7.75993	0.0799
21.10206	7.76062	0.0766
21.29814	7.76369	0.0799
21.56200	7.77052	0.0769
22.10144	7.77666	0.0767
22.67061	7.78138	0.0800
23.04092	7.78911	0.0797
19.33316	7.79907	0.0830
3.49217	7.80485	0.0769
2.64835	7.80310	0.0829
2.42970	7.79981	0.0707
2.43165	7.79600	0.0765
2.41658	7.79425	0.0766
2.19478	7.79351	0.0766
2.03965	7.79314	0.0766
2.02027	7.79240	0.0766
2.04982	7.79165	0.0857
1.96191	7.79070	0.0796
1.88937	7.79001	0.0797
2.03510	7.78890	0.0795
1.99347	7.78795	0.0766
2.20513	7.78742	0.0765
2.21608	7.78641	0.0826
2.17584	7.78577	0.0826
2.42605	7.78466	0.0795
2.45481	7.78344	0.0735
2.26119	7.78228	0.0795
2.12959	7.78085	0.0762
2.40857	7.77936	0.0795
2.46123	7.77719	0.0793
2.13862	7.77407	0.0822
1.81256	7.77042	0.0792
1.57215	7.76623	0.0762
1.44876	7.76231	0.0822
1.45210	7.75877	0.0854
1.63162	7.75565	0.0760
1.77309	7.75252	0.0791
1.85903	7.74988	0.0729
1.77107	7.74755	0.0760
1.65773	7.74580	0.0822
1.54978	7.74289	0.0761
1.40352	7.74072	0.0791
1.30979	7.73818	0.0760
1.19048	7.73585	0.0728
1.11544	7.73421	0.0790
