Salinity, Practical [PSU]	Temperature [ITS-90, deg C]	Depth [salt water, m]
0.03840	12.32753	-0.0197
0.03840	12.32723	-0.0196
0.03844	12.32663	-0.0197
0.03840	12.32628	-0.0166
0.03840	12.32586	-0.0197
0.03838	12.32657	-0.0136
0.03840	12.32735	-0.0197
0.03834	12.32800	-0.0197
0.03836	12.32729	-0.0197
0.03831	12.32687	-0.0106
0.03844	12.32735	-0.0166
0.03836	12.32657	-0.0135
0.03838	12.32264	-0.0166
0.03840	12.31823	-0.0136
0.03839	12.31566	-0.0167
0.03841	12.31441	-0.0135
0.03837	12.31399	-0.0227
0.03839	12.31370	-0.0167
0.03837	12.31322	-0.0136
0.03839	12.31262	-0.0136
0.03841	12.31250	-0.0197
0.03845	12.31221	-0.0197
0.03852	12.30720	-0.0106
0.03864	12.30166	-0.0165
0.03864	12.29838	-0.0166
0.03869	12.29695	-0.0135
0.03873	12.29594	-0.0136
0.03881	12.29320	-0.0136
0.03998	12.29165	-0.0135
0.04229	12.29206	-0.0135
0.04416	12.29320	-0.0166
0.04630	12.29480	-0.0165
0.04769	12.29683	-0.0135
0.05067	12.29790	-0.0196
0.05498	12.29761	-0.0166
0.05802	12.29898	-0.0165
0.06134	12.30058	-0.0135
0.06501	12.30237	-0.0135
0.06911	12.30458	-0.0196
0.07238	12.30654	-0.0165
0.07574	12.30869	-0.0166
0.07974	12.31083	-0.0105
0.08451	12.31262	-0.0135
0.08721	12.31471	-0.0135
0.08820	12.31656	-0.0074
0.08845	12.31757	-0.0134
0.08857	12.31781	-0.0196
0.09001	12.31817	-0.0105
0.09050	12.31841	-0.0196
0.09777	12.31876	-0.0165
0.09763	12.31942	-0.0225
0.09574	12.31888	-0.0195
0.09422	12.31560	-0.0165
0.09285	12.31393	-0.0074
0.09178	12.31262	-0.0135
0.09079	12.31012	-0.0103
0.08996	12.30571	-0.0103
0.08859	12.29814	-0.0104
0.08788	12.29248	-0.0105
4.27090	12.13519	0.0291
4.98232	10.92488	0.0775
4.88344	9.62693	0.1139
16.12842	8.80317	0.1441
13.01724	8.26079	0.1593
17.85016	7.89658	0.2199
18.39670	7.60244	0.3774
16.49610	7.33828	0.5411
15.84194	7.01549	0.6955
15.43231	6.72307	0.8440
16.42669	6.49445	0.9167
16.52990	6.40186	0.9348
16.77507	6.43942	0.9259
16.78463	6.48044	0.9319
16.40969	6.50960	0.9259
16.25041	6.53518	0.9318
16.25455	6.55460	0.9378
16.26114	6.55075	0.9349
16.24479	6.53029	0.9349
16.22510	6.52269	0.9380
16.25012	6.53492	0.9348
16.53289	6.55039	0.9409
17.18544	6.56236	0.9440
17.62728	6.59785	0.9501
17.99414	6.65093	0.9532
18.38968	6.69908	0.9500
18.84934	6.73592	0.9441
19.17954	6.76242	0.9470
19.35375	6.77497	0.9531
19.40211	6.77461	0.9533
19.32873	6.77280	0.9501
19.30199	6.76670	0.9532
19.32993	6.75580	0.9440
19.27820	6.73164	0.9532
19.07513	6.69408	0.9410
18.84993	6.64630	0.9532
18.60435	6.60310	0.9441
18.37589	6.56977	0.9532
18.13556	6.54062	0.9532
17.87192	6.51222	0.9532
17.66732	6.48352	0.9532
17.53032	6.45777	0.9563
17.47095	6.43665	0.9592
17.46216	6.42143	0.9593
17.45777	6.41339	0.9593
17.35451	6.40627	0.9563
17.16422	6.39669	0.9564
17.09152	6.38814	0.9533
17.08433	6.38461	0.9624
17.09267	6.39147	0.9655
17.10386	6.40417	0.9653
17.12870	6.41595	0.9562
17.13572	6.41805	0.9594
17.06137	6.40862	0.9563
16.97781	6.38896	0.9503
16.93021	6.35800	0.9534
16.87876	6.33365	0.9564
16.85624	6.31413	0.9562
16.81405	6.29905	0.9534
16.71927	6.28679	0.9533
16.61964	6.27459	0.9564
16.56058	6.26601	0.9534
16.53859	6.26198	0.9564
16.53714	6.26188	0.9565
16.55601	6.26326	0.9503
16.55553	6.26157	0.9503
16.48867	6.25652	0.9534
16.41586	6.24907	0.9534
16.38630	6.24136	0.9594
16.38368	6.23769	0.9565
16.38878	6.24060	0.9566
16.42387	6.24555	0.9564
16.43062	6.24999	0.9566
16.36827	6.25575	0.9535
16.31931	6.26275	0.9565
16.30569	6.27515	0.9596
16.29828	6.29374	0.9595
16.28678	6.31510	0.9566
16.30251	6.33560	0.9535
16.35173	6.35314	0.9475
16.36493	6.37115	0.9505
16.39716	6.39459	0.9535
16.48479	6.41846	0.9505
16.53433	6.43870	0.9507
16.54792	6.45618	0.9537
16.53492	6.47290	0.9477
16.49930	6.48927	0.9568
16.47757	6.50354	0.9477
16.55240	6.51442	0.9567
16.64062	6.52423	0.9568
16.67415	6.53261	0.9537
16.65590	6.53980	0.9538
16.59307	6.54936	0.9598
16.52863	6.56133	0.9628
16.55469	6.57023	0.9599
16.66510	6.57666	0.9539
16.73491	6.58442	0.9600
16.72680	6.59276	0.9599
16.66828	6.60217	0.9569
16.65367	6.61288	0.9599
16.66540	6.62297	0.9509
16.65212	6.63275	0.9541
16.66146	6.64254	0.9541
16.68546	6.65253	0.9570
16.66134	6.66294	0.9511
16.63114	6.67309	0.9600
16.65959	6.68237	0.9602
16.70095	6.69145	0.9603
16.70420	6.70058	0.9542
16.66646	6.71007	0.9512
16.64339	6.71925	0.9572
16.66213	6.72766	0.9632
16.71563	6.73603	0.9633
16.77343	6.74424	0.9604
16.83481	6.75214	0.9573
16.87130	6.75834	0.9573
16.81230	6.76314	0.9575
16.66816	6.76939	0.9634
16.59539	6.77745	0.9664
16.67401	6.78334	0.9635
16.81985	6.78887	0.9665
16.89753	6.79523	0.9698
16.87154	6.79968	0.9636
16.75208	6.80521	0.9636
16.61966	6.81224	0.9667
16.57375	6.81612	0.9577
16.62755	6.81623	0.9608
16.69887	6.81902	0.9607
16.74789	6.82652	0.9668
16.78921	6.83656	0.9639
16.80944	6.84712	0.9669
16.82396	6.85711	0.9639
16.87673	6.86622	0.9578
16.87868	6.87456	0.9579
16.73393	6.88166	0.9579
16.61413	6.88824	0.9609
16.70264	6.89140	0.9670
16.85016	6.89441	0.9732
16.95483	6.89995	0.9611
16.97983	6.90477	0.9581
16.79517	6.90856	0.9612
16.56717	6.91317	0.9672
16.55899	6.91079	0.9673
16.74260	6.90597	0.9643
16.93677	6.90975	0.9582
17.03731	6.91675	0.9644
16.99067	6.92121	0.9643
16.77372	6.92603	0.9645
16.57071	6.93096	0.9675
16.59429	6.92883	0.9584
16.86854	6.92676	0.9586
17.10187	6.93257	0.9554
17.00960	6.93760	0.9587
16.69643	6.93993	0.9676
16.53866	6.93848	0.9616
16.67426	6.93360	0.9709
16.99137	6.93521	0.9708
17.23492	6.94190	0.9738
17.16985	6.94766	0.9649
16.73535	6.97403	0.9558
16.51080	6.99616	0.9649
16.63162	6.98785	0.9679
16.98169	6.98359	0.9710
17.20141	6.99450	0.9680
17.24934	7.00520	0.9651
17.06919	7.04440	0.9591
16.73249	7.07806	0.9621
16.62065	7.08629	0.9652
16.83405	7.09348	0.9744
17.04819	7.11525	0.9682
17.16024	7.14329	0.9654
17.20052	7.16008	0.9593
16.98457	7.16587	0.9563
16.59144	7.14876	0.9503
16.55505	7.08639	0.9655
16.82552	7.00567	0.9715
17.21808	6.98026	0.9717
17.38861	6.99174	0.9747
17.23767	7.02459	0.9597
16.82696	7.07036	0.9505
16.62715	7.10723	0.9627
16.73357	7.11744	0.9718
17.07435	7.10488	0.9689
17.31763	7.12692	0.9659
17.33452	7.15429	0.9659
17.01589	7.17850	0.9660
16.73026	7.19797	0.9661
16.65843	7.22429	0.9691
16.84167	7.23772	0.9722
17.08713	7.24848	0.9692
17.28467	7.26814	0.9662
17.21445	7.28321	0.9602
16.91330	7.28326	0.9603
16.67295	7.27447	0.9633
16.72563	7.26548	0.9604
17.04033	7.25779	0.9665
17.32185	7.26553	0.9634
17.31131	7.28132	0.9604
17.05610	7.29472	0.9635
16.74287	7.29995	0.9667
16.71242	7.30048	0.9636
16.89855	7.29927	0.9758
17.14744	7.30602	0.9758
17.20959	7.31650	0.9669
17.05331	7.32288	0.9669
16.81048	7.32231	0.9671
16.67540	7.31869	0.9700
16.77137	7.31304	0.9792
17.03506	7.30985	0.9732
17.21528	7.31566	0.9732
17.16886	7.32189	0.9611
16.95454	7.32718	0.9672
16.78588	7.32555	0.9672
16.78002	7.31906	0.9642
16.94517	7.31346	0.9735
17.12112	7.31639	0.9704
17.15569	7.32493	0.9735
17.02125	7.33084	0.9644
16.84774	7.33173	0.9675
16.78238	7.32697	0.9646
16.87556	7.32027	0.9677
17.06567	7.31733	0.9678
17.19057	7.32152	0.9648
17.12907	7.32859	0.9647
16.93737	7.33341	0.9679
16.81169	7.33268	0.9708
16.82260	7.32749	0.9650
16.94039	7.32262	0.9711
17.05923	7.32288	0.9771
17.08959	7.32775	0.9681
17.00398	7.33315	0.9651
16.88457	7.33629	0.9743
16.87193	7.33530	0.9653
16.96690	7.33247	0.9683
17.04355	7.33247	0.9683
17.02452	7.33572	0.9623
16.95876	7.33933	0.9715
16.92027	7.34132	0.9716
16.93376	7.34164	0.9777
16.99411	7.34143	0.9717
17.04236	7.34295	0.9748
17.01184	7.34604	0.9687
16.91728	7.34881	0.9657
16.83596	7.34965	0.9690
16.82868	7.34703	0.9689
16.90435	7.34242	0.9719
17.02483	7.34043	0.9721
17.11066	7.34300	0.9722
17.09047	7.34729	0.9662
16.99149	7.35107	0.9631
16.90586	7.35269	0.9632
16.88891	7.35149	0.9694
16.93365	7.34902	0.9634
17.00693	7.34808	0.9726
17.07074	7.35002	0.9725
17.07681	7.35379	0.9726
17.01207	7.35751	0.9726
16.93551	7.36034	0.9696
16.90543	7.36061	0.9697
16.92748	7.35945	0.9789
16.99152	7.35856	0.9699
17.04778	7.35945	0.9730
17.02017	7.36197	0.9669
16.93377	7.36443	0.9729
16.91290	7.36485	0.9702
16.97763	7.36386	0.9702
17.04326	7.36375	0.9642
17.05084	7.36538	0.9702
17.02600	7.36779	0.9672
16.98100	7.36988	0.9613
16.92860	7.37093	0.9674
16.92924	7.37046	0.9674
16.99815	7.36947	0.9766
17.04924	7.36936	0.9735
17.02189	7.37104	0.9767
16.98004	7.37266	0.9738
16.97727	7.37350	0.9767
16.99286	7.37366	0.9708
17.01448	7.37408	0.9740
17.03916	7.37481	0.9741
17.02980	7.37607	0.9741
16.96542	7.37728	0.9680
16.90748	7.37754	0.9712
16.92178	7.37597	0.9712
16.99358	7.37355	0.9743
17.05970	7.37298	0.9713
17.08350	7.37439	0.9713
17.05777	7.37639	0.9624
16.98274	7.37785	0.9744
16.91869	7.37833	0.9685
16.92479	7.37665	0.9685
16.99121	7.37387	0.9778
17.04813	7.37298	0.9626
17.06763	7.37413	0.9748
17.06456	7.37597	0.9719
17.02725	7.37770	0.9719
16.97838	7.37880	0.9781
16.96501	7.37885	0.9690
16.97548	7.37801	0.9661
16.98035	7.37738	0.9782
16.98636	7.37717	0.9783
17.01685	7.37712	0.9755
17.05468	7.37744	0.9754
17.07053	7.37848	0.9755
17.06294	7.37990	0.9785
17.03378	7.38084	0.9757
16.98762	7.38163	0.9697
16.95074	7.38158	0.9728
16.94266	7.38037	0.9728
16.97694	7.37859	0.9758
17.04180	7.37738	0.9759
17.10689	7.37749	0.9729
17.10761	7.37875	0.9701
17.02255	7.38016	0.9731
16.94515	7.38053	0.9732
16.93733	7.37922	0.9734
16.98387	7.37691	0.9764
17.06197	7.37549	0.9673
17.10417	7.37591	0.9764
17.05865	7.37702	0.9736
16.96423	7.37791	0.9767
16.93691	7.37744	0.9737
16.97044	7.37549	0.9858
17.00305	7.37403	0.9769
17.01068	7.37366	0.9770
17.00916	7.37413	0.9799
16.98762	7.37460	0.9771
16.97781	7.37471	0.9741
17.03476	7.37445	0.9770
17.09420	7.37439	0.9831
17.07411	7.37518	0.9743
17.01698	7.37602	0.9744
16.98729	7.37612	0.9713
16.97016	7.37555	0.9775
16.97435	7.37455	0.9714
17.04268	7.37319	0.9685
17.10644	7.37266	0.9746
17.08615	7.37340	0.9777
17.01785	7.37424	0.9807
16.99173	7.37418	0.9778
17.01179	7.37319	0.9749
17.02399	7.37230	0.9689
17.02949	7.37177	0.9750
17.05258	7.37146	0.9781
17.06583	7.37161	0.9811
17.06613	7.37172	0.9813
17.07465	7.37188	0.9752
17.07450	7.37219	0.9723
17.04862	7.37240	0.9844
17.02967	7.37224	0.9785
17.03679	7.37156	0.9756
17.03759	7.37088	0.9786
17.03132	7.37025	0.9787
17.05685	7.36936	0.9787
17.10745	7.36884	0.9788
17.12525	7.36878	0.9759
17.10588	7.36931	0.9820
17.07391	7.36983	0.9792
17.03754	7.37004	0.9761
17.01369	7.36931	0.9670
17.03127	7.36815	0.9762
17.07324	7.36679	0.9764
17.09327	7.36606	0.9734
17.08760	7.36606	0.9764
17.08616	7.36627	0.9734
17.09038	7.36616	0.9768
17.07901	7.36616	0.9797
17.05832	7.36595	0.9768
17.05472	7.36532	0.9798
17.07518	7.36464	0.9769
17.11027	7.36375	0.9800
17.12910	7.36359	0.9771
17.11516	7.36386	0.9802
17.08789	7.36412	0.9774
17.09332	7.36396	0.9773
17.11184	7.36349	0.9835
17.10566	7.36317	0.9774
17.09474	7.36317	0.9745
17.09801	7.36270	0.9744
17.10697	7.36228	0.9745
17.11349	7.36192	0.9776
17.09925	7.36155	0.9809
17.07168	7.36108	0.9747
17.09279	7.36034	0.9778
17.13524	7.35940	0.9780
17.14498	7.35898	0.9810
17.12875	7.35898	0.9780
17.09377	7.35898	0.9752
17.04994	7.35861	0.9783
17.04992	7.35730	0.9783
17.11680	7.35563	0.9783
17.17723	7.35447	0.9905
17.17109	7.35458	0.9846
17.12894	7.35505	0.9785
17.09563	7.35521	0.9816
17.05578	7.35468	0.9818
17.04899	7.35343	0.9849
17.14704	7.35170	0.9819
17.22502	7.35096	0.9819
17.18139	7.35159	0.9790
17.07645	7.35222	0.9760
17.05152	7.35154	0.9730
17.06611	7.34970	0.9762
17.05744	7.34819	0.9793
17.08320	7.34698	0.9824
17.16178	7.34651	0.9795
17.17589	7.34677	0.9825
17.10509	7.34782	0.9826
17.08088	7.34803	0.9826
17.13841	7.34745	0.9796
17.15811	7.34714	0.9827
17.12893	7.34724	0.9768
17.12171	7.34745	0.9770
17.10316	7.34735	0.9769
17.04720	7.34682	0.9770
17.04383	7.34551	0.9863
17.14522	7.34336	0.9863
17.22381	7.34247	0.9863
17.21180	7.34305	0.9863
17.17512	7.34384	0.9864
17.14564	7.34431	0.9805
17.10638	7.34415	0.9866
17.10912	7.34321	0.9836
17.17043	7.34174	0.9807
17.19903	7.34132	0.9717
17.08002	7.34143	0.9809
16.73285	7.34017	1.0113
16.33644	7.30943	1.0902
17.23380	7.21264	1.2053
18.29279	7.11410	1.3387
18.74413	7.03977	1.4780
19.25598	6.99616	1.6326
20.01255	6.97632	1.8206
21.48916	7.00328	2.0297
23.20332	7.09426	2.2629
23.93916	7.20006	2.5387
24.17923	7.28148	2.8144
24.87052	7.34530	3.0964
25.42378	7.41484	3.4083
25.75227	7.47992	3.7236
25.98799	7.53295	4.0205
26.18501	7.57129	4.3387
26.34313	7.59822	4.6417
26.53041	7.61736	4.9570
26.68390	7.62728	5.2477
26.88084	7.63325	5.5478
27.03627	7.63715	5.8599
27.21796	7.64501	6.1418
27.34103	7.66096	6.4264
27.47671	7.67691	6.7175
27.60427	7.68621	6.9841
27.78740	7.68335	7.2629
27.89963	7.67237	7.5115
28.01476	7.65964	7.7962
28.13302	7.65061	8.0538
28.20695	7.64354	8.3234
28.28040	7.63805	8.5992
28.35147	7.63483	8.8538
28.41422	7.63652	9.1145
28.46823	7.64327	9.3629
28.52618	7.65367	9.6387
28.54964	7.65869	9.9023
28.58007	7.65404	10.1628
28.61426	7.64143	10.4325
28.65665	7.62908	10.6993
28.69417	7.62006	10.9567
28.72121	7.61452	11.2265
28.74124	7.61109	11.5112
28.75898	7.60829	11.7658
28.80000	7.60523	12.0324
28.85724	7.60523	12.2780
28.89498	7.60940	12.5325
28.92723	7.60856	12.7992
28.95301	7.60692	13.0658
29.00242	7.60518	13.3295
29.05439	7.60476	13.5960
29.08786	7.60550	13.8628
29.12620	7.60708	14.1292
29.16542	7.60988	14.3870
29.18798	7.61251	14.6597
29.27005	7.62111	14.9232
29.31246	7.64343	15.1868
29.33278	7.65293	15.4414
29.35882	7.64649	15.7080
29.38867	7.63187	15.9747
29.42139	7.61958	16.2354
29.43737	7.61183	16.5110
29.44440	7.60745	16.7807
29.45611	7.60476	17.0382
29.50173	7.60307	17.3050
29.51647	7.60402	17.5777
29.51931	7.60597	17.8685
29.52142	7.60755	18.1532
29.52733	7.60866	18.4018
29.55430	7.60977	18.6685
29.57372	7.61257	18.9442
29.58600	7.61620	19.1957
29.59736	7.61916	19.4745
29.60688	7.61916	19.7412
29.62370	7.61494	19.9957
29.63603	7.61088	20.2684
29.65412	7.60961	20.5441
29.66888	7.61119	20.8077
29.67269	7.61346	21.0713
29.67596	7.61462	21.3320
29.68919	7.61510	21.5896
29.69536	7.61758	21.8682
29.71023	7.62064	22.1408
29.71859	7.61926	22.4014
29.75092	7.61167	22.6650
29.80359	7.60170	22.9318
29.81557	7.59284	23.1984
29.83430	7.58694	23.4650
29.84367	7.57961	23.7439
29.84253	7.56102	24.0044
29.86405	7.53621	24.2651
29.87964	7.51848	24.5317
29.88846	7.50680	24.7954
29.89648	7.49917	25.0558
29.89894	7.49565	25.3255
29.90018	7.49354	25.5800
29.90133	7.49170	25.8436
29.90247	7.49039	26.1132
29.90322	7.48923	26.3707
29.90374	7.48813	26.6254
29.90461	7.48713	26.8979
29.90417	7.48628	27.1647
29.90452	7.48460	27.4406
29.90598	7.48239	27.7071
29.90783	7.48087	27.9647
29.90895	7.48050	28.2433
29.91185	7.48055	28.5313
29.91583	7.47924	28.7858
29.91766	7.47698	29.0494
29.91962	7.47540	29.3252
29.92047	7.47451	29.5947
29.92114	7.47398	29.8554
29.92151	7.47356	30.1218
29.92163	7.47314	30.3917
29.92229	7.47293	30.6521
29.92414	7.47277	30.9159
29.92330	7.47293	31.1796
29.92301	7.47283	31.4492
29.92356	7.47267	31.7036
29.92314	7.47272	31.9702
29.92396	7.47277	32.2338
29.92397	7.47293	32.4975
29.93048	7.47293	32.7611
29.93218	7.47304	33.0187
29.93285	7.47304	33.2791
29.93329	7.47293	33.5488
29.93416	7.47293	33.8004
29.93425	7.47330	34.0669
29.93477	7.47409	34.3275
29.93358	7.47503	34.5851
29.93106	7.47546	34.8639
29.93015	7.47509	35.1214
29.92998	7.47477	35.3850
29.92983	7.47535	35.6516
29.92965	7.47672	35.9152
29.92891	7.47782	36.1726
29.92761	7.47829	36.4302
29.92749	7.47845	36.6909
29.92773	7.47803	36.9606
29.93041	7.47777	37.2150
29.93175	7.47782	37.4786
29.93146	7.47803	37.7362
29.93209	7.47808	37.9906
29.94434	7.47819	38.2543
29.94731	7.47682	38.5086
29.94487	7.47556	38.7814
29.94232	7.47572	39.0723
29.94055	7.47619	39.3210
29.93921	7.47708	39.5844
29.93685	7.47772	39.8449
29.93609	7.47808	40.0964
29.93745	7.47835	40.3661
29.93707	7.47850	40.6356
29.93741	7.47866	40.8871
29.93804	7.47887	41.1507
29.93766	7.47887	41.4203
29.94447	7.47882	41.6960
29.94407	7.47877	41.9596
29.94045	7.47887	42.2292
29.93964	7.47892	42.4898
29.94810	7.47908	42.7623
29.95528	7.47808	43.0261
29.95590	7.47609	43.2929
29.95795	7.47456	43.5594
29.95730	7.47351	43.8232
29.95746	7.47319	44.0836
29.97383	7.47272	44.3410
29.98810	7.46952	44.5986
29.99227	7.46531	44.8561
29.99534	7.46200	45.1287
29.99869	7.45974	45.3923
30.00111	7.45832	45.6529
30.00304	7.45732	45.9195
30.00506	7.45638	46.1892
30.00798	7.45507	46.4407
30.00934	7.45428	46.7012
30.01116	7.45333	46.9679
30.01164	7.45265	47.2284
30.01234	7.45118	47.4738
30.01450	7.44976	47.7495
30.02187	7.44771	48.0131
30.02676	7.44451	48.2766
30.03191	7.44093	48.5251
30.03607	7.43637	48.7917
30.04429	7.42817	49.0704
30.05581	7.41930	49.3340
30.06575	7.41080	49.5975
30.07341	7.40366	49.8581
30.08054	7.39842	50.1246
30.08371	7.39516	50.3854
30.08555	7.39327	50.6548
30.08727	7.39223	50.9183
30.09072	7.39139	51.1698
30.09622	7.39076	51.4274
30.09910	7.39049	51.6879
30.10017	7.39034	51.9606
30.10171	7.38986	52.2212
30.10480	7.38929	52.4725
30.11703	7.38871	52.7483
30.12445	7.38845	53.0118
30.13512	7.38840	53.2634
30.15399	7.38792	53.5239
30.16495	7.38299	53.7843
30.17470	7.37681	54.0480
30.18300	7.37114	54.3297
30.19178	7.36637	54.5873
30.21156	7.35405	54.8599
30.23490	7.32974	55.1295
30.25432	7.30843	55.3901
30.26904	7.29221	55.6476
30.27752	7.28200	55.9051
30.28207	7.27630	56.1626
30.28401	7.27327	56.4201
30.27163	7.27604	56.6685
30.25382	7.29514	56.9503
30.23882	7.31293	57.2079
30.23235	7.32241	57.4592
30.23922	7.32273	57.7199
30.25467	7.30937	57.9741
30.27018	7.29179	58.2439
30.28157	7.27902	58.4923
30.28796	7.27128	58.7619
30.29120	7.26736	59.0375
30.29325	7.26527	59.3012
30.29465	7.26391	59.5679
30.29559	7.26286	59.8251
30.29560	7.26218	60.0889
30.29495	7.26166	60.3584
30.29473	7.26223	60.6129
30.29367	7.26286	60.8796
30.29209	7.26386	61.1400
30.29050	7.26553	61.4127
30.28920	7.26689	61.6671
30.28844	7.26830	61.9308
30.28689	7.26888	62.2094
30.28456	7.27065	62.4730
30.28416	7.27316	62.7365
30.28595	7.27212	63.0123
30.28804	7.27065	63.2727
30.28918	7.26945	63.5361
30.28932	7.26893	63.7968
30.29023	7.26851	64.0602
30.28979	7.26835	64.3238
30.28986	7.26867	64.5874
30.28868	7.26950	64.8480
30.28888	7.27013	65.1085
30.28925	7.27003	65.3841
30.29023	7.26914	65.6567
30.29089	7.26788	65.9173
30.29215	7.26699	66.1718
30.29314	7.26542	66.4414
30.29454	7.26370	66.6899
30.29463	7.26338	66.9534
30.29467	7.26328	67.2198
30.29474	7.26307	67.4712
30.29477	7.26291	67.7349
30.29519	7.26260	67.9894
30.29570	7.26234	68.2499
30.29578	7.26213	68.4984
30.29615	7.26187	68.7649
30.29668	7.26150	69.0375
30.29674	7.26129	69.3161
30.29681	7.26108	69.5798
30.29696	7.26124	69.8221
30.29669	7.26135	70.0735
30.29711	7.26150	70.3220
30.29739	7.26114	70.5642
30.29771	7.26056	70.8369
30.29802	7.26046	71.0852
30.29776	7.26061	71.3609
30.29758	7.26077	71.6154
30.29739	7.26108	71.8760
30.29700	7.26140	72.1303
30.29707	7.26171	72.3940
30.29729	7.26155	72.6575
30.29735	7.26135	72.9271
30.29728	7.26129	73.1906
30.29739	7.26119	73.4512
30.29682	7.26155	73.7176
30.29672	7.26192	73.9753
30.29567	7.26427	74.2451
30.29394	7.26626	74.5054
30.29371	7.26715	74.7629
30.29594	7.26705	75.0291
30.29531	7.26574	75.2899
30.29484	7.26584	75.5473
30.29371	7.26731	75.8047
30.29326	7.26846	76.0531
30.29189	7.26882	76.3256
30.29427	7.26961	76.5832
30.29434	7.26992	76.8436
30.29470	7.27029	77.1012
30.29422	7.27071	77.3617
30.29397	7.27086	77.6223
30.29254	7.27107	77.8828
30.29245	7.27128	78.1312
30.29358	7.27128	78.4130
30.29640	7.27086	78.6917
30.29719	7.26908	78.9428
30.30097	7.26788	79.2126
30.30342	7.26569	79.5185
30.30648	7.26302	79.8033
30.30876	7.26150	80.0547
30.31187	7.25925	80.3122
30.31553	7.25570	80.5815
30.31825	7.25246	80.8422
30.31978	7.25057	81.1087
30.32104	7.24901	81.3753
30.32267	7.24739	81.6419
30.32489	7.24503	81.8964
30.32526	7.24409	82.1630
30.32448	7.24493	82.4356
30.32436	7.24561	82.6992
30.32786	7.24368	82.9657
30.33735	7.23453	83.2321
30.34896	7.22304	83.5048
30.36014	7.21191	83.7654
30.37250	7.20026	84.0319
30.38747	7.18596	84.2864
30.40208	7.16853	84.5529
30.41160	7.15502	84.8162
30.41871	7.14605	85.0860
30.42363	7.13943	85.3523
30.42672	7.13458	85.6160
30.43018	7.13052	85.8855
30.43436	7.12776	86.1461
30.43862	7.12572	86.4125
30.43986	7.12494	86.6732
30.44409	7.12468	86.9275
30.44798	7.12473	87.1849
30.45043	7.12379	87.4363
30.45176	7.12140	87.7000
30.44395	7.11129	87.9603
30.44184	7.08213	88.2240
30.46297	7.03899	88.4934
30.50061	6.99018	88.7750
30.53484	6.94668	89.0296
30.56122	6.91426	89.2901
30.57596	6.89316	89.5777
30.58323	6.87798	89.8897
30.59546	6.86229	90.1746
30.60564	6.84997	90.4259
30.61187	6.84179	90.6926
30.61582	6.83661	90.9621
30.61807	6.83351	91.2316
30.61887	6.83097	91.4859
30.62065	6.82854	91.7526
30.62122	6.82626	92.0219
30.62013	6.82300	92.2826
30.62369	6.81669	92.5552
30.62750	6.81085	92.8249
30.63106	6.80568	93.0852
30.63405	6.80144	93.3547
30.63186	6.79828	93.6183
30.63265	6.79192	93.8847
30.63901	6.78210	94.1603
30.64445	6.77265	94.4151
30.65116	6.76433	94.6752
30.65410	6.75797	94.9418
30.65630	6.75178	95.2024
30.65984	6.74295	95.4658
30.66583	6.73288	95.7354
30.67252	6.72385	95.9990
30.67409	6.71610	96.2593
30.67772	6.70584	96.5198
30.67834	6.68918	96.7803
30.69536	6.66072	97.0499
30.70645	6.62549	97.3195
30.73072	6.58242	97.5798
30.76669	6.53949	97.8374
30.77892	6.50667	98.0977
30.79628	6.47147	98.3583
30.81854	6.43603	98.6158
30.84288	6.40483	98.8790
30.84516	6.37959	99.1488
30.85853	6.35130	99.4064
30.87826	6.32123	99.6726
30.89834	6.29430	99.9542
30.91421	6.27352	100.2482
30.92788	6.25647	100.5055
30.94407	6.23994	100.7689
30.95594	6.22683	101.0354
30.96539	6.21877	101.3051
30.97176	6.21484	101.5626
30.97257	6.21270	101.8292
30.97565	6.20852	102.0775
30.98275	6.20312	102.3622
30.98866	6.20001	102.6225
30.98565	6.19818	102.8891
30.98658	6.19440	103.1556
30.98279	6.18926	103.4221
30.98109	6.17958	103.6766
30.97982	6.16481	103.9340
30.98458	6.14765	104.2217
30.98630	6.12811	104.4851
31.00256	6.10710	104.7456
31.01310	6.09170	105.0121
31.01057	6.08046	105.2756
31.00731	6.06578	105.5361
31.02156	6.04536	105.7934
31.03671	6.02769	106.0601
31.04566	6.01592	106.3356
31.05178	6.00836	106.5962
31.05745	6.00389	106.8535
31.06059	6.00100	107.1199
31.05491	5.99918	107.3774
31.05453	5.99461	107.6470
31.05574	5.98771	107.9106
31.06159	5.98046	108.1679
31.06773	5.97423	108.4252
31.07145	5.96982	108.6826
31.06445	5.96622	108.9491
31.05854	5.95801	109.1977
31.06948	5.94453	109.4671
31.07501	5.93405	109.7337
31.08041	5.92594	110.0091
31.08479	5.91962	110.2788
31.08721	5.91476	110.5604
31.08800	5.91086	110.8299
31.09035	5.90615	111.0873
31.09456	5.90165	111.3691
31.09696	5.89891	111.6203
31.09718	5.89719	111.8900
31.09697	5.89476	112.1443
31.10006	5.89082	112.4076
31.10253	5.88702	112.6801
31.10418	5.88434	112.9528
31.10442	5.88186	113.2133
31.10492	5.87903	113.4797
31.10706	5.87620	113.7494
31.10843	5.87412	114.0128
31.10856	5.87251	114.2822
31.10963	5.87069	114.5487
31.11056	5.86902	114.8060
31.11210	5.86796	115.0605
31.10209	5.86725	115.3359
31.11188	5.86644	115.6055
31.11227	5.86558	115.8602
31.11387	5.86452	116.1385
31.11378	5.86366	116.4083
31.11410	5.86325	116.6716
31.11408	5.86270	116.9321
31.11447	5.86214	117.1893
31.11404	5.86143	117.4620
31.11368	5.86057	117.7194
31.11436	5.85926	117.9737
31.11440	5.85774	118.2371
31.11301	5.85592	118.4977
31.11477	5.85284	118.7519
31.11714	5.84976	119.0155
31.11846	5.84789	119.2852
31.12002	5.84672	119.5517
31.12025	5.84596	119.8121
31.11904	5.84566	120.0724
31.11419	5.84379	120.3691
31.11672	5.83874	120.6568
31.12108	5.83363	120.9385
31.12147	5.83010	121.1989
31.12290	5.82611	121.4624
31.12673	5.82166	121.7259
31.12974	5.81863	121.9922
31.13088	5.81666	122.2587
31.13242	5.81545	122.5161
31.13226	5.81489	122.7886
31.13184	5.81439	123.0580
31.13297	5.81333	123.3185
31.12902	5.81242	123.5881
31.12987	5.80899	123.8547
31.13349	5.80454	124.1180
31.13607	5.80131	124.3904
31.13703	5.79939	124.6510
31.13834	5.79783	124.9267
31.13886	5.79646	125.1838
31.14012	5.79525	125.4534
31.14037	5.79485	125.7291
31.13922	5.79455	125.9865
31.13913	5.79369	126.2587
31.13875	5.79233	126.5284
31.14021	5.79061	126.7950
31.14143	5.78930	127.0556
31.14100	5.78844	127.3188
31.14120	5.78743	127.5792
31.14132	5.78642	127.8367
31.14215	5.78501	128.1061
31.14330	5.78400	128.3697
31.14276	5.78334	128.6180
31.14284	5.78238	128.8723
31.14390	5.78117	129.1327
31.14414	5.78041	129.3840
31.14439	5.77956	129.6595
31.14461	5.77860	129.9172
31.14473	5.77759	130.1804
31.14482	5.77638	130.4560
31.13900	5.77466	130.7558
31.14684	5.77315	131.0343
31.14777	5.77194	131.2917
31.14858	5.77093	131.5430
31.14916	5.76987	131.8125
31.14972	5.76906	132.0548
31.15047	5.76856	132.3243
31.15021	5.76825	132.5909
31.15015	5.76790	132.8420
31.14927	5.76760	133.1145
31.14955	5.76649	133.3812
31.15055	5.76482	133.6475
31.15175	5.76346	133.9049
31.15256	5.76245	134.1714
31.15258	5.76185	134.4379
31.15294	5.76109	134.7165
31.15264	5.76039	134.9800
31.15295	5.75902	135.2434
31.15379	5.75761	135.5097
31.15471	5.75625	135.7763
31.15587	5.75509	136.0367
31.15595	5.75464	136.3093
31.15634	5.75393	136.5818
31.15643	5.75333	136.8451
31.15645	5.75257	137.1116
31.15647	5.75196	137.3809
31.15719	5.75106	137.6385
31.15756	5.74985	137.9081
31.15873	5.74874	138.1775
31.15817	5.74773	138.4439
31.15947	5.74662	138.7165
31.15907	5.74551	138.9830
31.15883	5.74400	139.2433
31.15981	5.74228	139.5069
31.15931	5.73986	139.7733
31.16164	5.73654	140.0336
31.16416	5.73366	140.3094
31.16572	5.73175	140.6028
31.16608	5.73054	140.9029
31.16658	5.72978	141.1812
31.16720	5.72867	141.4509
31.16812	5.72792	141.7081
31.16835	5.72746	141.9774
31.16798	5.72676	142.2472
31.16871	5.72605	142.5135
31.16952	5.72519	142.7737
31.16981	5.72474	143.0526
31.16948	5.72444	143.3190
31.16955	5.72363	143.5760
31.17054	5.72227	143.8489
31.17092	5.72121	144.1153
31.17186	5.72005	144.3727
31.17223	5.71930	144.6450
31.17236	5.71849	144.9175
31.17266	5.71743	145.1903
31.17291	5.71622	145.4445
31.17356	5.71471	145.7171
31.17407	5.71320	145.9835
31.17459	5.71154	146.2498
31.17511	5.70957	146.5197
31.17626	5.70731	146.7827
31.17804	5.70524	147.0492
31.17832	5.70383	147.3187
31.17912	5.70202	147.5852
31.18046	5.70051	147.8487
31.18129	5.69940	148.1148
31.18187	5.69864	148.3694
31.18228	5.69814	148.6328
31.18200	5.69794	148.8872
31.18202	5.69779	149.1414
31.18240	5.69754	149.4138
31.18272	5.69744	149.6622
31.18237	5.69738	149.9255
31.18247	5.69744	150.1922
31.18235	5.69713	150.4495
31.18215	5.69713	150.7251
31.18197	5.69688	151.0189
31.18206	5.69628	151.3002
31.18195	5.69522	151.5667
31.18258	5.69396	151.8153
31.18385	5.69290	152.0815
31.18452	5.69235	152.3267
31.18437	5.69200	152.6024
31.18429	5.69164	152.8747
31.18445	5.69089	153.1411
31.18505	5.69018	153.3954
31.18574	5.68968	153.6649
31.18538	5.68948	153.9404
31.18506	5.68872	154.2101
31.18525	5.68787	154.4704
31.18589	5.68681	154.7336
31.18652	5.68600	154.9911
31.18745	5.68545	155.2727
31.18754	5.68500	155.5330
31.18785	5.68475	155.7964
31.18600	5.68459	156.0781
31.18723	5.68313	156.3384
31.18850	5.68177	156.6018
31.18837	5.68097	156.8654
31.18867	5.67976	157.1404
31.18961	5.67860	157.4104
31.18998	5.67740	157.6734
31.19066	5.67609	157.9402
31.19144	5.67518	158.2036
31.19224	5.67448	158.4700
31.19284	5.67407	158.7243
31.19239	5.67412	158.9937
31.19213	5.67382	159.2511
31.19094	5.67327	159.5085
31.19080	5.67166	159.7689
31.19238	5.66929	160.0292
31.19369	5.66708	160.2864
31.19389	5.66532	160.5468
31.19480	5.66315	160.8161
31.19646	5.66114	161.0979
31.19802	5.65968	161.3794
31.19841	5.65913	161.6520
31.19845	5.65857	161.9154
31.19895	5.65827	162.1724
31.19918	5.65827	162.4269
31.19973	5.65827	162.7057
31.19855	5.65867	162.9630
31.19832	5.65842	163.2293
31.19793	5.65767	163.4928
31.19837	5.65661	163.7560
31.19925	5.65530	164.0194
31.19891	5.65409	164.1981
31.20057	5.65248	164.2617
31.20231	5.65153	164.2134
31.20287	5.65118	164.1531
31.20385	5.65168	164.1350
31.20315	5.65274	164.1407
31.20300	5.65364	164.1353
31.20220	5.65419	164.0234
31.20323	5.65465	163.8631
31.20248	5.65545	163.7301
31.20140	5.65601	163.6213
31.20062	5.65616	163.5215
31.19980	5.65606	163.4096
31.20011	5.65570	163.2976
31.20095	5.65530	163.1769
31.20101	5.65530	163.0588
31.20203	5.65530	162.9347
31.20226	5.65580	162.7745
31.20170	5.65656	162.6231
31.20150	5.65716	162.4479
31.20128	5.65787	162.2633
31.20044	5.65857	162.0789
31.20048	5.65892	161.8793
31.20061	5.65933	161.6887
31.20030	5.65998	161.5013
31.20001	5.66038	161.3256
31.19953	5.66079	161.1263
31.19955	5.66109	160.9264
31.19936	5.66154	160.7177
31.19876	5.66184	160.5304
31.19872	5.66199	160.3277
31.19835	5.66220	160.1187
31.19897	5.66260	159.9162
31.19885	5.66335	159.7043
31.19903	5.66416	159.5019
31.19820	5.66516	159.2899
31.19768	5.66642	159.0875
31.19698	5.66743	158.8726
31.19631	5.66849	158.6579
31.19620	5.66954	158.4278
31.19606	5.67055	158.2071
31.19567	5.67176	157.9832
31.19557	5.67302	157.7563
31.19442	5.67453	157.5266
31.19299	5.67604	157.3054
31.19251	5.67704	157.0753
31.19251	5.67805	156.8487
31.19176	5.67921	156.6129
31.19108	5.68021	156.3859
31.19030	5.68102	156.1590
31.19014	5.68198	155.9231
31.18976	5.68273	155.7024
31.18910	5.68334	155.4693
31.18930	5.68384	155.2331
31.18889	5.68454	155.0036
31.18867	5.68520	154.7735
31.18879	5.68585	154.5467
31.18759	5.68661	154.3046
31.18764	5.68696	154.0747
31.18706	5.68741	153.8447
31.18689	5.68772	153.6146
31.18685	5.68817	153.3847
31.18670	5.68852	153.1548
31.18667	5.68897	152.9251
31.18638	5.68948	152.6860
31.18559	5.69008	152.4471
31.18602	5.69003	152.2139
31.18519	5.69038	151.9871
31.18612	5.69054	151.7514
31.18544	5.69109	151.5211
31.18497	5.69134	151.2912
31.18538	5.69169	151.0492
31.18529	5.69200	150.7952
31.18482	5.69255	150.5561
31.18495	5.69290	150.3110
31.18459	5.69341	150.0841
31.18449	5.69401	149.8513
31.18429	5.69472	149.6093
31.18336	5.69547	149.3731
31.18335	5.69597	149.1341
31.18334	5.69648	148.8953
31.18226	5.69703	148.6624
31.18273	5.69738	148.4232
31.18198	5.69794	148.1933
31.18186	5.69819	147.9602
31.18213	5.69839	147.7275
31.18195	5.69869	147.4975
31.18211	5.69895	147.2553
31.18143	5.69950	147.0252
31.18195	5.70010	146.7833
31.18181	5.70111	146.5534
31.18225	5.70232	146.3203
31.18105	5.70388	146.0844
31.18002	5.70534	145.8423
31.17945	5.70660	145.6125
31.17920	5.70766	145.3857
31.17833	5.70902	145.1404
31.17734	5.71028	144.9106
31.17696	5.71149	144.6714
31.17653	5.71245	144.4324
31.17552	5.71366	144.1934
31.17519	5.71451	143.9575
31.17485	5.71537	143.7122
31.17397	5.71607	143.4733
31.17261	5.71663	143.2373
31.17327	5.71708	142.9955
31.17328	5.71764	142.7621
31.17329	5.71804	142.5232
31.17282	5.71874	142.2841
31.17270	5.71930	142.0453
31.17225	5.71990	141.8122
31.17183	5.72056	141.5640
31.17158	5.72116	141.3341
31.17123	5.72182	141.0982
31.17117	5.72222	140.8592
31.17050	5.72308	140.6049
31.17011	5.72378	140.3416
31.17013	5.72449	140.0906
31.16913	5.72509	139.8637
31.16875	5.72585	139.6214
31.16883	5.72656	139.3795
31.16820	5.72721	139.1343
31.16839	5.72802	138.9015
31.16876	5.72877	138.6626
31.16838	5.72998	138.4172
31.16741	5.73190	138.1722
31.16654	5.73371	137.9299
31.16614	5.73568	137.6851
31.16460	5.73785	137.4461
31.16360	5.73986	137.2099
31.16225	5.74168	136.9677
31.16174	5.74324	136.7227
31.16099	5.74470	136.4838
31.16009	5.74616	136.2446
31.15934	5.74732	136.0026
31.15857	5.74843	135.7576
31.15805	5.74934	135.5155
31.15721	5.75015	135.2794
31.15715	5.75101	135.0435
31.15705	5.75161	134.7982
31.15681	5.75267	134.5502
31.15636	5.75373	134.3111
31.15581	5.75474	134.0660
31.15539	5.75570	133.8239
31.15460	5.75675	133.5758
31.15408	5.75766	133.3367
31.15340	5.75867	133.0884
31.15307	5.75938	132.8405
31.15326	5.76003	132.6014
31.15293	5.76104	132.3565
31.15229	5.76200	132.1232
31.15148	5.76286	131.8840
31.15128	5.76371	131.6452
31.15088	5.76427	131.4031
31.15055	5.76498	131.1609
31.14985	5.76563	130.9251
31.15005	5.76614	130.6769
31.14960	5.76689	130.4439
31.14924	5.76770	130.1987
31.14918	5.76820	129.9234
31.14887	5.76911	129.6721
31.14867	5.77012	129.4300
31.14728	5.77138	129.1911
31.14778	5.77274	128.9428
31.14673	5.77446	128.6975
31.14556	5.77577	128.4586
31.14529	5.77693	128.2197
31.14484	5.77799	127.9775
31.14462	5.77895	127.7354
31.14399	5.77991	127.4872
31.14293	5.78067	127.2421
31.14257	5.78117	127.0000
31.14289	5.78147	126.7550
31.14249	5.78188	126.5189
31.14276	5.78223	126.2738
31.14237	5.78263	126.0256
31.14229	5.78284	125.7865
31.14197	5.78309	125.5446
31.14221	5.78354	125.3082
31.14216	5.78395	125.0632
31.14247	5.78455	124.8182
31.14255	5.78526	124.5821
31.14178	5.78622	124.3369
31.14149	5.78703	124.1037
31.14149	5.78788	123.8650
31.14150	5.78904	123.6105
31.14136	5.79036	123.3717
31.14013	5.79197	123.1293
31.13967	5.79318	122.8933
31.13988	5.79450	122.6485
31.13905	5.79611	122.4002
31.13868	5.79783	122.1610
31.13896	5.79980	121.9279
31.13790	5.80212	121.6798
31.13622	5.80474	121.4227
31.13558	5.80727	121.1926
31.13403	5.80989	120.9445
31.13277	5.81242	120.7053
31.13120	5.81500	120.4602
31.13002	5.81707	120.2209
31.12940	5.81868	119.9848
31.12828	5.82025	119.7428
31.12718	5.82171	119.5008
31.12707	5.82292	119.2405
31.12664	5.82419	118.9923
31.12580	5.82545	118.7563
31.12541	5.82651	118.5140
31.12512	5.82762	118.2753
31.12512	5.82848	118.0389
31.12567	5.82980	117.7940
31.12536	5.83182	117.5578
31.12522	5.83439	117.3186
31.12446	5.83788	117.0796
31.12261	5.84157	116.8315
31.12072	5.84500	116.6045
31.11897	5.84799	116.3865
31.11806	5.85056	116.1929
31.11710	5.85350	115.9961
31.11496	5.85638	115.7842
31.11332	5.85885	115.5876
31.11217	5.86057	115.3847
31.11126	5.86219	115.1820
31.11091	5.86320	114.9733
31.11048	5.86437	114.7674
31.10933	5.86512	114.5737
31.10873	5.86588	114.3619
31.10870	5.86624	114.1562
31.10877	5.86679	113.9533
31.10812	5.86745	113.7475
31.10809	5.86811	113.5447
31.10781	5.86882	113.3389
31.10778	5.86962	113.1362
31.10792	5.87069	112.9273
31.10734	5.87180	112.7186
31.10708	5.87301	112.5065
31.10585	5.87468	112.2978
31.10576	5.87615	112.0890
31.10496	5.87802	111.8801
31.10355	5.88040	111.6712
31.10245	5.88267	111.4655
31.10154	5.88525	111.2536
31.09961	5.88783	111.0417
31.09805	5.89001	110.8299
31.09661	5.89198	110.6241
31.09593	5.89365	110.4152
31.09485	5.89552	110.2154
31.09467	5.89694	110.0036
31.09490	5.89851	109.7918
31.09432	5.90074	109.5830
31.09357	5.90352	109.3711
31.09351	5.90645	109.1441
31.09499	5.90995	108.9231
31.09352	5.91516	108.6901
31.09045	5.92078	108.4601
31.09112	5.92620	108.2331
31.08857	5.93369	108.0211
31.08356	5.94210	107.7972
31.07864	5.94884	107.5732
31.07718	5.95360	107.3491
31.07623	5.95831	107.1343
31.07398	5.96363	106.9104
31.07076	5.96875	106.6864
31.06741	5.97357	106.4624
31.06464	5.97722	106.2355
31.06310	5.97991	106.0175
31.06241	5.98249	105.7935
31.06072	5.98594	105.5664
31.05503	5.98979	105.3486
31.05695	5.99481	105.1243
31.05818	6.00044	104.8976
31.05914	6.00770	104.6735
31.05347	6.01698	104.4496
31.04934	6.02541	104.2195
31.04705	6.03287	103.9894
31.04803	6.04064	103.7654
31.04501	6.05008	103.5353
31.04498	6.06029	103.3022
31.04607	6.07233	103.0752
31.03727	6.08773	102.8543
31.02982	6.10166	102.6213
31.02638	6.11381	102.3941
31.01924	6.12607	102.1673
31.01398	6.13635	101.9373
31.01153	6.14541	101.7132
31.00546	6.15539	101.4831
31.00056	6.16415	101.2591
30.99409	6.17204	101.0260
30.98999	6.17769	100.7989
30.98694	6.18213	100.5781
30.98401	6.18590	100.3510
30.98037	6.18956	100.1239
30.97686	6.19293	99.9031
30.97326	6.19700	99.6700
30.96983	6.20037	99.4371
30.96633	6.20343	99.2219
30.96342	6.20674	98.9949
30.95940	6.21097	98.7681
30.95449	6.21744	98.5438
30.95039	6.22356	98.3169
30.94697	6.23065	98.0867
30.94533	6.23973	97.8598
30.94271	6.25198	97.6417
30.93676	6.26902	97.4178
30.92348	6.28950	97.1968
30.91313	6.30886	96.9669
30.90468	6.32741	96.7369
30.89497	6.34705	96.5188
30.88525	6.36828	96.2917
30.87259	6.39075	96.0676
30.86380	6.41441	95.8407
30.85224	6.44347	95.6106
30.82752	6.47926	95.3867
30.80637	6.51211	95.1714
30.78832	6.54304	94.9538
30.76534	6.57326	94.7297
30.74918	6.59795	94.5117
30.73507	6.61993	94.2756
30.72181	6.63955	94.0547
30.71092	6.65609	93.8336
30.70060	6.67026	93.6187
30.69417	6.68175	93.3977
30.68699	6.69289	93.1676
30.68121	6.70269	92.9438
30.67730	6.71182	92.7198
30.67182	6.72204	92.4987
30.66533	6.73159	92.2868
30.65955	6.73959	92.0565
30.65528	6.74584	91.8326
30.65420	6.75054	91.6087
30.65135	6.75565	91.3814
30.64876	6.76076	91.1607
30.64624	6.76557	90.9426
30.64360	6.77006	90.7157
30.64130	6.77404	90.4855
30.64005	6.77750	90.2614
30.63784	6.78159	90.0495
30.63596	6.78562	89.8227
30.63362	6.78955	89.5986
30.63173	6.79306	89.3746
30.62969	6.79689	89.1534
30.62758	6.80087	88.9294
30.62569	6.80490	88.7145
30.62363	6.80837	88.4936
30.62360	6.81137	88.2754
30.62177	6.81571	88.0548
30.61858	6.82130	87.8064
30.61494	6.82714	87.5731
30.61288	6.83258	87.3521
30.61542	6.83998	87.1403
30.61671	6.85846	86.9192
30.59578	6.88653	86.6892
30.58302	6.91001	86.4681
30.57598	6.93428	86.2471
30.55514	6.96583	86.0322
30.52908	6.99715	85.8052
30.51034	7.02136	85.5811
30.49652	7.04071	85.3601
30.48421	7.05746	85.1360
30.47277	7.07218	84.9120
30.46253	7.08494	84.6972
30.45383	7.09415	84.4759
30.44696	7.10176	84.2551
30.44106	7.10712	84.0310
30.43744	7.11134	83.8221
30.43326	7.11483	83.6012
30.42987	7.11796	83.3833
30.42752	7.12103	83.1681
30.42446	7.12515	82.9442
30.42190	7.12953	82.7232
30.41903	7.13432	82.5112
30.41693	7.13938	82.2903
30.41635	7.14475	82.0750
30.41340	7.15122	81.8602
30.40929	7.15706	81.6424
30.40772	7.16144	81.4213
30.40678	7.16556	81.1973
30.40143	7.16994	80.9853
30.39584	7.17354	80.7642
30.39180	7.17688	80.5523
30.38730	7.18053	80.3314
30.38180	7.18403	80.1104
30.37626	7.18758	79.8953
30.37020	7.19165	79.6685
30.36344	7.19651	79.4563
30.35729	7.20256	79.2444
30.35151	7.20820	79.0234
30.34717	7.21280	78.8054
30.34154	7.21713	78.5905
30.33771	7.22115	78.3815
30.33380	7.22512	78.1574
30.33125	7.22852	77.9273
30.32816	7.23103	77.6943
30.32603	7.23380	77.4762
30.32369	7.23605	77.2611
30.32186	7.23824	77.0462
30.31995	7.24106	76.8281
30.31771	7.24320	76.6071
30.31563	7.24493	76.3982
30.31457	7.24624	76.1864
30.31340	7.24739	75.9744
30.31284	7.24843	75.7564
30.31086	7.24937	75.5352
30.30904	7.25042	75.3236
30.30711	7.25167	75.1175
30.30478	7.25293	74.8936
30.30276	7.25429	74.6816
30.30110	7.25570	74.4543
30.29968	7.25659	74.2426
30.29928	7.25753	74.0335
30.29866	7.25842	73.8216
30.29855	7.25889	73.6068
30.29781	7.25915	73.3945
30.29712	7.25967	73.1767
30.29630	7.26004	72.9650
30.29614	7.26025	72.7619
30.29563	7.26056	72.5437
30.29550	7.26082	72.3321
30.29554	7.26087	72.1169
30.29542	7.26082	71.9051
30.29442	7.26124	71.6992
30.29450	7.26171	71.4778
30.29408	7.26192	71.2600
30.29385	7.26229	71.0572
30.29384	7.26270	70.8421
30.29377	7.26260	70.6270
30.29362	7.26250	70.4242
30.29336	7.26244	70.2032
30.29269	7.26234	69.9913
30.29208	7.26208	69.7793
30.29194	7.26197	69.5705
30.29106	7.26202	69.3555
30.29021	7.26265	69.1404
30.28971	7.26333	68.9253
30.28917	7.26375	68.7135
30.28926	7.26406	68.4987
30.28930	7.26412	68.2926
30.28940	7.26412	68.0685
30.28939	7.26433	67.8321
30.28892	7.26459	67.6172
30.28850	7.26480	67.4053
30.28897	7.26474	67.1964
30.28846	7.26506	66.9813
30.28790	7.26542	66.7755
30.28781	7.26563	66.5603
30.28813	7.26537	66.3516
30.28827	7.26532	66.1363
30.28826	7.26506	65.9276
30.28727	7.26516	65.7215
30.28664	7.26569	65.5036
30.28301	7.26699	65.2976
30.27841	7.27055	65.0826
30.27277	7.27484	64.8705
30.26885	7.27881	64.6618
30.26379	7.28289	64.4498
30.25827	7.28713	64.2286
30.25405	7.29168	64.0200
30.24960	7.29613	63.8046
30.24584	7.30016	63.6018
30.24297	7.30325	63.3870
30.24175	7.30513	63.1749
30.23995	7.30655	62.9721
30.23823	7.30817	62.7542
30.23516	7.31042	62.5510
30.23338	7.31257	62.3360
30.23031	7.31445	62.1210
30.22557	7.31697	61.9090
30.22070	7.32084	61.6939
30.21687	7.32534	61.4880
30.21281	7.32995	61.2669
30.20767	7.33467	61.0609
30.20466	7.33823	60.8458
30.20081	7.34169	60.6341
30.19648	7.34525	60.4250
30.19251	7.34923	60.2130
30.18858	7.35264	59.9980
30.18512	7.35536	59.7801
30.18209	7.35788	59.5712
30.18008	7.35992	59.3560
30.17825	7.36144	59.1469
30.17723	7.36265	58.9411
30.17631	7.36344	58.7201
30.17451	7.36417	58.5141
30.17304	7.36490	58.2961
30.17214	7.36606	58.0781
30.17033	7.36695	57.8659
30.16811	7.36794	57.6481
30.16585	7.36920	57.4452
30.16318	7.37057	57.2241
30.15970	7.37188	57.0153
30.15755	7.37324	56.7941
30.15371	7.37481	56.5821
30.14902	7.37607	56.3670
30.12772	7.37764	56.1520
30.14161	7.37927	55.9460
30.13809	7.38048	55.7310
30.13392	7.38137	55.5160
30.12802	7.38205	55.3040
30.12487	7.38252	55.0921
30.12043	7.38273	54.8890
30.11460	7.38289	54.6740
30.11140	7.38305	54.4499
30.10879	7.38305	54.2439
30.10666	7.38326	54.0290
30.10370	7.38352	53.8108
30.10252	7.38362	53.5959
30.10092	7.38368	53.3867
30.10035	7.38368	53.1686
30.09904	7.38378	52.9568
30.09849	7.38383	52.7419
30.09724	7.38394	52.5359
30.09628	7.38410	52.3299
30.09461	7.38431	52.1117
30.09257	7.38457	51.8907
30.09107	7.38488	51.6786
30.08930	7.38499	51.4545
30.08705	7.38541	51.2546
30.08373	7.38609	51.0365
30.08198	7.38677	50.8216
30.08087	7.38740	50.6065
30.07931	7.38787	50.3883
30.07714	7.38850	50.1796
30.07265	7.38992	49.9643
30.06756	7.39369	49.7461
30.06342	7.39805	49.5313
30.05756	7.40288	49.3103
30.05094	7.40812	49.0860
30.04339	7.41421	48.8738
30.03644	7.42030	48.6589
30.03015	7.42586	48.4259
30.02433	7.43080	48.2105
30.01908	7.43484	47.9955
30.01068	7.43852	47.7745
29.99869	7.44193	47.5686
29.98971	7.44514	47.3656
29.98585	7.44818	47.1687
29.97913	7.45028	46.9660
29.97461	7.45212	46.7719
29.97001	7.45375	46.5752
29.96682	7.45496	46.3783
29.96294	7.45591	46.1814
29.95819	7.45680	45.9845
29.95431	7.45774	45.7875
29.95158	7.45895	45.5908
29.94886	7.45985	45.4030
29.94628	7.46074	45.2001
29.94417	7.46169	45.0061
29.94351	7.46232	44.8094
29.94296	7.46305	44.6125
29.94203	7.46331	44.4187
29.94163	7.46373	44.2187
29.94024	7.46400	44.0186
29.93599	7.46447	43.8187
29.93303	7.46526	43.6189
29.93157	7.46599	43.4220
29.93061	7.46636	43.2252
29.92836	7.46657	43.0223
29.92712	7.46705	42.8223
29.92651	7.46762	42.6285
29.92551	7.46804	42.4256
29.92450	7.46894	42.2315
29.92472	7.46962	42.0288
29.92571	7.47025	41.8258
29.92517	7.47067	41.6229
29.92470	7.47109	41.4259
29.92405	7.47141	41.2261
29.92295	7.47172	41.0262
29.92209	7.47214	40.8203
29.92115	7.47220	40.6171
29.91992	7.47220	40.4143
29.91962	7.47220	40.2083
29.91855	7.47225	40.0113
29.91894	7.47220	39.8051
29.91979	7.47230	39.6024
29.91880	7.47256	39.4023
29.91798	7.47293	39.1966
29.91905	7.47309	38.9935
29.91967	7.47330	38.7967
29.91996	7.47346	38.5817
29.91947	7.47330	38.3607
29.91908	7.47325	38.1575
29.91895	7.47335	37.9546
29.91838	7.47319	37.7548
29.91810	7.47325	37.5456
29.91803	7.47319	37.3487
29.91823	7.47330	37.1398
29.91790	7.47341	36.9429
29.91849	7.47335	36.7367
29.91864	7.47351	36.5339
29.91901	7.47356	36.3430
29.91909	7.47372	36.1401
29.91913	7.47393	35.9401
29.91858	7.47398	35.7464
29.91810	7.47404	35.5371
29.91738	7.47414	35.3313
29.91694	7.47398	35.1283
29.91610	7.47430	34.9315
29.91593	7.47430	34.7316
29.91597	7.47435	34.5287
29.91553	7.47451	34.3317
29.91544	7.47440	34.1288
29.91562	7.47430	33.9258
29.91569	7.47425	33.7258
29.91584	7.47425	33.5349
29.91532	7.47419	33.3228
29.91500	7.47383	33.1320
29.91455	7.47346	32.9230
29.91505	7.47267	32.7321
29.91567	7.47183	32.5263
29.91505	7.47136	32.3323
29.91564	7.47078	32.1263
29.91650	7.47041	31.9265
29.91747	7.46999	31.7266
29.91887	7.46915	31.5294
29.91919	7.46873	31.3327
29.91973	7.46836	31.1327
29.92056	7.46825	30.9236
29.92024	7.46820	30.7237
29.92004	7.46831	30.5207
29.92031	7.46846	30.3298
29.91929	7.46883	30.1299
29.91927	7.46920	29.9207
29.91843	7.46952	29.7180
29.91800	7.46988	29.5241
29.91801	7.47020	29.3212
29.91769	7.47067	29.1182
29.91768	7.47093	28.9212
29.91671	7.47125	28.7213
29.91639	7.47172	28.5153
29.91529	7.47204	28.3214
29.91506	7.47241	28.1215
29.91455	7.47272	27.9154
29.91436	7.47304	27.7156
29.91422	7.47330	27.5156
29.91321	7.47351	27.3095
29.91305	7.47372	27.1127
29.91279	7.47383	26.9098
29.91278	7.47393	26.7187
29.91267	7.47409	26.5097
29.91231	7.47430	26.3129
29.91231	7.47440	26.1160
29.91313	7.47461	25.9128
29.91334	7.47561	25.7130
29.91107	7.47835	25.5069
29.89793	7.48450	25.3132
29.86672	7.49507	25.1100
29.84712	7.51143	24.9102
29.81569	7.52626	24.7134
29.79180	7.54248	24.5102
29.76988	7.55749	24.3072
29.74692	7.56923	24.1103
29.73273	7.57898	23.9104
29.72181	7.58705	23.7102
29.70930	7.59348	23.5103
29.70020	7.59912	23.3105
29.69467	7.60371	23.1196
29.68800	7.60666	22.9196
29.68257	7.60877	22.7259
29.67581	7.61030	22.5289
29.67285	7.61119	22.3287
29.66734	7.61156	22.1291
29.66287	7.61140	21.9351
29.65532	7.61051	21.7383
29.64812	7.60935	21.5321
29.64255	7.60819	21.3414
29.63885	7.60750	21.1444
29.63313	7.60798	20.9412
29.62617	7.60945	20.7354
29.61831	7.61098	20.5384
29.60677	7.61241	20.3384
29.58858	7.61415	20.1445
29.58090	7.61594	19.9447
29.57447	7.61710	19.7416
29.56982	7.61800	19.5476
29.55999	7.61826	19.3477
29.55536	7.61800	19.1538
29.54935	7.61736	18.9509
29.54386	7.61673	18.7540
29.54245	7.61605	18.5599
29.53865	7.61541	18.3570
29.53489	7.61489	18.1631
29.53163	7.61446	17.9661
29.52840	7.61431	17.7662
29.52639	7.61425	17.5540
29.52400	7.61425	17.3601
29.51736	7.61415	17.1511
29.50641	7.61351	16.9573
29.49200	7.61214	16.7572
29.48412	7.61035	16.5632
29.47676	7.60840	16.3664
29.47302	7.60671	16.1635
29.46530	7.60550	15.9697
29.46268	7.60455	15.7756
29.45892	7.60402	15.5818
29.45534	7.60429	15.3817
29.45439	7.60497	15.1848
29.45592	7.60671	14.9938
29.45920	7.61098	14.8000
29.45618	7.61963	14.6061
29.44485	7.63251	14.4061
29.42639	7.64470	14.2031
29.39308	7.65383	14.0122
29.36374	7.65805	13.8063
29.33969	7.65795	13.6123
29.32417	7.65526	13.4153
29.29409	7.65072	13.2153
29.26715	7.64406	13.0183
29.25167	7.63673	12.8125
29.23104	7.63034	12.6216
29.20519	7.62496	12.4276
29.16569	7.61990	12.2337
29.13358	7.61483	12.0306
29.11162	7.61146	11.8427
29.07694	7.60972	11.6520
29.03408	7.60761	11.4519
29.00107	7.60476	11.2611
28.98539	7.60218	11.0549
28.96477	7.60096	10.8520
28.94533	7.60028	10.6521
28.92313	7.60012	10.4520
28.91027	7.59943	10.2490
28.88876	7.59870	10.0461
28.87693	7.59885	9.8491
28.87225	7.60181	9.6552
28.86665	7.60835	9.4584
28.85496	7.61889	9.2582
28.83801	7.62929	9.0522
28.82214	7.63831	8.8554
28.79434	7.64655	8.6553
28.76714	7.65346	8.4583
28.73592	7.65710	8.2582
28.70226	7.65737	8.0583
28.65514	7.65563	7.8614
28.62391	7.65219	7.6644
28.58046	7.64839	7.4615
28.53621	7.64591	7.2673
28.49114	7.64406	7.0734
28.45379	7.64259	6.8645
28.39176	7.64206	6.6615
28.32819	7.64280	6.4584
28.28073	7.64501	6.2646
28.21346	7.64945	6.0646
28.10669	7.65642	5.8585
27.95548	7.66561	5.6524
27.84305	7.67263	5.4495
27.70980	7.67569	5.2555
27.57554	7.67453	5.0556
27.49069	7.67089	4.8586
27.40936	7.66650	4.6525
27.31251	7.66318	4.4554
27.22379	7.66180	4.2554
27.13902	7.66106	4.0557
27.02929	7.66091	3.8526
26.84191	7.65953	3.6616
26.68503	7.65642	3.4617
26.46779	7.64992	3.2706
26.43434	7.63937	3.0618
26.26854	7.62992	2.8797
26.08958	7.61969	2.6949
25.92334	7.60750	2.4859
25.81337	7.59348	2.2829
25.62838	7.57988	2.0799
25.48513	7.56460	1.8768
25.31254	7.54795	1.6769
25.23604	7.53079	1.4799
25.20339	7.51574	1.2859
25.08756	7.50411	1.0830
24.73097	7.48944	0.9072
24.50300	7.46274	0.7405
23.94644	7.42539	0.5769
23.24696	7.36905	0.4164
22.57687	7.30671	0.2467
22.50808	7.24665	0.1012
22.50750	7.20230	0.0465
22.57539	7.17234	0.0466
22.65658	7.15528	0.0465
22.87553	7.15643	0.0497
23.32198	7.16885	0.0496
23.92718	7.19024	0.0465
24.13250	7.23307	0.0435
24.36783	7.27866	0.0467
24.57471	7.31875	0.0436
24.79271	7.35384	0.0497
16.49583	7.38310	0.0496
3.39291	7.40246	0.0467
3.29683	7.40650	0.0436
3.42116	7.40770	0.0436
3.43097	7.40797	0.0466
3.01396	7.40744	0.0436
2.65340	7.40697	0.0435
2.82848	7.40639	0.0497
2.92177	7.40587	0.0496
2.72491	7.40550	0.0496
2.56316	7.40524	0.0527
2.46621	7.40508	0.0465
2.30278	7.40487	0.0466
2.05232	7.40482	0.0465
2.11445	7.40461	0.0465
2.05984	7.40482	0.0406
1.92080	7.40466	0.0495
1.72441	7.40461	0.0467
1.62983	7.40471	0.0495
1.63373	7.40508	0.0466
