Salinity, Practical [PSU]	Temperature [ITS-90, deg C]	Depth [salt water, m]
0.08168	14.79416	-0.1914
0.08159	14.79263	-0.1883
0.08163	14.79167	-0.1944
0.08163	14.79091	-0.1883
0.08169	14.79020	-0.1823
0.08169	14.78976	-0.1852
0.08169	14.78899	-0.1913
0.08174	14.78056	-0.1913
0.08181	14.74973	-0.1913
0.08188	14.69695	-0.1912
0.08198	14.64902	-0.1943
0.08203	14.60929	-0.1913
0.08208	14.59176	-0.1883
0.08208	14.59214	-0.1822
0.08211	14.59690	-0.1913
0.08217	14.60046	-0.1882
0.08210	14.59982	-0.1881
0.08212	14.59785	-0.1882
0.08211	14.59411	-0.1882
0.08223	14.58896	-0.1912
0.08227	14.58312	-0.1882
0.08225	14.57639	-0.1851
0.08219	14.57696	-0.1912
0.08224	14.58045	-0.1882
0.08224	14.58363	-0.1882
0.08222	14.58522	-0.1852
0.08220	14.58331	-0.1882
0.08266	14.58280	-0.1911
0.08257	14.58103	-0.1851
0.08255	14.58179	-0.1882
0.08247	14.57690	-0.1821
0.08258	14.56700	-0.1821
0.08255	14.56021	-0.1881
0.08256	14.55716	-0.1881
0.08261	14.55653	-0.1881
0.08255	14.55875	-0.1881
0.08249	14.56217	-0.1821
0.08254	14.56554	-0.1851
0.08257	14.56890	-0.1851
0.08254	14.56611	-0.1880
0.08260	14.55640	-0.1850
5.45215	14.48599	-0.1002
24.87300	13.21457	0.0149
26.18560	11.56107	0.0877
27.12428	10.38911	0.1179
27.70663	9.59658	0.2057
28.21101	9.06071	0.2905
28.50931	8.70678	0.4027
28.89570	8.46861	0.4996
29.05092	8.34187	0.5299
29.16895	8.30085	0.5844
29.20442	8.29855	0.6480
29.27890	8.30198	0.7026
29.31447	8.28589	0.7208
29.34821	8.30708	0.7693
29.39192	8.34455	0.7874
29.42065	8.36631	0.7662
29.15331	8.36491	0.7873
29.12158	8.30241	0.8480
29.39669	8.24889	0.9026
29.40109	8.20605	0.9420
29.35722	8.16111	0.9751
29.36692	8.11361	1.0086
29.43411	8.07555	1.0329
29.48149	8.06451	1.0571
29.53271	8.06776	1.0540
29.57066	8.06910	1.0419
29.50995	8.07043	1.0207
29.38646	8.05533	0.9935
29.32556	8.03518	0.9754
29.31113	8.03326	0.9784
29.32155	8.04819	0.9997
29.36252	8.05352	1.0299
29.50975	8.05555	1.0572
29.64805	8.07144	1.0632
29.64585	8.08206	1.0783
29.67531	8.09151	1.0663
29.66187	8.13508	1.0420
29.51900	8.16031	1.0117
29.35779	8.16518	1.0027
29.27899	8.13866	0.9997
29.30080	8.11569	1.0088
29.42527	8.10859	1.0118
29.60596	8.12418	1.0177
29.61179	8.12723	1.0057
29.62908	8.12221	0.9906
29.51276	8.14705	0.9784
29.37793	8.15956	0.9815
29.30155	8.14043	0.9907
29.29273	8.10496	1.0270
29.36214	8.08740	1.0482
29.53076	8.09727	1.0663
29.62358	8.11024	1.0694
29.65457	8.09722	1.0664
29.69056	8.07923	1.0605
29.71524	8.07166	1.0574
29.74293	8.07070	1.0483
29.73451	8.07368	1.0211
29.64831	8.07774	1.0028
29.54282	8.07411	0.9726
29.41633	8.05853	0.9575
29.34175	8.03262	0.9423
29.31248	8.01589	0.9576
29.30883	8.01685	0.9969
29.37232	8.02378	1.0303
29.58677	8.03929	1.0636
29.63506	8.05651	1.0787
29.69760	8.07000	1.0757
29.63844	8.12846	1.0544
29.48749	8.20332	1.0393
29.36386	8.24139	1.0061
29.30204	8.23164	0.9849
29.31032	8.18994	0.9758
29.40128	8.15464	0.9818
29.52414	8.15635	0.9939
29.58077	8.17732	1.0303
29.62055	8.17175	1.0637
29.64346	8.15240	1.0940
29.69365	8.14577	1.1183
29.67805	8.18935	1.1152
29.60069	8.29983	1.1092
29.50168	8.42052	1.0637
29.38267	8.50785	1.0092
29.26096	8.55534	0.9608
29.18911	8.50559	0.9366
29.20896	8.40680	0.9306
29.29555	8.34358	0.9578
29.41002	8.32538	1.0002
29.49684	8.32629	1.0548
29.53761	8.30949	1.0881
29.58855	8.27843	1.1123
29.58820	8.30058	1.1123
29.54868	8.33553	1.0942
29.47339	8.36465	1.0640
29.40751	8.38314	1.0337
29.40882	8.37835	1.0217
29.43090	8.38663	1.0216
29.43268	8.40562	1.0186
29.42980	8.42364	1.0428
29.40971	8.43419	1.0580
29.45499	8.42779	1.0671
29.52977	8.41702	1.0702
29.52574	8.41417	1.0550
29.47822	8.46193	1.0460
29.38942	8.57290	1.0371
29.27377	8.66024	1.0310
29.18768	8.68841	1.0340
29.18952	8.66441	1.0492
29.31870	8.60343	1.0644
29.37327	8.57555	1.0735
29.40098	8.56236	1.0674
29.35439	8.61728	1.0523
29.24843	8.69914	1.0372
29.16706	8.74979	1.0221
29.14106	8.75608	1.0161
29.18723	8.70185	1.0161
29.31348	8.62306	1.0282
29.35820	8.60300	1.0494
29.37267	8.59603	1.0676
29.34751	8.63594	1.0859
29.28274	8.71415	1.0858
29.21260	8.77454	1.0920
29.17714	8.80072	1.0889
29.17646	8.79198	1.0860
29.19582	8.76661	1.0738
29.23434	8.73069	1.0527
29.27396	8.71046	1.0466
29.29845	8.71274	1.0285
29.29748	8.73216	1.0255
29.28468	8.74425	1.0256
29.28732	8.74306	1.0256
29.27716	8.76499	1.0347
29.25072	8.80072	1.0408
29.22669	8.81306	1.0651
29.23506	8.81268	1.0863
29.25094	8.81947	1.0743
29.23017	8.83312	1.0713
29.21137	8.85597	1.0532
29.17553	8.90290	1.0229
29.13754	8.93571	1.0017
29.10212	8.94727	0.9957
29.08048	8.94116	1.0079
29.13063	8.86424	1.0472
29.25772	8.76238	1.0957
29.29686	8.73140	1.1352
29.30713	8.72266	1.1413
29.23607	8.79980	1.1231
29.14355	8.90154	1.0839
29.05926	8.96789	1.0263
29.00747	8.99988	0.9597
28.93119	8.95447	0.9354
28.97599	8.80534	0.9537
29.15718	8.65867	1.0023
29.31678	8.58343	1.0629
29.40680	8.52048	1.1053
29.40864	8.53116	1.1387
29.33137	8.62452	1.1387
29.20679	8.71903	1.1115
29.11129	8.77297	1.0813
29.06199	8.79344	1.0389
29.07618	8.76385	1.0117
29.17364	8.65391	1.0027
29.30272	8.56577	1.0148
29.35207	8.53909	1.0362
29.38725	8.50602	1.0544
29.35927	8.52188	1.0725
29.19567	8.56334	1.1452
29.31075	8.55794	1.1786
29.36232	8.53591	1.1877
29.33472	8.57814	1.1878
29.26798	8.65272	1.1122
29.13916	8.73861	1.0486
29.06427	8.77427	1.0152
29.15561	8.67671	1.0245
29.28877	8.57636	1.0275
29.37847	8.49243	1.0428
29.40070	8.47842	1.0458
29.34886	8.54665	1.0398
29.26590	8.62777	1.0247
29.18962	8.67958	1.0217
29.14741	8.70667	1.0067
29.12317	8.71930	0.9945
29.13116	8.71670	0.9946
29.16334	8.70439	0.9856
29.19547	8.69626	0.9796
29.21119	8.69285	0.9917
29.21988	8.68532	1.0040
29.21414	8.67329	1.0342
29.21718	8.65656	1.0767
29.25752	8.64195	1.1102
29.26977	8.63637	1.1193
29.26070	8.65667	1.1041
29.19876	8.73080	1.0679
29.11361	8.79839	1.0043
29.05050	8.83551	0.9469
29.00937	8.82034	0.9166
29.01645	8.69047	0.9228
29.14176	8.53845	0.9530
29.33289	8.45342	1.0046
29.43322	8.39335	1.0593
29.46670	8.37486	1.0895
29.41254	8.44114	1.1108
29.32813	8.54141	1.1108
29.22454	8.63091	1.0806
29.11584	8.68093	1.0292
29.06098	8.67784	0.9778
29.05881	8.64996	0.9505
29.08827	8.57068	0.9476
29.21385	8.46904	0.9658
29.34712	8.41256	0.9962
29.42141	8.38018	1.0143
29.41467	8.40529	1.0326
29.33124	8.48208	1.0389
29.19948	8.56193	1.0509
29.11780	8.60684	1.0601
29.08857	8.62745	1.0633
29.13608	8.62658	1.0693
29.17655	8.62658	1.0694
29.18613	8.62723	1.0694
29.16831	8.63773	1.0604
29.13754	8.64860	1.0514
29.12569	8.65412	1.0241
29.12545	8.65921	0.9970
29.12752	8.66290	0.9668
29.11609	8.66544	0.9486
29.08878	8.66257	0.9517
29.07954	8.64752	0.9730
29.14230	8.59273	1.0186
29.23029	8.54071	1.0550
29.28335	8.51864	1.0823
29.28061	8.54104	1.0944
29.22579	8.60781	1.0914
29.14498	8.66674	1.0703
29.08206	8.70564	1.0462
29.03841	8.72467	1.0251
29.04734	8.69924	1.0099
29.11516	8.61317	0.9980
29.21665	8.53165	0.9890
29.26776	8.49852	0.9889
29.30430	8.46489	0.9921
29.29566	8.46775	1.0041
29.26008	8.49027	1.0315
29.25032	8.49949	1.0559
29.26942	8.49971	1.0802
29.27641	8.51098	1.1045
29.27435	8.52317	1.0955
29.24960	8.55491	1.0743
29.20074	8.59959	1.0441
29.14293	8.63729	0.9926
29.09211	8.65559	0.9503
29.06401	8.64720	0.9141
29.10351	8.56037	0.9232
29.18904	8.46123	0.9596
29.28372	8.41482	1.0233
29.33384	8.39222	1.0900
29.38888	8.37061	1.1325
29.35387	8.42590	1.1447
29.27201	8.52166	1.1327
29.16215	8.60760	1.0933
29.07016	8.65883	1.0329
29.02325	8.67882	0.9814
29.02665	8.66912	0.9391
29.08155	8.59408	0.9179
29.16626	8.50661	0.9301
29.23676	8.46290	0.9575
29.26051	8.45164	1.0000
29.28987	8.42773	1.0515
29.29708	8.43312	1.1001
29.27358	8.46802	1.1304
29.23788	8.51702	1.1365
29.19438	8.56922	1.1245
29.14021	8.61306	1.0883
29.08040	8.64931	1.0338
29.04083	8.66836	0.9763
29.03595	8.65699	0.9491
29.07886	8.56064	0.9310
29.17336	8.44679	0.9431
29.28998	8.38099	0.9675
29.34216	8.35191	0.9978
29.35839	8.35057	1.0312
29.30969	8.41019	1.0647
29.22380	8.47917	1.0799
29.14641	8.52571	1.0921
29.12174	8.54557	1.0983
29.13646	8.54665	1.0922
29.15692	8.54633	1.0772
29.16252	8.54590	1.0470
29.13741	8.54260	1.0106
29.09376	8.53656	0.9865
29.07363	8.51988	0.9866
29.14518	8.45530	1.0078
29.25135	8.39857	1.0292
29.32584	8.36040	1.0444
29.31103	8.39212	1.0475
29.21700	8.47152	1.0355
29.11152	8.53283	1.0235
29.05138	8.56253	1.0205
29.06210	8.54276	1.0267
29.16533	8.46317	1.0387
29.24275	8.41417	1.0450
29.28889	8.38889	1.0299
29.23709	8.43387	1.0179
29.13880	8.49831	0.9998
29.06537	8.53510	0.9938
29.05323	8.51125	1.0120
29.16266	8.42294	1.0545
29.27044	8.36115	1.0940
29.33753	8.32157	1.1152
29.30329	8.36583	1.1214
29.21846	8.45045	1.1033
29.11359	8.51654	1.0792
29.06493	8.54681	1.0398
29.03548	8.56177	0.9976
29.03493	8.55875	0.9704
29.07775	8.50748	0.9522
29.13328	8.44125	0.9462
29.18528	8.37916	0.9463
29.22891	8.32431	0.9676
29.27418	8.28717	1.0070
29.29726	8.27789	1.0587
29.31582	8.28331	1.0950
29.30646	8.31931	1.1043
29.24777	8.39136	1.1164
29.15801	8.45794	1.0983
29.09086	8.50402	1.0681
29.04885	8.52879	1.0380
29.08104	8.48413	1.0259
29.15859	8.40750	1.0229
29.21177	8.37115	1.0231
29.23165	8.35943	1.0262
29.25698	8.34004	1.0141
29.25772	8.34724	1.0082
29.22614	8.37126	0.9961
29.19431	8.38389	1.0021
29.17765	8.38093	1.0206
29.17740	8.38082	1.0479
29.19747	8.39023	1.0540
29.20863	8.39749	1.0662
29.21076	8.40788	1.0633
29.17656	8.43075	1.0513
29.12965	8.44852	1.0513
29.09993	8.45417	1.0514
29.10583	8.44948	1.0514
29.13968	8.45051	1.0485
29.16325	8.44825	1.0305
29.16944	8.45110	1.0124
29.12365	8.46624	0.9882
29.06837	8.47804	0.9671
29.03704	8.46969	0.9793
29.09410	8.39056	1.0248
29.21762	8.31126	1.0794
29.30399	8.27141	1.1219
29.32859	8.26728	1.1281
29.26649	8.33778	1.1160
29.15539	8.42230	1.0828
29.05739	8.47874	1.0222
29.02879	8.49798	0.9648
29.03326	8.44615	0.9498
29.10883	8.35175	0.9560
29.22575	8.28819	0.9802
29.29223	8.24616	1.0318
29.33119	8.22243	1.0713
29.30722	8.25854	1.0987
29.25472	8.32007	1.1108
29.18044	8.38007	1.0927
29.09518	8.42477	1.0503
29.05093	8.44028	1.0112
29.06113	8.42057	0.9688
29.09819	8.36857	0.9507
29.13712	8.31717	0.9598
29.19134	8.26540	1.0023
29.23875	8.23877	1.0571
29.25915	8.23802	1.1147
29.28836	8.23389	1.1480
29.28682	8.25843	1.1662
29.24149	8.31609	1.1422
29.17071	8.38002	1.0876
29.08772	8.42773	1.0152
29.03877	8.44518	0.9516
29.01249	8.42380	0.9275
29.02855	8.33483	0.9366
29.14498	8.24900	0.9761
29.26567	8.20145	1.0034
29.33908	8.16202	1.0338
29.32868	8.18192	1.0551
29.24132	8.24284	1.0672
29.13549	8.29538	1.0735
29.07345	8.32280	1.0735
29.06057	8.33725	1.0797
29.10281	8.32313	1.0768
29.15360	8.30756	1.0648
29.16926	8.30525	1.0558
29.18075	8.30622	1.0345
29.17283	8.31277	1.0136
29.13894	8.31888	0.9924
29.10549	8.32511	0.9894
29.08870	8.32393	1.0077
29.11285	8.31024	1.0290
29.16925	8.28390	1.0533
29.20312	8.27184	1.0837
29.21643	8.27060	1.0899
29.19900	8.28975	1.0869
29.16463	8.31438	1.0719
29.13163	8.33000	1.0598
29.11128	8.33392	1.0386
29.10115	8.32710	1.0296
29.10219	8.31169	1.0328
29.12467	8.30075	1.0359
29.15414	8.29897	1.0299
29.17576	8.29264	1.0179
29.17826	8.29334	1.0119
29.13815	8.30579	1.0029
29.10484	8.31368	1.0092
29.08697	8.31234	1.0334
29.10548	8.30547	1.0608
29.14920	8.29656	1.0971
29.18772	8.28921	1.1064
29.19791	8.29506	1.0974
29.17146	8.32511	1.0733
29.11321	8.35583	1.0461
29.06567	8.37292	1.0098
29.03362	8.37631	0.9827
29.02756	8.35975	0.9858
29.08565	8.30219	1.0252
29.17306	8.25415	1.0707
29.22796	8.22752	1.1011
29.23662	8.23298	1.1042
29.19808	8.27789	1.0862
29.11822	8.32737	1.0560
29.04972	8.36303	1.0016
29.02695	8.36755	0.9774
29.04956	8.31523	0.9684
29.12456	8.24407	0.9927
29.20540	8.20375	1.0171
29.25350	8.18138	1.0383
29.25523	8.19224	1.0507
29.20635	8.23797	1.0597
29.12447	8.28143	1.0721
29.07564	8.30493	1.0780
29.05834	8.30568	1.1146
29.05584	8.27543	1.1843
29.13144	8.20707	1.2691
29.19806	8.15427	1.3692
29.19777	8.11409	1.4905
29.15006	8.07102	1.6361
29.11463	8.01946	1.8088
29.09534	7.97548	1.9938
29.08808	7.94117	2.2058
29.09516	7.91246	2.4331
29.10034	7.88882	2.6634
29.10921	7.86902	2.9089
29.12281	7.85135	3.1452
29.13662	7.83613	3.3998
29.14815	7.82351	3.6392
29.15470	7.81354	3.8877
29.15984	7.80580	4.1240
29.16196	7.79981	4.3815
29.16481	7.79573	4.6423
29.16502	7.79266	4.8908
29.16468	7.78985	5.1331
29.16560	7.78763	5.3907
29.16527	7.78620	5.6271
29.16520	7.78424	5.8665
29.16560	7.78148	6.1028
29.16445	7.77910	6.3514
29.16317	7.77719	6.6028
29.15906	7.77603	6.8846
29.15808	7.77460	7.1604
29.15749	7.77301	7.4301
29.15794	7.77079	7.6937
29.15934	7.76899	7.9634
29.15957	7.76787	8.2331
29.15800	7.76761	8.5028
29.15493	7.76660	8.7694
29.15433	7.76533	9.0360
29.15449	7.76369	9.3058
29.15459	7.76221	9.5725
29.15513	7.76073	9.8390
29.15416	7.75951	10.1148
29.15390	7.75845	10.4027
29.16032	7.75734	10.6694
29.19532	7.75490	10.9601
29.22849	7.75046	11.2420
29.27772	7.74506	11.5087
29.32773	7.73765	11.7815
29.36984	7.72877	12.0510
29.41409	7.72030	12.3299
29.43596	7.71221	12.6087
29.45679	7.70576	12.8812
29.47290	7.70037	13.1723
29.49107	7.69593	13.4418
29.51187	7.69192	13.7206
29.52207	7.68832	13.9994
29.54294	7.68510	14.2569
29.55929	7.68177	14.5267
29.57212	7.67823	14.7873
29.58266	7.67496	15.0510
29.59819	7.67216	15.3025
29.60443	7.66904	15.5811
29.61297	7.66666	15.8418
29.62191	7.66466	16.1114
29.63235	7.66249	16.3843
29.63971	7.66027	16.6721
29.64851	7.65821	16.9478
29.66222	7.65626	17.2386
29.68429	7.65351	17.5386
29.69773	7.64966	17.8476
29.70442	7.64565	18.1385
29.71060	7.64269	18.4233
29.71289	7.64063	18.7022
29.71515	7.63884	18.9809
29.72533	7.63747	19.2474
29.75839	7.63467	19.4961
29.77794	7.62792	19.7718
29.79585	7.62074	20.0294
29.81638	7.61394	20.2929
29.82936	7.60697	20.5505
29.84638	7.60086	20.8141
29.88923	7.59421	21.0747
29.98553	7.58167	21.3444
30.01113	7.56318	21.6201
30.02718	7.54848	21.8989
30.03525	7.53953	22.1807
30.04098	7.53442	22.4625
30.04605	7.53132	22.7261
30.05086	7.52911	22.9987
30.05757	7.52758	23.2744
30.06480	7.52569	23.5623
30.06893	7.52374	23.8199
30.07345	7.52216	24.1137
30.08569	7.52048	24.3834
30.09116	7.51842	24.6623
30.09875	7.51642	24.9258
30.10377	7.51421	25.1955
30.11128	7.51269	25.4773
30.11747	7.51095	25.7257
30.11954	7.50911	26.0014
30.12294	7.50801	26.2711
30.12428	7.50701	26.5470
30.12399	7.50638	26.8014
30.12419	7.50616	27.0832
30.12434	7.50585	27.3528
30.12328	7.50580	27.6194
30.12336	7.50580	27.8952
30.12585	7.50580	28.2194
30.12800	7.50574	28.5132
30.12916	7.50564	28.7800
30.12905	7.50569	29.0648
30.12918	7.50580	29.3284
30.12966	7.50548	29.5980
30.13344	7.50553	29.8677
30.13580	7.50511	30.1282
30.13683	7.50485	30.3889
30.13656	7.50459	30.6403
30.13739	7.50432	30.9100
30.13773	7.50417	31.1917
30.13799	7.50411	31.4614
30.13791	7.50406	31.7371
30.13967	7.50401	32.0311
30.14258	7.50385	32.3036
30.14392	7.50322	32.5946
30.14505	7.50254	32.8824
30.14988	7.50190	33.1580
30.15280	7.50059	33.4430
30.15622	7.49933	33.7066
30.16166	7.49785	33.9731
30.16416	7.49628	34.2398
30.16699	7.49470	34.5094
30.17093	7.49344	34.7791
30.17342	7.49181	35.0398
30.17826	7.49049	35.2973
30.18203	7.48912	35.5638
30.18803	7.48739	35.8244
30.19471	7.48502	36.0911
30.21065	7.48224	36.3547
30.22649	7.47714	36.6152
30.24236	7.47072	36.9001
30.25570	7.46405	37.1666
30.26906	7.45811	37.4483
30.28343	7.45291	37.7271
30.30965	7.44745	38.0059
30.34173	7.43983	38.2755
30.38683	7.42544	38.5542
30.44497	7.40030	38.8603
30.49839	7.36742	39.1300
30.57215	7.33687	39.3935
30.63149	7.30896	39.6692
30.70128	7.28378	39.9481
30.72910	7.26161	40.2267
30.75270	7.24624	40.4994
30.77359	7.23573	40.7720
30.78622	7.22904	41.0478
30.79378	7.22335	41.3114
30.80055	7.21943	41.5840
30.80808	7.21682	41.8689
30.81715	7.21348	42.1263
30.82834	7.20700	42.4111
30.86168	7.19645	42.6716
30.89343	7.18158	42.9323
30.91720	7.16431	43.1897
30.94367	7.14882	43.4565
30.97503	7.13521	43.7412
30.99644	7.12249	43.9987
31.02016	7.11087	44.2987
31.04195	7.10030	44.5805
31.07485	7.08910	44.8683
31.10917	7.07197	45.1500
31.14545	7.04908	45.4196
31.17564	7.02396	45.6983
31.21197	7.00297	45.9529
31.25265	6.98125	46.2105
31.28446	6.95628	46.4589
31.31704	6.92821	46.7133
31.34675	6.90177	46.9739
31.36935	6.88042	47.2438
31.38716	6.86338	47.5072
31.40263	6.84919	47.7857
31.41422	6.83749	48.0647
31.42345	6.82756	48.3432
31.42971	6.82057	48.6340
31.43590	6.81566	48.9220
31.44262	6.81018	49.2068
31.44959	6.80464	49.4854
31.45644	6.80030	49.7491
31.46181	6.79792	50.0367
31.46677	6.79704	50.2914
31.48563	6.79771	50.5670
31.49067	6.80149	50.8183
31.49050	6.80583	51.0790
31.50406	6.80987	51.3215
31.50123	6.81535	51.5668
31.50020	6.81995	51.8394
31.50264	6.82300	52.0970
31.51836	6.82673	52.3787
31.54664	6.83283	52.6393
31.58813	6.84407	52.9301
31.62176	6.86296	53.2118
31.64474	6.88648	53.5087
31.66233	6.91120	53.7875
31.67474	6.93506	54.0662
31.68110	6.95669	54.3419
31.71926	6.97544	54.6084
31.75114	6.99694	54.8841
31.74545	7.01970	55.1417
31.81341	7.03852	55.4082
31.84692	7.06302	55.6719
31.85113	7.08842	55.9202
31.85936	7.10483	56.1747
31.87870	7.11296	56.4323
31.88556	7.11415	56.6867
31.89211	7.11025	56.9442
31.89606	7.10254	57.2139
31.90432	7.09384	57.4806
31.90341	7.08410	57.7502
31.89660	7.06870	58.0260
31.90644	7.04476	58.3197
31.90916	7.01913	58.5954
31.91890	6.99200	58.9045
31.93269	6.96391	59.1982
31.94930	6.93677	59.4769
31.96419	6.91400	59.7618
31.97262	6.89643	60.0253
31.97914	6.88130	60.2828
31.98995	6.86809	60.5374
31.99614	6.85846	60.7827
32.00272	6.85126	61.0281
32.00310	6.84671	61.2706
32.00226	6.84205	61.5157
32.00670	6.83496	61.7704
32.01683	6.82792	62.0249
32.02301	6.82373	62.2885
32.02560	6.82156	62.5552
32.02956	6.82083	62.8369
32.03244	6.82119	63.1306
32.03535	6.82233	63.4034
32.03411	6.82388	63.6911
32.03350	6.82476	63.9699
32.03741	6.82549	64.2486
32.04363	6.82704	64.5301
32.04324	6.82989	64.8029
32.03943	6.83237	65.0604
32.04197	6.83356	65.3089
32.04585	6.83470	65.5632
32.04180	6.83635	65.8058
32.04677	6.83713	66.0542
32.04660	6.83858	66.2996
32.04275	6.84008	66.5601
32.04083	6.84055	66.8267
32.05040	6.84070	67.0933
32.04230	6.84236	67.3689
32.04411	6.84277	67.6476
32.05593	6.84308	67.9324
32.07000	6.84619	68.2020
32.06462	6.85167	68.4686
32.06546	6.85576	68.7443
32.07420	6.85856	69.0473
32.07606	6.86084	69.2986
32.07571	6.86219	69.5503
32.07529	6.86286	69.8227
32.07620	6.86322	70.0804
32.07657	6.86343	70.3498
32.07684	6.86338	70.6044
32.07730	6.86348	70.8799
32.06800	6.86275	71.1405
32.06142	6.85582	71.4254
32.06699	6.84386	71.6828
32.07291	6.83195	71.9616
32.07635	6.82161	72.2373
32.08190	6.81224	72.5036
32.08395	6.80449	72.7794
32.08649	6.79761	73.0430
32.08888	6.79125	73.3218
32.09702	6.78572	73.5700
32.10088	6.78365	73.8335
32.08992	6.78396	74.0882
32.08811	6.77998	74.3486
32.09363	6.77461	74.6061
32.09558	6.77099	74.8879
32.09705	6.76856	75.1421
32.09606	6.76655	75.4179
32.09762	6.76438	75.6847
32.09753	6.76252	75.9451
32.09554	6.76092	76.2207
32.10345	6.75885	76.4783
32.10338	6.75952	76.7539
32.09678	6.76066	77.0235
32.09664	6.75921	77.2840
32.10118	6.75746	77.5353
32.10153	6.75694	77.8052
32.09972	6.75699	78.0626
32.08888	6.75570	78.3352
32.08867	6.75110	78.5926
32.09497	6.74599	78.8592
32.09573	6.74289	79.1802
32.09665	6.74067	79.4680
32.08396	6.73851	79.7225
32.08268	6.73241	79.9922
32.09884	6.72555	80.2768
32.09445	6.72359	80.5434
32.07984	6.72090	80.8009
32.07695	6.71229	81.0613
32.08745	6.70166	81.3431
32.09245	6.69464	81.6036
32.09660	6.69016	81.8641
32.09933	6.68748	82.1247
32.09856	6.68634	82.3912
32.09925	6.68510	82.6579
32.09826	6.68309	82.9335
32.09876	6.68067	83.1879
32.10090	6.67789	83.4454
32.10290	6.67526	83.7120
32.10261	6.67361	83.9695
32.10471	6.67124	84.2298
32.10608	6.66964	84.4905
32.10560	6.66856	84.7539
32.10420	6.66670	85.0173
32.10518	6.66222	85.2901
32.10952	6.65598	85.5717
32.11495	6.65042	85.8567
32.11951	6.64578	86.1231
32.12496	6.64094	86.3776
32.13113	6.63496	86.6471
32.13680	6.62879	86.9197
32.14048	6.62364	87.1712
32.14485	6.61849	87.4287
32.14954	6.61447	87.6831
32.15320	6.61154	87.9435
32.16271	6.60963	88.1890
32.16888	6.60799	88.4495
32.17510	6.60701	88.7130
32.18378	6.60634	88.9977
32.18800	6.60572	89.3006
32.19156	6.60428	89.5795
32.19532	6.60089	89.8429
32.19813	6.59703	90.1307
32.20138	6.59307	90.4124
32.20426	6.58885	90.6789
32.21470	6.58339	90.9485
32.22660	6.57640	91.2209
32.24319	6.57028	91.4875
32.25796	6.56529	91.7418
32.26574	6.56020	92.0025
32.27642	6.55599	92.2597
32.28298	6.55146	92.5204
32.28920	6.54694	92.7688
32.29255	6.54216	93.0293
32.29721	6.53528	93.2835
32.30230	6.52757	93.5382
32.29958	6.52018	93.8108
32.29841	6.51011	94.0802
32.30146	6.49697	94.3377
32.28552	6.48188	94.6044
32.28492	6.45705	94.8678
32.29590	6.42691	95.1312
32.30985	6.39833	95.3979
32.32882	6.37417	95.6613
32.34319	6.35713	95.9402
32.35149	6.34679	96.2036
32.35722	6.33989	96.4794
32.36105	6.33462	96.7518
32.36437	6.33099	97.0216
32.36563	6.32844	97.2940
32.36435	6.32644	97.5577
32.36533	6.32419	97.8180
32.36443	6.32246	98.0724
32.36211	6.32011	98.3361
32.36080	6.31632	98.5934
32.36174	6.31091	98.8507
32.36308	6.30462	99.1173
32.36731	6.29864	99.4019
32.36982	6.29405	99.6655
32.37195	6.29022	99.9170
32.37271	6.28690	100.1653
32.37409	6.28378	100.4260
32.37628	6.28097	100.7045
32.37794	6.27872	100.9741
32.37936	6.27709	101.2437
32.38059	6.27602	101.5344
32.38083	6.27490	101.8131
32.37864	6.27341	102.0857
32.37767	6.26964	102.3581
32.37838	6.26336	102.6430
32.38001	6.25575	102.9063
32.37705	6.24795	103.1669
32.37198	6.23800	103.4121
32.38020	6.22565	103.6787
32.37082	6.21490	103.9423
32.36330	6.20174	104.2058
32.36978	6.18584	104.4663
32.36752	6.17117	104.7327
32.37371	6.15595	104.9843
32.38701	6.14332	105.2417
32.39367	6.13620	105.5051
32.39803	6.13223	105.7717
32.39964	6.13004	106.0412
32.38771	6.12872	106.3045
32.38531	6.12322	106.5773
32.38851	6.11544	106.8317
32.39209	6.10827	107.1133
32.39458	6.10268	107.3920
32.39707	6.09774	107.6647
32.39948	6.09363	107.9492
32.40138	6.09048	108.2188
32.40283	6.08809	108.5005
32.40385	6.08615	108.7761
32.40418	6.08458	109.0425
32.40544	6.08310	109.3454
32.40476	6.08194	109.6120
32.40456	6.08021	109.8542
32.40370	6.07777	110.1116
32.40450	6.07426	110.3600
32.40589	6.07020	110.6054
32.40880	6.06557	110.8568
32.41186	6.06115	111.1082
32.41546	6.05689	111.3686
32.42031	6.05277	111.6350
32.42453	6.05003	111.9229
32.42705	6.04871	112.1983
32.43012	6.04820	112.4740
32.43231	6.04810	112.7437
32.43570	6.04820	113.0133
32.43825	6.04678	113.2949
32.44136	6.04485	113.5551
32.44467	6.04236	113.8066
32.44813	6.03861	114.0792
32.45190	6.03490	114.3367
32.45463	6.03155	114.5941
32.45514	6.02769	114.8485
32.45531	6.02018	115.0968
32.46277	6.00978	115.3724
32.46939	6.00055	115.6391
32.47477	5.99299	115.8965
32.47974	5.98731	116.1509
32.48351	5.98361	116.4174
32.48489	5.98168	116.6685
32.48500	5.98041	116.9291
32.48579	5.97909	117.1866
32.48647	5.97752	117.4469
32.48797	5.97539	117.7135
32.49010	5.97347	117.9831
32.49169	5.97205	118.2465
32.49208	5.97114	118.5220
32.49218	5.97053	118.8007
32.49288	5.97037	119.0823
32.49272	5.97002	119.4034
32.49317	5.96977	119.6911
32.49403	5.96946	119.9606
32.49430	5.96906	120.2029
32.49476	5.96845	120.4602
32.49541	5.96764	120.7238
32.49557	5.96698	120.9812
32.49579	5.96662	121.2387
32.49596	5.96632	121.4930
32.49612	5.96602	121.7655
32.49423	5.96566	122.0351
32.49448	5.96455	122.2863
32.49543	5.96328	122.5559
32.49637	5.96232	122.8104
32.49703	5.96186	123.0649
32.49735	5.96176	123.3282
32.49677	5.96151	123.5796
32.49749	5.96135	123.8462
32.49716	5.96120	124.1066
32.49728	5.96095	124.3550
32.49725	5.96085	124.6154
32.49741	5.96054	124.8940
32.49758	5.96059	125.1664
32.49740	5.96064	125.4300
32.49652	5.96069	125.7085
32.49664	5.96044	125.9689
32.49700	5.95993	126.2205
32.49681	5.95963	126.4868
32.49744	5.95958	126.7352
32.49742	5.95933	126.9958
32.49718	5.95922	127.2562
32.49665	5.95892	127.5135
32.49702	5.95811	127.7769
32.49829	5.95694	128.0313
32.49890	5.95618	128.2886
32.49918	5.95547	128.5281
32.50003	5.95477	128.7734
32.50053	5.95411	129.0458
32.50147	5.95370	129.3365
32.50212	5.95325	129.6210
32.50428	5.95269	129.8604
32.50549	5.95203	130.1089
32.50838	5.95137	130.3632
32.51013	5.95086	130.6175
32.51149	5.95041	130.8751
32.51206	5.95005	131.1205
32.51262	5.94970	131.3928
32.51381	5.94899	131.6501
32.51556	5.94813	131.9045
32.51681	5.94742	132.1561
32.51646	5.94656	132.4407
32.51627	5.94489	132.6888
32.51576	5.94164	132.9613
32.51399	5.93587	133.2037
32.52206	5.92625	133.4671
32.52861	5.91718	133.7275
32.53459	5.90974	133.9941
32.53843	5.90271	134.2544
32.54188	5.89471	134.4996
32.54581	5.88657	134.7541
32.55147	5.87984	135.0024
32.55627	5.87509	135.2477
32.55853	5.87225	135.4930
32.56036	5.87058	135.7442
32.56194	5.86947	135.9867
32.56256	5.86841	136.2472
32.56301	5.86745	136.5045
32.56344	5.86614	136.7771
32.56375	5.86467	137.0464
32.56167	5.86305	137.3250
32.55219	5.85992	137.5824
32.55245	5.85238	137.8459
32.56389	5.84248	138.1124
32.57766	5.83379	138.3758
32.58409	5.82843	138.6452
32.59016	5.82308	138.9391
32.59802	5.81797	139.2270
32.60432	5.81560	139.4810
32.61391	5.81555	139.7323
32.61829	5.81691	139.9869
32.61761	5.81712	140.2532
32.62093	5.81500	140.5199
32.62300	5.81272	140.7833
32.62598	5.81096	141.0377
32.62877	5.80974	141.3072
32.63080	5.80888	141.5796
32.63202	5.80858	141.8279
32.63244	5.80838	142.0791
32.63247	5.80858	142.3457
32.63299	5.80863	142.6062
32.63307	5.80914	142.8756
32.63338	5.80934	143.1421
32.63312	5.80984	143.4025
32.63284	5.81000	143.6658
32.63271	5.81000	143.9355
32.63338	5.80989	144.2020
32.63424	5.80959	144.4684
32.63439	5.80894	144.7349
32.63534	5.80767	145.0044
32.63662	5.80636	145.2679
32.63727	5.80520	145.5252
32.63781	5.80414	145.7917
32.63925	5.80288	146.0552
32.64288	5.80116	146.3245
32.64438	5.79985	146.5728
32.64641	5.79899	146.8334
32.64792	5.79838	147.0968
32.64958	5.79798	147.3602
32.65168	5.79778	147.6328
32.65300	5.79773	147.9023
32.65367	5.79763	148.1686
32.65379	5.79773	148.4440
32.65379	5.79758	148.7349
32.65455	5.79737	149.0255
32.65562	5.79722	149.2859
32.65682	5.79722	149.5524
32.65737	5.79717	149.8098
32.65867	5.79722	150.0732
32.65987	5.79722	150.3364
32.66134	5.79702	150.6094
32.66216	5.79712	150.8725
32.66387	5.79702	151.1541
32.66583	5.79697	151.4116
32.66715	5.79692	151.6841
32.67024	5.79641	151.9534
32.67190	5.79601	152.2229
32.67406	5.79545	152.4925
32.68023	5.79460	152.7559
32.68620	5.79192	153.0161
32.69083	5.78839	153.2675
32.69432	5.78501	153.5278
32.69654	5.78258	153.7914
32.69941	5.78021	154.0397
32.70034	5.77840	154.3002
32.70174	5.77719	154.5666
32.70238	5.77638	154.8451
32.70229	5.77562	155.0904
32.70344	5.77466	155.3540
32.70439	5.77391	155.6293
32.70357	5.77325	155.8777
32.70432	5.77199	156.1378
32.70552	5.77098	156.4015
32.70612	5.77022	156.6649
32.70573	5.76977	156.9252
32.70579	5.76921	157.1764
32.70624	5.76825	157.4432
32.70763	5.76669	157.7034
32.70825	5.76518	157.9850
32.70953	5.76336	158.2484
32.71144	5.76089	158.5240
32.71314	5.75827	158.8053
32.71537	5.75509	159.0991
32.71897	5.75095	159.3656
32.72229	5.74667	159.6261
32.72540	5.74334	159.8682
32.72572	5.74107	160.1286
32.72627	5.73835	160.3798
32.72938	5.73457	160.6493
32.73198	5.73139	160.9068
32.73309	5.72902	161.1702
32.73533	5.72696	161.4217
32.73626	5.72550	161.6880
32.73651	5.72439	161.9394
32.73651	5.72318	162.1966
32.73759	5.72192	162.4844
32.73833	5.72101	162.7536
32.73793	5.72021	163.0140
32.73998	5.71905	163.2835
32.75205	5.71864	163.5437
32.75345	5.72026	163.7983
32.75258	5.72247	164.0707
32.75312	5.72388	164.3340
32.75493	5.72514	164.5945
32.75586	5.72615	164.8580
32.75580	5.72681	165.1243
32.75626	5.72656	165.3846
32.75636	5.72524	165.6421
32.75723	5.72363	165.8966
32.75919	5.72242	166.1658
32.76030	5.72187	166.4290
32.75962	5.72172	166.6897
32.75923	5.72162	166.9652
32.76029	5.72111	167.2225
32.76134	5.71990	167.4950
32.76139	5.71834	167.7585
32.76051	5.71693	168.0307
32.76227	5.71643	168.3064
32.76572	5.71592	168.5909
32.76777	5.71547	168.8908
32.76838	5.71542	169.1692
32.76863	5.71532	169.4416
32.76909	5.71507	169.7110
32.77106	5.71471	169.9837
32.77183	5.71451	170.2529
32.77275	5.71451	170.5285
32.77751	5.71411	170.7950
32.77800	5.71345	171.0798
32.77810	5.71285	171.3643
32.77881	5.71235	171.6276
32.77942	5.71209	171.8908
32.78005	5.71189	172.1512
32.78047	5.71169	172.4177
32.78133	5.71169	172.6720
32.78115	5.71174	172.9413
32.78428	5.71164	173.2079
32.78578	5.71134	173.4715
32.78585	5.71083	173.7438
32.78606	5.71048	174.0224
32.78527	5.71043	174.2946
32.78434	5.71053	174.5701
32.78589	5.71088	174.8519
32.78697	5.71073	175.1120
32.78818	5.71043	175.3939
32.78969	5.71018	175.6752
32.79005	5.70932	175.9297
32.79174	5.70816	176.2020
32.79848	5.70645	176.4838
32.80142	5.70539	176.7468
32.80373	5.70504	177.0284
32.80516	5.70514	177.3583
32.80911	5.70524	177.7004
32.81410	5.70529	178.0518
32.81764	5.70469	178.3484
32.81889	5.70363	178.6176
32.82122	5.70212	178.8630
32.82491	5.70036	179.1384
32.82817	5.69794	179.4411
32.83079	5.69582	179.7288
32.83281	5.69431	180.0467
32.83476	5.69326	180.3279
32.83565	5.69220	180.5974
32.83730	5.69109	180.8760
32.83765	5.69059	181.1637
32.83776	5.69033	181.4389
32.83821	5.69008	181.7268
32.83837	5.68978	182.0023
32.83869	5.68968	182.2715
32.83889	5.68963	182.5473
32.84347	5.68948	182.8315
32.84790	5.68797	183.1071
32.85274	5.68575	183.3824
32.85738	5.68404	183.6399
32.85991	5.68238	183.9275
32.86120	5.68127	184.2150
32.86311	5.68062	184.4996
32.86530	5.67996	184.7810
32.87030	5.67896	185.0536
32.87615	5.67679	185.3414
32.88184	5.67327	185.6167
32.88609	5.66949	185.8983
32.89071	5.66642	186.1679
32.89273	5.66421	186.4432
32.89568	5.66250	186.7185
32.89771	5.66099	187.0030
32.89930	5.65988	187.2725
32.90015	5.65923	187.5512
32.90246	5.65852	187.8324
32.90609	5.65741	188.1050
32.91022	5.65601	188.3806
32.91357	5.65424	188.6471
32.91785	5.65253	188.9285
32.92176	5.65092	189.1949
32.92365	5.64957	189.4822
32.92591	5.64856	189.7487
32.92685	5.64776	190.0152
32.92795	5.64720	190.3057
32.92945	5.64660	190.6086
32.93025	5.64635	190.9050
32.93153	5.64599	191.1654
32.93259	5.64549	191.4319
32.93360	5.64504	191.7074
32.93531	5.64489	191.9827
32.93729	5.64454	192.2460
32.93855	5.64418	192.5277
32.93902	5.64393	192.7970
32.94064	5.64358	193.0574
32.94376	5.64343	193.3328
32.94463	5.64313	193.5962
32.94470	5.64293	193.8563
32.94724	5.64272	194.1198
32.94784	5.64262	194.3800
32.94821	5.64247	194.6466
32.94873	5.64252	194.9280
32.94900	5.64247	195.1884
32.95003	5.64237	195.4548
32.95145	5.64222	195.7213
32.95197	5.64192	195.9966
32.95403	5.64177	196.2598
32.95471	5.64167	196.5142
32.95678	5.64122	196.7835
32.95790	5.64066	197.0410
32.95942	5.64006	197.3073
32.96094	5.63946	197.5616
32.96189	5.63900	197.8278
32.96281	5.63865	198.0854
32.96339	5.63830	198.3396
32.96421	5.63805	198.5998
32.96483	5.63765	198.8599
32.96474	5.63724	199.1204
32.96582	5.63709	199.3837
32.96634	5.63679	199.6444
32.96711	5.63659	199.9044
32.96779	5.63649	200.1677
32.97140	5.63619	200.4552
32.97356	5.63563	200.7399
32.97529	5.63518	201.0002
32.97694	5.63473	201.2634
32.97908	5.63423	201.5178
32.98146	5.63382	201.7719
32.98295	5.63362	202.0232
32.98395	5.63317	202.3169
32.98432	5.63302	202.5832
32.98552	5.63267	202.8556
32.98610	5.63267	203.1158
32.98676	5.63236	203.3824
32.98684	5.63236	203.6425
32.98822	5.63226	203.8997
32.99057	5.63226	204.1542
32.99653	5.63211	204.4023
33.00050	5.63146	204.6506
33.00179	5.63111	204.8960
33.00347	5.63071	205.1471
33.00568	5.63040	205.4195
33.00751	5.63020	205.6797
33.00961	5.63010	205.9341
33.01133	5.63000	206.2214
33.01239	5.62980	206.4757
33.01340	5.62935	206.7603
33.01392	5.62905	207.0265
33.01398	5.62849	207.2837
33.01414	5.62819	207.5443
33.01522	5.62769	207.8017
33.01774	5.62678	208.0555
33.02071	5.62543	208.3191
33.02277	5.62427	208.5822
33.02588	5.62341	208.8456
33.02856	5.62271	209.1091
33.03004	5.62251	209.3722
33.03316	5.62236	209.6448
33.03596	5.62226	209.9049
33.03642	5.62236	210.2048
33.03654	5.62246	210.4861
33.03631	5.62256	210.7554
33.03724	5.62256	211.0158
33.03810	5.62256	211.2672
33.04015	5.62251	211.5243
33.04047	5.62241	211.7847
33.04109	5.62236	212.0508
33.04146	5.62221	212.3177
33.04143	5.62211	212.5867
33.04089	5.62216	212.8713
33.04116	5.62211	213.1434
33.04188	5.62196	213.4009
33.04170	5.62165	213.6610
33.04202	5.62155	213.9337
33.04259	5.62155	214.2088
33.04255	5.62145	214.4754
33.04299	5.62160	214.7296
33.04728	5.62171	214.9898
33.04993	5.62176	215.2654
33.05050	5.62176	215.5343
33.05055	5.62186	215.7979
33.05214	5.62191	216.0674
33.05468	5.62206	216.3426
33.05576	5.62226	216.6152
33.05824	5.62241	216.8782
33.05730	5.62251	217.1569
33.05843	5.62266	217.4294
33.05824	5.62271	217.7107
33.05898	5.62291	217.9651
33.05673	5.62291	218.2375
33.05634	5.62281	218.5005
33.05727	5.62281	218.7609
33.06022	5.62291	219.0302
33.06618	5.62311	219.3027
33.06672	5.62352	219.5597
33.06761	5.62392	219.8354
33.06892	5.62417	220.1137
33.06949	5.62452	220.4010
33.06991	5.62467	220.6829
33.07022	5.62492	220.9882
33.07267	5.62517	221.2608
33.07571	5.62548	221.5302
33.07821	5.62603	221.7993
33.07784	5.62663	222.0687
33.07771	5.62698	222.3412
33.07779	5.62714	222.6014
33.07782	5.62734	222.8555
33.07729	5.62739	223.1220
33.07736	5.62754	223.3854
33.07714	5.62764	223.6454
33.07762	5.62774	223.9028
33.07794	5.62764	224.1663
33.07806	5.62774	224.4324
33.07846	5.62784	224.7140
33.07813	5.62804	224.9832
33.07835	5.62804	225.2647
33.07852	5.62809	225.5399
33.07940	5.62814	225.8094
33.07988	5.62824	226.0666
33.08050	5.62819	226.3326
33.08209	5.62824	226.5871
33.08257	5.62834	226.8565
33.08294	5.62819	227.1317
33.08397	5.62809	227.3862
33.08419	5.62809	227.6584
33.08451	5.62799	227.9218
33.08480	5.62784	228.2033
33.08458	5.62794	228.4666
33.08605	5.62774	228.7360
33.08643	5.62759	228.9903
33.08675	5.62749	229.2530
33.08713	5.62734	229.5106
33.08785	5.62719	229.7771
33.08797	5.62729	230.0555
33.08767	5.62744	230.3545
33.08844	5.62724	230.6424
33.08911	5.62749	230.9208
33.09131	5.62764	231.1902
33.09049	5.62834	231.4531
33.08906	5.62895	231.7076
33.09104	5.62889	231.9556
33.09259	5.62935	232.2130
33.09252	5.63000	232.4851
33.09216	5.63060	232.7332
33.09245	5.63091	232.9877
33.09283	5.63111	233.2452
33.09261	5.63121	233.4991
33.09264	5.63141	233.7502
33.09286	5.63141	234.0075
33.09344	5.63141	234.2650
33.09363	5.63146	234.5160
33.09421	5.63146	234.7671
33.09497	5.63156	235.0306
33.09484	5.63156	235.2849
33.09553	5.63181	235.5451
33.09718	5.63181	235.7900
33.09828	5.63201	236.0319
33.09972	5.63221	236.2801
33.10141	5.63247	236.5252
33.10225	5.63292	236.7734
33.10270	5.63342	237.0247
33.10295	5.63412	237.2697
33.10212	5.63448	237.5210
33.10171	5.63478	237.7689
33.10108	5.63493	238.0203
33.10207	5.63488	238.2682
33.10260	5.63493	238.5166
33.10223	5.63518	238.7676
33.10171	5.63523	239.0096
33.10129	5.63518	239.2519
33.10095	5.63503	239.5184
33.10263	5.63498	239.7995
33.10457	5.63503	240.0688
33.10565	5.63553	240.3171
33.10458	5.63614	240.5715
33.10358	5.63639	240.8102
33.10270	5.63644	241.0462
33.10499	5.63644	241.2854
33.10730	5.63684	241.5335
33.10674	5.63729	241.7817
33.10642	5.63785	242.0300
33.10676	5.63810	242.2900
33.10665	5.63845	242.5290
33.10642	5.63855	242.7864
33.10741	5.63850	243.0344
33.10865	5.63855	243.2888
33.10858	5.63885	243.5369
33.10996	5.63905	243.7789
33.10919	5.63936	244.0302
33.11064	5.63956	244.2691
33.10816	5.63981	244.5084
33.10658	5.63956	244.7625
33.10681	5.63920	245.0075
33.10678	5.63910	245.2616
33.10952	5.63900	245.5096
33.11526	5.63915	245.7579
33.11659	5.63976	246.0090
33.11629	5.64066	246.2542
33.11578	5.64107	246.4931
33.11566	5.64142	246.7414
33.11601	5.64167	246.9745
33.11619	5.64172	247.2163
33.11870	5.64192	247.4646
33.12183	5.64222	247.6946
33.12635	5.64283	247.9368
33.14530	5.64378	248.1879
33.15238	5.64574	248.4330
33.15477	5.64786	248.6960
33.16158	5.64936	248.9686
33.16031	5.65052	249.2407
33.15934	5.65138	249.4922
33.15600	5.65178	249.7340
33.15851	5.65198	249.9727
33.16001	5.65213	250.2212
33.16217	5.65233	250.4633
33.16360	5.65248	250.6993
33.16364	5.65269	250.9382
33.16318	5.65289	251.1805
33.16275	5.65299	251.4195
33.16360	5.65309	251.6556
33.16975	5.65319	251.8825
33.16928	5.65324	252.0307
33.17051	5.65339	252.1003
33.17012	5.65344	252.0789
33.17005	5.65354	252.0098
33.16958	5.65369	251.9496
33.16987	5.65414	251.8892
33.16836	5.65430	251.7865
33.16733	5.65435	251.6173
33.16774	5.65475	251.4146
33.16689	5.65500	251.2031
33.16680	5.65520	250.9912
33.16741	5.65540	250.7857
33.16610	5.65540	250.5713
33.16509	5.65510	250.3625
33.16448	5.65510	250.1571
33.16286	5.65505	249.9486
33.16049	5.65505	249.7430
33.15970	5.65495	249.5371
33.15727	5.65465	249.3167
33.15499	5.65419	249.1111
33.15266	5.65379	248.9117
33.15229	5.65354	248.7122
33.15289	5.65339	248.5185
33.15245	5.65359	248.2980
33.15359	5.65369	248.0712
33.15415	5.65389	247.8385
33.15370	5.65409	247.6177
33.15225	5.65424	247.3877
33.14900	5.65414	247.1614
33.14173	5.65374	246.9254
33.13458	5.65294	246.6777
33.12879	5.65183	246.4268
33.12712	5.65077	246.1728
33.12371	5.64977	245.9185
33.11982	5.64881	245.6648
33.11717	5.64776	245.4108
33.11576	5.64680	245.1385
33.11294	5.64584	244.8788
33.11091	5.64524	244.6159
33.10965	5.64449	244.3524
33.10734	5.64373	244.0864
33.10797	5.64323	243.8205
33.10855	5.64278	243.5395
33.10782	5.64257	243.2671
33.10820	5.64232	242.9921
33.10778	5.64217	242.7229
33.10761	5.64212	242.4478
33.10769	5.64217	242.1756
33.10704	5.64197	241.9004
33.10671	5.64172	241.6225
33.10639	5.64147	241.3502
33.10682	5.64117	241.0749
33.10635	5.64107	240.7970
33.10598	5.64122	240.5157
33.10597	5.64101	240.2313
33.10474	5.64096	239.9475
33.10331	5.64076	239.6691
33.10354	5.64031	239.3941
33.10301	5.63991	239.1129
33.10193	5.63971	238.8346
33.10297	5.63915	238.5502
33.10192	5.63900	238.2570
33.10186	5.63885	237.9609
33.10129	5.63850	237.6644
33.10107	5.63815	237.3771
33.10110	5.63790	237.0837
33.10099	5.63780	236.8027
33.10074	5.63754	236.5093
33.10096	5.63739	236.2221
33.10085	5.63729	235.9348
33.10078	5.63714	235.6506
33.10107	5.63699	235.3694
33.09949	5.63694	235.0822
33.09842	5.63674	234.7889
33.09690	5.63634	234.5104
33.09618	5.63614	234.2233
33.09611	5.63563	233.9421
33.09553	5.63528	233.6641
33.09521	5.63503	233.3827
33.09418	5.63478	233.0923
33.09270	5.63463	232.8141
33.09308	5.63438	232.5330
33.09288	5.63407	232.2515
33.09227	5.63412	231.9585
33.09181	5.63402	231.6561
33.09170	5.63392	231.3595
33.09120	5.63387	231.0509
33.08972	5.63372	230.7517
33.08885	5.63332	230.4554
33.08909	5.63287	230.1528
33.08852	5.63252	229.8567
33.08782	5.63201	229.5544
33.08760	5.63166	229.2670
33.08794	5.63111	228.9646
33.08838	5.63081	228.6620
33.08767	5.63060	228.3504
33.08697	5.63040	228.0362
33.08706	5.63010	227.7366
33.08674	5.62985	227.4494
33.08672	5.62965	227.1649
33.08600	5.62945	226.8869
33.08589	5.62935	226.5874
33.08518	5.62950	226.2942
33.08393	5.62955	226.0007
33.08318	5.62975	225.6953
33.08318	5.62990	225.3897
33.08242	5.63010	225.0845
33.08151	5.63010	224.7852
33.08015	5.63020	224.4767
33.08005	5.63010	224.1711
33.07918	5.63005	223.8687
33.07919	5.63020	223.5633
33.07882	5.63000	223.2729
33.07876	5.62985	222.9767
33.07810	5.62995	222.6742
33.07769	5.62980	222.3839
33.07789	5.62975	222.0844
33.07775	5.62975	221.7914
33.07713	5.62980	221.5009
33.07698	5.62975	221.2043
33.07652	5.62965	220.9051
33.07636	5.62960	220.6116
33.07508	5.62960	220.3243
33.07482	5.62930	220.0338
33.07481	5.62910	219.7347
33.07400	5.62900	219.4290
33.07363	5.62879	219.1326
33.07338	5.62849	218.8181
33.07238	5.62829	218.5185
33.07142	5.62799	218.2012
33.07147	5.62774	217.8834
33.06920	5.62769	217.5723
33.06643	5.62749	217.2787
33.06444	5.62714	216.9917
33.06196	5.62693	216.6921
33.06024	5.62638	216.3988
33.05749	5.62608	216.1176
33.05449	5.62568	215.8420
33.05472	5.62522	215.5578
33.05376	5.62497	215.2765
33.05349	5.62467	214.9922
33.05342	5.62452	214.7140
33.05300	5.62437	214.4328
33.05173	5.62437	214.1515
33.05096	5.62422	213.8550
33.05014	5.62412	213.5738
33.04982	5.62387	213.2954
33.05060	5.62357	213.0203
33.04945	5.62352	212.7330
33.04893	5.62346	212.4544
33.04856	5.62326	212.1765
33.04818	5.62306	211.9013
33.04807	5.62296	211.6199
33.04719	5.62291	211.3386
33.04672	5.62281	211.0573
33.04701	5.62266	210.7732
33.04630	5.62281	210.4918
33.04639	5.62286	210.2044
33.04542	5.62291	209.9292
33.04497	5.62286	209.6448
33.04411	5.62316	209.3607
33.04127	5.62331	209.0732
33.03950	5.62346	208.7888
33.03754	5.62352	208.5077
33.03556	5.62352	208.2172
33.03323	5.62352	207.9240
33.03197	5.62352	207.6273
33.02916	5.62372	207.3341
33.02617	5.62402	207.0556
33.02372	5.62457	206.7746
33.02100	5.62533	206.4961
33.01955	5.62623	206.2057
33.01713	5.62703	205.9336
33.01557	5.62769	205.6613
33.01440	5.62829	205.3861
33.01270	5.62879	205.1137
33.01103	5.62920	204.8506
33.00981	5.62950	204.5696
33.00930	5.62980	204.2880
33.00773	5.63010	204.0007
33.00487	5.63035	203.7133
33.00411	5.63055	203.4228
33.00239	5.63065	203.1449
33.00092	5.63086	202.8546
32.99856	5.63096	202.5760
32.99668	5.63121	202.3039
32.99486	5.63141	202.0255
32.99333	5.63166	201.7564
32.99252	5.63191	201.4688
32.99082	5.63241	201.1910
32.98910	5.63252	200.9125
32.98713	5.63287	200.6281
32.98565	5.63307	200.3529
32.98395	5.63357	200.0837
32.98339	5.63392	199.8144
32.98156	5.63412	199.5392
32.97994	5.63448	199.2668
32.97817	5.63498	198.9946
32.97662	5.63533	198.7103
32.97380	5.63583	198.4350
32.97146	5.63583	198.1600
32.96916	5.63624	197.8664
32.96790	5.63659	197.5790
32.96674	5.63684	197.2976
32.96527	5.63739	197.0222
32.96460	5.63749	196.7501
32.96378	5.63775	196.4928
32.96272	5.63795	196.2300
32.96220	5.63825	195.9730
32.96077	5.63840	195.7185
32.95949	5.63875	195.4644
32.95785	5.63910	195.2227
32.95604	5.63971	194.9746
32.95466	5.64016	194.7354
32.95419	5.64076	194.4843
32.95221	5.64112	194.2332
32.95058	5.64147	193.9823
32.94895	5.64182	193.7344
32.94793	5.64232	193.4983
32.94745	5.64257	193.2654
32.94632	5.64278	193.0232
32.94503	5.64313	192.7813
32.94471	5.64323	192.5272
32.94403	5.64333	192.2582
32.94361	5.64353	191.9947
32.94234	5.64353	191.7226
32.94139	5.64363	191.4505
32.94056	5.64353	191.1780
32.93883	5.64363	190.9148
32.93770	5.64383	190.6486
32.93632	5.64393	190.3824
32.93612	5.64413	190.1195
32.93470	5.64449	189.8654
32.93392	5.64469	189.6048
32.93280	5.64489	189.3418
32.93222	5.64489	189.0816
32.93185	5.64504	188.8154
32.93082	5.64514	188.5555
32.92962	5.64549	188.2980
32.92830	5.64589	188.0321
32.92698	5.64630	187.7596
32.92461	5.64670	187.4840
32.92270	5.64735	187.1911
32.92006	5.64811	186.9034
32.91689	5.64896	186.6311
32.91264	5.65027	186.3771
32.91003	5.65163	186.1261
32.90827	5.65284	185.8747
32.90626	5.65394	185.6148
32.90416	5.65485	185.3545
32.90240	5.65570	185.0943
32.90094	5.65661	184.8222
32.89968	5.65731	184.5650
32.89846	5.65797	184.2987
32.89635	5.65882	184.0359
32.89331	5.65998	183.7723
32.88970	5.66164	183.5122
32.88605	5.66370	183.2549
32.88152	5.66602	183.0041
32.87673	5.66854	182.7496
32.87235	5.67070	182.4927
32.86966	5.67286	182.2294
32.86561	5.67463	181.9662
32.86397	5.67609	181.7060
32.86058	5.67724	181.4307
32.85697	5.67855	181.1646
32.85393	5.67971	180.8919
32.85102	5.68102	180.6382
32.84761	5.68248	180.3898
32.84566	5.68389	180.1330
32.84466	5.68505	179.8758
32.84271	5.68580	179.6212
32.84109	5.68651	179.3645
32.84039	5.68736	179.1042
32.83958	5.68797	178.8412
32.83861	5.68837	178.5839
32.83839	5.68872	178.3177
32.83743	5.68913	178.0543
32.83702	5.68968	177.7941
32.83550	5.69028	177.5278
32.83400	5.69094	177.2799
32.83219	5.69185	177.0225
32.83008	5.69270	176.7625
32.82834	5.69391	176.4781
32.82546	5.69527	176.1966
32.82423	5.69668	175.9152
32.82181	5.69749	175.6553
32.81905	5.69864	175.4099
32.81639	5.70005	175.1497
32.81350	5.70106	174.8866
32.81150	5.70182	174.5991
32.80762	5.70242	174.2876
32.80452	5.70287	173.9729
32.80227	5.70323	173.7035
32.79934	5.70383	173.4586
32.79588	5.70434	173.2039
32.79472	5.70494	172.9444
32.79389	5.70549	172.6747
32.79204	5.70615	172.4116
32.79020	5.70680	172.1514
32.78823	5.70751	171.8973
32.78677	5.70806	171.6343
32.78590	5.70872	171.3798
32.78489	5.70917	171.1199
32.78392	5.70957	170.8655
32.78325	5.71003	170.6019
32.78176	5.71033	170.3300
32.78064	5.71053	170.0637
32.77917	5.71073	169.7972
32.77840	5.71093	169.5340
32.77757	5.71119	169.2799
32.77662	5.71129	169.0196
32.77650	5.71154	168.7657
32.77537	5.71174	168.5115
32.77385	5.71199	168.2483
32.77309	5.71255	167.9909
32.77168	5.71340	167.7187
32.77035	5.71426	167.4615
32.76943	5.71497	167.2045
32.76913	5.71577	166.9442
32.76843	5.71663	166.6808
32.76701	5.71713	166.4267
32.76695	5.71769	166.1665
32.76669	5.71809	165.8909
32.76618	5.71839	165.6188
32.76608	5.71864	165.3372
32.76556	5.71895	165.0771
32.76513	5.71915	164.8230
32.76471	5.71935	164.5717
32.76484	5.71935	164.3115
32.76437	5.71960	164.0604
32.76425	5.71985	163.8065
32.76392	5.71995	163.5524
32.76355	5.72010	163.2890
32.76353	5.72026	163.0255
32.76241	5.72046	162.7624
32.76254	5.72046	162.4961
32.76170	5.72081	162.2206
32.75958	5.72131	161.9576
32.75721	5.72172	161.6971
32.75291	5.72237	161.4368
32.74907	5.72328	161.1736
32.74774	5.72499	160.9197
32.74441	5.72761	160.6623
32.73942	5.73180	160.4051
32.73444	5.73633	160.1509
32.73003	5.74102	159.8906
32.72569	5.74526	159.6367
32.72241	5.74914	159.3823
32.71936	5.75277	159.1283
32.71582	5.75620	158.8619
32.71387	5.75907	158.5985
32.71134	5.76145	158.3474
32.70995	5.76301	158.0874
32.70866	5.76447	157.8269
32.70792	5.76573	157.5698
32.70682	5.76664	157.3125
32.70636	5.76760	157.0553
32.70561	5.76851	156.7920
32.70491	5.76936	156.5256
32.70491	5.77022	156.2713
32.70420	5.77108	156.0204
32.70359	5.77184	155.7632
32.70380	5.77234	155.4998
32.70344	5.77300	155.2185
32.70224	5.77401	154.9491
32.69970	5.77532	154.6888
32.69636	5.77708	154.4317
32.69331	5.77935	154.1685
32.68978	5.78132	153.8990
32.68660	5.78329	153.6419
32.68374	5.78536	153.3878
32.68030	5.78723	153.1335
32.67851	5.78884	152.8885
32.67606	5.79005	152.6278
32.67436	5.79121	152.3800
32.67172	5.79197	152.1227
32.67036	5.79278	151.8686
32.66889	5.79333	151.6144
32.66701	5.79404	151.3541
32.66564	5.79450	151.0967
32.66422	5.79465	150.8426
32.66269	5.79505	150.5822
32.66183	5.79520	150.3221
32.66123	5.79530	150.0498
32.66037	5.79561	149.7803
32.65875	5.79561	149.5079
32.65799	5.79581	149.2388
32.65713	5.79581	148.9814
32.65536	5.79596	148.7212
32.65503	5.79606	148.4729
32.65426	5.79626	148.2280
32.65288	5.79636	147.9766
32.65227	5.79646	147.7257
32.65124	5.79657	147.4803
32.64982	5.79672	147.2323
32.64849	5.79677	146.9749
32.64769	5.79707	146.7175
32.64687	5.79732	146.4604
32.64546	5.79783	146.2002
32.64429	5.79808	145.9430
32.64373	5.79828	145.6797
32.64231	5.79858	145.4193
32.64116	5.79889	145.1531
32.64031	5.79954	144.8778
32.63911	5.80020	144.6113
32.63804	5.80071	144.3630
32.63678	5.80106	144.0968
32.63661	5.80136	143.8334
32.63564	5.80177	143.5852
32.63464	5.80192	143.3249
32.63437	5.80197	143.0647
32.63344	5.80197	142.8259
32.63391	5.80197	142.5746
32.63314	5.80217	142.3142
32.63267	5.80207	142.0477
32.63101	5.80217	141.7966
32.62948	5.80207	141.5395
32.62838	5.80166	141.2820
32.62886	5.80116	141.0275
32.62868	5.80111	140.7616
32.62758	5.80136	140.5043
32.62603	5.80202	140.2471
32.62547	5.80272	139.9837
32.62598	5.80378	139.7234
32.62513	5.80515	139.4754
32.62185	5.80686	139.2118
32.61504	5.80868	138.9518
32.60989	5.80914	138.7003
32.60557	5.80873	138.4401
32.60360	5.80808	138.1831
32.60013	5.80752	137.9197
32.59586	5.80707	137.6683
32.59160	5.80697	137.4082
32.58893	5.80732	137.1659
32.58810	5.80838	136.9027
32.58607	5.81025	136.6545
32.58576	5.81353	136.3941
32.58654	5.81823	136.1490
32.58222	5.82495	135.8827
32.57716	5.83141	135.6343
32.57648	5.83616	135.3831
32.57314	5.84121	135.1200
32.57057	5.84546	134.8689
32.56800	5.84930	134.5751
32.56619	5.85350	134.2967
32.56450	5.85749	134.0360
32.56343	5.86164	133.7790
32.55866	5.86745	133.5217
32.55616	5.87235	133.2647
32.55457	5.87726	133.0042
32.55234	5.88333	132.7591
32.54932	5.89016	132.5108
32.54399	5.89765	132.2536
32.54097	5.90448	131.9934
32.53556	5.91162	131.7391
32.53185	5.91779	131.4786
32.52652	5.92346	131.2246
32.52301	5.92762	130.9642
32.51922	5.93096	130.7068
32.51717	5.93359	130.4497
32.51465	5.93562	130.1895
32.51277	5.93734	129.9320
32.50972	5.93926	129.6776
32.50749	5.94099	129.4205
32.50532	5.94266	129.1601
32.50373	5.94408	128.9061
32.50267	5.94509	128.6515
32.50133	5.94610	128.3973
32.50073	5.94686	128.1432
32.50017	5.94757	127.8978
32.49921	5.94833	127.6406
32.49861	5.94909	127.3834
32.49825	5.94960	127.1230
32.49819	5.95015	126.8596
32.49752	5.95061	126.6175
32.49740	5.95086	126.3603
32.49674	5.95132	126.1062
32.49716	5.95137	125.8549
32.49714	5.95152	125.6006
32.49702	5.95178	125.3432
32.49685	5.95208	125.0832
32.49654	5.95254	124.8286
32.49648	5.95274	124.5530
32.49645	5.95299	124.2625
32.49696	5.95325	123.9901
32.49690	5.95380	123.7359
32.49668	5.95416	123.4876
32.49702	5.95466	123.2334
32.49645	5.95502	122.9731
32.49623	5.95537	122.7218
32.49617	5.95558	122.4614
32.49645	5.95578	122.1923
32.49633	5.95603	121.9379
32.49666	5.95618	121.6833
32.49669	5.95664	121.4231
32.49696	5.95715	121.1689
32.49660	5.95765	120.9119
32.49698	5.95811	120.6604
32.49642	5.95882	120.4061
32.49621	5.95953	120.1548
32.49554	5.96029	119.8976
32.49486	5.96120	119.6433
32.49421	5.96201	119.3801
32.49355	5.96282	119.1256
32.49295	5.96358	118.8683
32.49199	5.96434	118.6112
32.49153	5.96495	118.3628
32.49063	5.96566	118.0993
32.49012	5.96632	117.8420
32.48971	5.96688	117.5877
32.48929	5.96708	117.3367
32.48865	5.96759	117.0822
32.48852	5.96814	116.8220
32.48840	5.96875	116.5708
32.48805	5.96961	116.3163
32.48820	5.97103	116.0653
32.48852	5.97301	115.8109
32.48716	5.97580	115.5565
32.48775	5.97909	115.2903
32.48582	5.98371	115.0389
32.48352	5.98908	114.7755
32.47798	5.99573	114.5089
32.47395	6.00115	114.2368
32.47135	6.00582	113.9671
32.46682	6.01069	113.7006
32.46153	6.01561	113.4494
32.45679	6.02033	113.1893
32.45158	6.02444	112.9410
32.44623	6.02805	112.6865
32.44294	6.03125	112.4444
32.43810	6.03388	112.1933
32.43490	6.03597	111.9510
32.43212	6.03754	111.7088
32.43023	6.03891	111.4637
32.42775	6.04054	111.2124
32.42619	6.04216	110.9461
32.42470	6.04363	110.6915
32.42367	6.04556	110.4312
32.42212	6.04841	110.1740
32.42025	6.05196	109.9044
32.41801	6.05582	109.6411
32.41717	6.05938	109.3869
32.41513	6.06339	109.1264
32.41286	6.06700	108.8568
32.41265	6.06989	108.6058
32.41288	6.07335	108.3485
32.41203	6.07757	108.0971
32.40951	6.08178	107.8521
32.40777	6.08519	107.6067
32.40596	6.08793	107.3585
32.40522	6.09022	107.1071
32.40568	6.09205	106.8588
32.40692	6.09408	106.6015
32.40671	6.09663	106.3442
32.40628	6.09917	106.0869
32.40770	6.10161	105.8114
32.40802	6.10461	105.5510
32.40949	6.10786	105.2937
32.40958	6.11183	105.0302
32.41290	6.11605	104.7760
32.41233	6.12109	104.5064
32.41446	6.12648	104.2585
32.41894	6.13233	104.0009
32.42852	6.14078	103.7405
32.42777	6.15356	103.4862
32.42759	6.16756	103.2351
32.42374	6.18177	102.9806
32.41592	6.19476	102.7262
32.40986	6.20445	102.4690
32.40617	6.21173	102.2027
32.40475	6.21765	101.9422
32.40091	6.22290	101.6848
32.39933	6.22652	101.4155
32.39865	6.22948	101.1579
32.39709	6.23198	100.8917
32.39665	6.23402	100.6403
32.39749	6.23575	100.3798
32.39660	6.23790	100.1346
32.39458	6.23978	99.8895
32.39428	6.24096	99.6350
32.39382	6.24193	99.3960
32.39430	6.24300	99.1539
32.39513	6.24407	98.9084
32.39813	6.24570	98.6632
32.40113	6.24917	98.4028
32.41067	6.25509	98.1424
32.41230	6.26683	97.8910
32.40791	6.28199	97.6185
32.40488	6.29762	97.3614
32.39477	6.31377	97.0978
32.38670	6.32741	96.8463
32.38013	6.33846	96.5829
32.37382	6.34736	96.3165
32.36995	6.35447	96.0593
32.36656	6.35999	95.8079
32.36431	6.36460	95.5657
32.36341	6.36859	95.3145
32.36616	6.37340	95.0633
32.37398	6.38118	94.8210
32.37176	6.39515	94.5695
32.36738	6.41221	94.3365
32.36239	6.43275	94.0821
32.34582	6.45613	93.8217
32.33134	6.47629	93.5675
32.31772	6.49220	93.3100
32.30403	6.50431	93.0646
32.29183	6.51458	92.8042
32.28012	6.52264	92.5469
32.26456	6.52947	92.2866
32.25283	6.53589	92.0292
32.24108	6.54191	91.7656
32.23275	6.54766	91.5114
32.22517	6.55290	91.2541
32.21874	6.55912	91.0117
32.21270	6.56493	90.7574
32.20896	6.56977	90.5031
32.20334	6.57475	90.2611
32.19843	6.57907	90.0187
32.19510	6.58237	89.7763
32.19084	6.58519	89.5191
32.18745	6.58746	89.2797
32.18371	6.58936	89.0284
32.17700	6.59121	88.7803
32.17191	6.59353	88.5351
32.16808	6.59589	88.2867
32.16367	6.59852	88.0293
32.16011	6.60135	87.7719
32.15718	6.60459	87.5205
32.15352	6.60861	87.2723
32.15021	6.61226	87.0119
32.14730	6.61622	86.7577
32.14423	6.61998	86.5035
32.14253	6.62302	86.2458
32.14123	6.62637	85.9851
32.13889	6.63038	85.7312
32.13568	6.63466	85.4797
32.13193	6.63842	85.2224
32.12813	6.64156	84.9770
32.12520	6.64408	84.7255
32.12240	6.64609	84.4805
32.12014	6.64789	84.2292
32.11832	6.64959	83.9900
32.11655	6.65124	83.7356
32.11439	6.65294	83.4629
32.11321	6.65397	83.2057
32.11402	6.65469	82.9483
32.11430	6.65598	82.7090
32.11372	6.65820	82.4545
32.11196	6.66057	82.2002
32.11051	6.66253	81.9489
32.10867	6.66433	81.6913
32.10757	6.66526	81.4432
32.10672	6.66593	81.1888
32.10572	6.66639	80.9374
32.10629	6.66665	80.6828
32.10963	6.66716	80.4285
32.12347	6.66959	80.1832
32.12860	6.67727	79.9292
32.12997	6.68794	79.6809
32.13431	6.69939	79.4264
32.12668	6.71198	79.1779
32.12701	6.72302	78.9359
32.12238	6.73314	78.6875
32.11809	6.74150	78.4451
32.11684	6.74837	78.2059
32.11390	6.75456	77.9546
32.11168	6.75999	77.7124
32.10724	6.76448	77.4640
32.10382	6.76717	77.2188
32.10204	6.76846	76.9762
32.09942	6.76846	76.7252
32.09910	6.76717	76.4768
32.10047	6.76546	76.2225
32.10184	6.76412	75.9771
32.10570	6.76335	75.7198
32.11038	6.76433	75.4682
32.11219	6.76831	75.2141
32.11051	6.77352	74.9717
32.10797	6.77885	74.7204
32.10486	6.78339	74.4721
32.10223	6.78670	74.2237
32.09977	6.78872	73.9784
32.09902	6.78965	73.7331
32.09905	6.79011	73.4576
32.09996	6.79037	73.2001
32.10302	6.79125	72.9639
32.10427	6.79363	72.7155
32.10222	6.79704	72.4733
32.09992	6.79999	72.2249
32.09795	6.80185	71.9857
32.09734	6.80299	71.7404
32.09737	6.80382	71.4891
32.09671	6.80464	71.2405
32.09538	6.80583	70.9954
32.09584	6.80656	70.7411
32.09779	6.80790	70.4896
32.09602	6.81064	70.2444
32.09206	6.81354	69.9959
32.08634	6.81612	69.7475
32.07975	6.81788	69.5023
32.07302	6.81824	69.2628
32.07207	6.81726	69.0238
32.07168	6.81633	68.7846
32.07296	6.81545	68.5424
32.07140	6.81468	68.2970
32.06970	6.81405	68.0517
32.06630	6.81312	67.8094
32.06197	6.81173	67.5763
32.05976	6.80981	67.3309
32.05887	6.80759	67.0947
32.05806	6.80573	66.8523
32.05634	6.80402	66.6130
32.05619	6.80247	66.3648
32.05435	6.80097	66.1253
32.05508	6.79958	65.8893
32.05586	6.79849	65.6560
32.05763	6.79782	65.4228
32.05988	6.79735	65.1897
32.05990	6.79746	64.9504
32.05884	6.79761	64.7171
32.05675	6.79740	64.4749
32.05651	6.79704	64.2355
32.05481	6.79642	63.9902
32.05244	6.79549	63.7449
32.05065	6.79425	63.4814
32.05055	6.79301	63.2362
32.05120	6.79244	62.9909
32.05377	6.79384	62.7544
32.05159	6.79849	62.5245
32.04969	6.80495	62.2972
32.04520	6.81281	62.0700
32.03846	6.82125	61.8400
32.03365	6.82828	61.6066
32.03011	6.83402	61.3795
32.02656	6.83904	61.1553
32.02319	6.84313	60.9312
32.02065	6.84598	60.6980
32.01951	6.84805	60.4619
32.01837	6.84976	60.2225
32.01752	6.85116	59.9953
32.01711	6.85245	59.7622
32.01664	6.85380	59.5290
32.01677	6.85525	59.3017
32.01541	6.85711	59.0744
32.01509	6.85903	58.8504
32.01723	6.86162	58.6263
32.01575	6.86617	58.4082
32.01539	6.87218	58.1750
32.01785	6.88094	57.9659
32.01321	6.89658	57.7448
32.00650	6.91659	57.5298
31.99661	6.93973	57.3088
31.98716	6.96313	57.0938
31.97571	6.98577	56.8756
31.96231	7.00619	56.6514
31.95383	7.02365	56.4334
31.94001	7.04102	56.2153
31.92348	7.05824	55.9972
31.90579	7.07598	55.7700
31.88742	7.09191	55.5547
31.87012	7.10530	55.3370
31.85613	7.11613	55.1220
31.84080	7.12447	54.9098
31.82814	7.13021	54.6946
31.80804	7.13276	54.4797
31.76778	7.13203	54.2586
31.69957	7.12525	54.0434
31.65231	7.10816	53.8256
31.61988	7.08457	53.6132
31.60664	7.06006	53.4043
31.59941	7.03821	53.1954
31.58573	7.01897	52.9774
31.57775	7.00193	52.7621
31.55278	6.98670	52.5533
31.55097	6.97061	52.3502
31.53625	6.95618	52.1292
31.53879	6.94227	51.9201
31.52541	6.93080	51.7082
31.51878	6.91929	51.4990
31.51194	6.90794	51.2870
31.49810	6.89778	51.0782
31.49381	6.88658	50.8722
31.48480	6.87581	50.6662
31.48361	6.86560	50.4450
31.47916	6.85644	50.2360
31.47461	6.84841	50.0208
31.47453	6.84075	49.8180
31.47465	6.83408	49.6060
31.46722	6.82890	49.3877
31.46339	6.82342	49.1819
31.45527	6.81824	48.9851
31.45292	6.81292	48.7728
31.44886	6.80842	48.5732
31.45135	6.80469	48.3641
31.44609	6.80263	48.1581
31.44356	6.80113	47.9491
31.44187	6.80020	47.7311
31.43850	6.80035	47.5251
31.43601	6.80170	47.3009
31.43263	6.80371	47.0946
31.42881	6.80578	46.8798
31.42336	6.80821	46.6617
31.41873	6.81152	46.4526
31.40990	6.81483	46.2406
31.40243	6.81949	46.0257
31.39478	6.82544	45.8104
31.38585	6.83346	45.6044
31.37422	6.84303	45.3923
31.35293	6.85452	45.1864
31.32733	6.87001	44.9775
31.30015	6.88948	44.7652
31.27453	6.90861	44.5624
31.25525	6.92525	44.3533
31.23363	6.93973	44.1353
31.21440	6.95301	43.9140
31.18872	6.96583	43.6959
31.16744	6.98073	43.4840
31.13782	6.99528	43.2598
31.11349	7.01159	43.0386
31.08882	7.02734	42.8113
31.07012	7.04169	42.5934
31.05285	7.05329	42.3692
31.03420	7.06287	42.1481
31.01209	7.07166	41.9298
30.99299	7.08093	41.7179
30.95968	7.09118	41.4997
30.93790	7.10436	41.2906
30.91198	7.11770	41.0908
30.88941	7.13172	40.8816
30.87325	7.14532	40.6788
30.85542	7.15685	40.4696
30.84191	7.16775	40.2486
30.82575	7.17683	40.0305
30.81256	7.18560	39.8002
30.80100	7.19343	39.5760
30.78795	7.19995	39.3459
30.77395	7.20627	39.1277
30.75981	7.21170	38.8974
30.74675	7.21630	38.6761
30.73025	7.22042	38.4585
30.71049	7.22455	38.2400
30.68150	7.22925	38.0280
30.66008	7.23610	37.8099
30.61781	7.24420	37.5978
30.58386	7.25690	37.3856
30.56121	7.27196	37.1706
30.51734	7.28650	36.9466
30.47276	7.30477	36.7312
30.43552	7.32718	36.5011
30.39429	7.34876	36.2860
30.36257	7.36936	36.0648
30.33970	7.38646	35.8376
30.31643	7.39920	35.6107
30.29695	7.41043	35.3865
30.27625	7.42004	35.1651
30.26501	7.42865	34.9378
30.25100	7.43537	34.7139
30.23395	7.44151	34.4896
30.21974	7.44803	34.2623
30.20784	7.45417	34.0382
30.19923	7.46016	33.8199
30.19107	7.46489	33.5898
30.18332	7.46846	33.3685
30.17724	7.47193	33.1505
30.17169	7.47509	32.9355
30.16663	7.47777	32.7083
30.16123	7.48008	32.4871
30.15580	7.48281	32.2690
30.15127	7.48518	32.0447
30.14894	7.48692	31.8237
30.14609	7.48849	31.6023
30.14286	7.48976	31.3753
30.13954	7.49112	31.1479
30.13707	7.49265	30.9145
30.13387	7.49417	30.6906
30.13211	7.49533	30.4633
30.13003	7.49633	30.2298
30.12846	7.49696	30.0089
30.12659	7.49764	29.7816
30.12487	7.49822	29.5543
30.12275	7.49896	29.3302
30.12160	7.49948	29.1057
30.11990	7.50027	28.8756
30.11769	7.50111	28.6455
30.11721	7.50148	28.4182
30.11592	7.50196	28.1877
30.11528	7.50243	27.9517
30.11410	7.50285	27.7183
30.11378	7.50280	27.4912
30.11287	7.50306	27.2517
30.11227	7.50311	27.0214
30.11141	7.50353	26.8004
30.11048	7.50359	26.5700
30.10983	7.50369	26.3458
30.10924	7.50411	26.1125
30.10896	7.50417	25.8792
30.10886	7.50448	25.6429
30.10854	7.50459	25.4068
30.10739	7.50474	25.1732
30.10749	7.50490	24.9370
30.10681	7.50511	24.7066
30.10663	7.50506	24.4706
30.10579	7.50517	24.2341
30.10470	7.50532	24.0099
30.10281	7.50543	23.7707
30.10084	7.50585	23.5312
30.09769	7.50611	23.2978
30.09195	7.50664	23.0676
30.08827	7.50737	22.8253
30.08374	7.50832	22.5890
30.07610	7.50922	22.3586
30.07178	7.51069	22.1254
30.06772	7.51216	21.8831
30.06274	7.51332	21.6556
30.05902	7.51448	21.4166
30.05537	7.51563	21.1829
30.05184	7.51679	20.9437
30.03712	7.51784	20.7074
30.00965	7.52021	20.4680
29.97531	7.52548	20.2316
29.94755	7.53332	19.9983
29.92541	7.54195	19.7531
29.90385	7.54985	19.5166
29.87806	7.55743	19.2803
29.85330	7.56560	19.0348
29.82734	7.57419	18.7834
29.80022	7.58278	18.5380
29.78146	7.59168	18.2956
29.76412	7.59933	18.0412
29.75065	7.60597	17.7986
29.74157	7.61162	17.5410
29.73268	7.61610	17.3077
29.72342	7.61958	17.0745
29.71396	7.62322	16.8382
29.70822	7.62670	16.6019
29.70037	7.62945	16.3623
29.69380	7.63177	16.1352
29.68717	7.63377	15.8988
29.68264	7.63562	15.6536
29.67720	7.63731	15.4230
29.67178	7.63905	15.1837
29.66639	7.64037	14.9475
29.65777	7.64158	14.7141
29.64815	7.64306	14.4807
29.64190	7.64501	14.2413
29.63639	7.64686	14.0051
29.62895	7.64839	13.7566
29.62275	7.64977	13.5111
29.61396	7.65135	13.2565
29.60287	7.65320	13.0141
29.59223	7.65520	12.7718
29.58161	7.65726	12.5294
29.56602	7.65927	12.2963
29.55185	7.66223	12.0627
29.52874	7.66508	11.8325
29.51496	7.66851	11.5872
29.50772	7.67189	11.3475
29.49141	7.67464	11.1051
29.48241	7.67749	10.8569
29.47005	7.68018	10.6234
29.45631	7.68251	10.3780
29.44889	7.68505	10.1387
29.43988	7.68716	9.8901
29.42679	7.68911	9.6568
29.41626	7.69149	9.4264
29.39794	7.69366	9.1840
29.37039	7.69604	8.9386
29.33769	7.69947	8.6932
29.28826	7.70444	8.4538
29.25799	7.71158	8.2114
29.24732	7.71872	7.9750
29.23317	7.72369	7.7357
29.21929	7.72765	7.4933
29.20888	7.73173	7.2478
29.20478	7.73522	6.9901
29.20063	7.73744	6.7569
29.19718	7.73913	6.5052
29.19532	7.74040	6.2599
29.19327	7.74136	6.0174
29.19183	7.74220	5.7659
29.19129	7.74321	5.5206
29.19014	7.74416	5.2810
29.18943	7.74543	5.0447
29.18952	7.74607	4.8052
29.19000	7.74723	4.5628
29.18963	7.74887	4.3235
29.18849	7.75035	4.0873
29.18854	7.75157	3.8507
29.18756	7.75279	3.5992
29.18689	7.75379	3.3538
29.18650	7.75469	3.1144
29.18471	7.75549	2.8688
29.17997	7.75649	2.6266
29.17716	7.75782	2.3840
29.17228	7.75914	2.1478
29.16811	7.76046	1.9357
29.16408	7.76184	1.7173
29.16241	7.76348	1.5083
29.16228	7.76496	1.3205
29.16189	7.76576	1.1446
29.16123	7.76639	0.9839
29.16045	7.76687	0.8142
29.15976	7.76756	0.6324
29.15897	7.76814	0.4293
29.15835	7.76830	0.2113
29.15799	7.76846	-0.0131
29.15640	7.76856	-0.1130
29.09702	7.76867	-0.1070
29.15253	7.76840	-0.1162
29.15507	7.76660	-0.1071
29.15586	7.76480	-0.1069
29.15617	7.76374	-0.1161
29.16298	7.76284	-0.1070
29.16509	7.76194	-0.1100
29.16700	7.75919	-0.1100
29.16688	7.75633	-0.1103
9.91525	7.75363	-0.1102
3.67751	7.75056	-0.1102
3.19960	7.74776	-0.1131
3.92398	7.74543	-0.1132
4.35676	7.74279	-0.1100
4.28233	7.74141	-0.1042
4.10534	7.74046	-0.1071
3.49496	7.73982	-0.1072
3.48549	7.73903	-0.1131
3.28388	7.73834	-0.1072
2.88464	7.73718	-0.1102
2.63632	7.73607	-0.1102
2.60801	7.73458	-0.1134
2.58441	7.73294	-0.1102
2.68788	7.73125	-0.1103
2.59559	7.72956	-0.1073
2.66012	7.72713	-0.1132
2.89650	7.72379	-0.1103
2.86731	7.72104	-0.1102
2.93025	7.71930	-0.1074
3.00923	7.71713	-0.1102
2.90242	7.71549	-0.1103
2.65968	7.71391	-0.1043
2.39401	7.71179	-0.1104
2.13082	7.70978	-0.1104
1.94621	7.70793	-0.1135
1.83355	7.70645	-0.1074
1.74846	7.70751	-0.1137
1.69118	7.70968	-0.1134
1.60639	7.71211	-0.1135
1.52654	7.71396	-0.1134
1.43460	7.71597	-0.1105
1.35621	7.71888	-0.1106
1.31054	7.72258	-0.1104
1.26428	7.72660	-0.1138
1.23440	7.73083	-0.1105
1.17987	7.73443	-0.1077
1.14458	7.73786	-0.1136
1.11998	7.74204	-0.1107
1.10301	7.74771	-0.1045
1.09112	7.75226	-0.1075
