Salinity, Practical [PSU]	Temperature [ITS-90, deg C]	Depth [salt water, m]
0.00906	9.91885	-0.0748
0.00905	9.92036	-0.0778
0.00905	9.92231	-0.0749
0.00905	9.92393	-0.0779
0.00908	9.92595	-0.0747
0.00905	9.92751	-0.0748
0.00905	9.92779	-0.0778
0.00905	9.92679	-0.0810
0.00902	9.92645	-0.0779
0.00909	9.92673	-0.0747
0.00905	9.92785	-0.0810
0.00905	9.92942	-0.0716
0.00905	9.93031	-0.0687
0.00902	9.93188	-0.0748
0.00900	9.93300	-0.0747
0.00905	9.93462	-0.0748
0.00902	9.93624	-0.0778
0.00905	9.93792	-0.0808
0.00906	9.93949	-0.0778
0.00906	9.93965	-0.0686
0.00900	9.93792	-0.0748
0.00902	9.93691	-0.0748
0.00900	9.93591	-0.0808
0.00902	9.93529	-0.0716
0.00900	9.93546	-0.0747
0.00900	9.93635	-0.0746
0.00902	9.93546	-0.0717
0.00905	9.93188	-0.0717
0.00902	9.92684	-0.0716
0.00905	9.91633	-0.0807
0.00904	9.90179	-0.0745
0.00900	9.88743	-0.0746
0.00903	9.87531	-0.0776
0.00899	9.86548	-0.0775
0.00903	9.86162	-0.0775
0.00897	9.86190	-0.0715
0.00894	9.86224	-0.0716
0.00903	9.86123	-0.0715
0.00899	9.85861	-0.0806
0.00902	9.85615	-0.0745
0.00902	9.85113	-0.0744
0.00899	9.84705	-0.0714
0.00897	9.84594	-0.0775
0.00897	9.84622	-0.0744
0.00899	9.84672	-0.0744
0.00902	9.84795	-0.0682
0.00902	9.84906	-0.0683
0.00902	9.85113	-0.0773
0.00897	9.85180	-0.0716
0.00894	9.85180	-0.0804
0.00897	9.85174	-0.0773
0.00899	9.85264	-0.0773
0.00897	9.85442	-0.0741
0.00902	9.85582	-0.0711
0.00899	9.85682	-0.0742
0.00897	9.85934	-0.0772
0.00899	9.86224	-0.0742
0.00898	9.86537	-0.0773
0.00898	9.86799	-0.0741
0.00899	9.86872	-0.0743
0.00898	9.86844	-0.0773
0.00899	9.86888	-0.0772
0.00898	9.86928	-0.0772
0.00903	9.86916	-0.0740
0.00908	9.86983	-0.0680
0.00906	9.86743	-0.0741
0.00908	9.85565	-0.0742
0.00911	9.84817	-0.0741
0.00936	9.83974	-0.0770
0.00946	9.82440	-0.0770
0.00941	9.80901	-0.0740
0.00954	9.79423	-0.0770
0.00948	9.78136	-0.0740
0.00958	9.76620	-0.0708
0.00956	9.75312	-0.0799
0.00963	9.74465	-0.0831
0.00966	9.74009	-0.0800
0.00973	9.73380	-0.0740
0.00967	9.72039	-0.0769
0.00983	9.70927	-0.0738
0.00977	9.69675	-0.0709
0.00977	9.68658	-0.0799
0.00985	9.68108	-0.0708
0.00982	9.67824	-0.0708
0.00985	9.67641	-0.0738
0.00982	9.67435	-0.0707
0.00985	9.66330	-0.0768
0.00984	9.64886	-0.0768
0.00980	9.63137	-0.0767
0.00983	9.61067	-0.0768
0.00982	9.58915	-0.0797
0.00982	9.56947	-0.0707
0.00986	9.55219	-0.0737
0.00981	9.53945	-0.0736
0.00980	9.52854	-0.0736
0.00980	9.53164	-0.0705
0.00935	9.54194	-0.0737
0.00981	9.54936	-0.0676
0.00981	9.55678	-0.0766
0.00987	9.56665	-0.0675
0.00992	9.57396	-0.0705
0.00987	9.57607	-0.0705
0.00987	9.57391	-0.0705
0.00987	9.57125	-0.0645
0.00978	9.56903	-0.0766
0.00982	9.57114	-0.0765
0.00987	9.57806	-0.0734
0.00982	9.58727	-0.0704
0.00988	9.59725	-0.0703
0.00983	9.60595	-0.0673
1.59666	9.60168	-0.0401
18.81365	9.22614	0.1356
26.86513	8.52501	0.4054
27.48050	8.00646	0.6568
27.75643	7.67865	0.7779
27.96047	7.50143	0.8235
28.09697	7.39296	0.8537
28.20436	7.32016	0.8719
28.27968	7.27128	0.8810
28.27758	7.24524	0.8780
28.31160	7.23218	0.8721
28.35244	7.22377	0.8416
28.41173	7.21640	0.8054
28.44167	7.21431	0.7508
28.43757	7.21322	0.7327
28.43699	7.20596	0.7326
28.45716	7.19792	0.7509
28.47848	7.19504	0.7933
28.48003	7.19886	0.8266
28.48354	7.20293	0.8509
28.50739	7.20747	0.8602
28.51571	7.22173	0.8601
28.48719	7.23730	0.8359
28.43081	7.23281	0.8147
28.36684	7.21797	0.7965
28.33153	7.21322	0.7995
28.33867	7.21891	0.7995
28.37660	7.22209	0.8208
28.41634	7.22570	0.8238
28.42852	7.22230	0.8208
28.46357	7.21431	0.8087
28.44479	7.21254	0.7875
28.40708	7.21081	0.7694
28.39204	7.20402	0.7754
28.38089	7.19484	0.7967
28.38531	7.18841	0.8390
28.42644	7.18909	0.8694
28.40676	7.19974	0.8604
28.39503	7.20794	0.8362
28.40273	7.23782	0.7997
28.38057	7.27353	0.7483
28.35387	7.28860	0.7119
28.30698	7.27175	0.6999
28.30953	7.24707	0.7362
28.32452	7.23124	0.7968
28.36072	7.21938	0.8514
28.37590	7.21604	0.8847
28.37301	7.21416	0.8877
28.36499	7.23239	0.8816
28.33713	7.27703	0.8483
28.32200	7.31911	0.8000
28.31556	7.34997	0.7485
28.27201	7.37120	0.7182
28.25164	7.36616	0.6968
28.26566	7.32990	0.7212
28.29110	7.29263	0.7696
28.33304	7.26223	0.8364
28.36045	7.25084	0.8576
28.36057	7.24232	0.8698
28.35732	7.25387	0.8759
28.34528	7.28985	0.8697
28.33584	7.32346	0.8668
28.31513	7.34426	0.8516
28.31560	7.35096	0.8365
28.33156	7.33640	0.8092
28.36171	7.31131	0.7790
28.38354	7.29807	0.7335
28.37911	7.29404	0.6942
28.35700	7.28096	0.6789
28.35123	7.25685	0.7003
28.34889	7.23307	0.7669
28.34468	7.21562	0.8427
28.35496	7.20126	0.9033
28.38915	7.19228	0.9549
28.41654	7.18779	0.9730
28.41012	7.18951	0.9608
28.35357	7.23714	0.9034
28.28957	7.31163	0.8096
28.25522	7.36475	0.6944
28.25034	7.38850	0.5975
28.24233	7.39936	0.5824
28.24647	7.40492	0.6308
28.23662	7.38488	0.7369
28.24312	7.33483	0.8278
28.28311	7.28902	0.8945
28.34921	7.25653	0.9278
28.37520	7.23892	0.9339
28.37741	7.24117	0.9066
28.35364	7.27128	0.8522
28.32720	7.30477	0.7977
28.30597	7.33530	0.7521
28.29318	7.36407	0.7190
28.29010	7.38451	0.7310
28.27520	7.39359	0.7642
28.27587	7.39275	0.8098
28.29178	7.37833	0.8492
28.31499	7.36265	0.8765
28.30285	7.35620	0.8826
28.29564	7.35322	0.8554
28.27739	7.37544	0.8220
28.26632	7.39726	0.7798
28.26711	7.41458	0.7464
28.25824	7.42891	0.7495
28.24921	7.43348	0.7767
28.23575	7.41227	0.8162
28.25244	7.36580	0.8649
28.29357	7.32377	0.8980
28.34198	7.29598	0.9011
28.35811	7.27458	0.8891
28.35813	7.27081	0.8617
28.33511	7.29964	0.8162
28.31182	7.33221	0.7648
28.29291	7.35930	0.7195
28.28471	7.37969	0.7043
28.26801	7.39632	0.7195
28.24912	7.39962	0.8014
28.24405	7.36008	0.8892
28.28960	7.31184	0.9437
28.34231	7.28012	0.9620
28.36320	7.26176	0.9377
28.34733	7.28321	0.8590
28.31620	7.32514	0.7530
28.28396	7.35589	0.6409
28.26688	7.36962	0.6137
28.24332	7.34588	0.6744
28.25421	7.29671	0.7864
28.28857	7.24890	0.8562
28.33223	7.21426	0.9108
28.38558	7.19358	0.9382
28.40942	7.18132	0.9260
28.38943	7.19729	0.8988
28.35807	7.23599	0.8503
28.33854	7.26391	0.7988
28.33071	7.28227	0.7565
28.32259	7.29634	0.7354
28.31222	7.30566	0.7232
28.30722	7.31293	0.7476
28.30606	7.30744	0.7930
28.31974	7.27965	0.8324
28.33938	7.25298	0.8870
28.36878	7.23369	0.9113
28.38096	7.22659	0.9264
28.38626	7.22241	0.9053
28.37373	7.23996	0.8658
28.35071	7.27128	0.8023
28.33854	7.29284	0.7297
28.32426	7.30922	0.6691
28.31109	7.31843	0.6570
28.29144	7.31566	0.7117
28.28714	7.28640	0.8116
28.30923	7.24948	0.8844
28.35335	7.21995	0.9359
28.39135	7.20047	0.9449
28.41427	7.18831	0.9269
28.39653	7.20460	0.8845
28.36787	7.23688	0.8209
28.34531	7.26710	0.7574
28.32780	7.28959	0.7210
28.31260	7.30247	0.7180
28.30792	7.31053	0.7363
28.31066	7.30691	0.7757
28.31882	7.28760	0.8244
28.33730	7.26657	0.8576
28.36558	7.25178	0.8759
28.36869	7.24791	0.8728
28.37696	7.24253	0.8639
28.37410	7.25094	0.8519
28.37353	7.25617	0.8517
28.37337	7.26019	0.8549
28.36726	7.26501	0.8366
28.36136	7.26956	0.8065
28.35526	7.27928	0.7763
28.35179	7.29127	0.7611
28.34291	7.29891	0.7671
28.33411	7.30393	0.7763
28.32761	7.29629	0.7944
28.33829	7.27024	0.8219
28.36013	7.24514	0.8402
28.38477	7.23301	0.8402
28.39469	7.23119	0.8371
28.40070	7.22659	0.8554
28.40591	7.22016	0.8585
28.41067	7.21436	0.8737
28.41241	7.21186	0.8707
28.40736	7.21520	0.8677
28.39357	7.23176	0.8406
28.36461	7.26746	0.8102
28.33705	7.30262	0.7649
28.31887	7.32681	0.7316
28.30956	7.33970	0.7195
28.30457	7.34431	0.7347
28.29514	7.34667	0.7801
28.28308	7.32660	0.8560
28.29998	7.28326	0.8984
28.34672	7.25120	0.9258
28.37485	7.23207	0.9257
28.39256	7.22021	0.8927
28.38137	7.23599	0.8409
28.36044	7.26035	0.7987
28.33171	7.28253	0.7716
28.31150	7.29728	0.7686
28.30547	7.30247	0.7595
28.30630	7.30294	0.7686
28.31750	7.29189	0.7747
28.33056	7.27829	0.7839
28.34372	7.26103	0.8082
28.35492	7.24273	0.8387
28.36591	7.22706	0.8538
28.38010	7.21452	0.8719
28.39477	7.20940	0.8873
28.39353	7.21013	0.8813
28.39786	7.20909	0.8661
28.38382	7.22627	0.8450
28.36104	7.25586	0.8055
28.34089	7.28274	0.7875
28.32117	7.30644	0.7693
28.30616	7.31932	0.7633
28.30276	7.32058	0.7724
28.30448	7.31807	0.7907
28.31168	7.31231	0.8120
28.32222	7.30247	0.8332
28.32493	7.30032	0.8423
28.32386	7.30163	0.8484
28.32148	7.30493	0.8426
28.31459	7.31508	0.8365
28.30814	7.32728	0.8335
28.30028	7.33886	0.8335
28.29315	7.34908	0.8397
28.28782	7.35725	0.8307
28.28326	7.36276	0.8368
28.27660	7.36669	0.8399
28.27422	7.36999	0.8339
28.26679	7.37723	0.8187
28.25701	7.38688	0.8067
28.25236	7.39070	0.7978
28.25160	7.38976	0.7857
28.25240	7.38698	0.7857
28.25473	7.38404	0.7796
28.25657	7.38210	0.7827
28.25808	7.38142	0.8010
28.26028	7.38090	0.8314
28.26178	7.38069	0.8677
28.25601	7.38084	0.8950
28.25222	7.38095	0.9103
28.24594	7.38504	0.9073
28.23647	7.38766	0.8802
28.23412	7.38525	0.8165
28.23706	7.38058	0.7407
28.24049	7.37744	0.6591
28.24147	7.37633	0.6078
28.24934	7.37544	0.6321
28.24205	7.36873	0.7259
28.23175	7.33074	0.8201
28.26082	7.27641	0.9017
28.30233	7.23281	0.9655
28.34694	7.20794	0.9898
28.38206	7.19019	0.9837
28.38363	7.19369	0.9384
28.35805	7.22262	0.8809
28.32838	7.25580	0.8052
28.30167	7.28692	0.7265
28.28275	7.30979	0.6478
28.27241	7.32210	0.5841
28.26206	7.32828	0.5812
28.25798	7.32948	0.6480
28.23875	7.30775	0.7662
28.25561	7.26265	0.8754
28.29100	7.22042	0.9451
28.33507	7.19165	1.0057
28.37510	7.17417	1.0088
28.38229	7.17098	0.9694
28.35991	7.19374	0.9059
28.33350	7.22027	0.8271
28.31581	7.24158	0.7485
28.30519	7.25491	0.6758
28.29374	7.26244	0.6122
28.28830	7.26652	0.5852
28.28763	7.26694	0.6185
28.28201	7.25230	0.6973
28.28660	7.22173	0.7913
28.30682	7.19165	0.8945
28.33155	7.16864	0.9672
28.36536	7.15434	1.0006
28.39017	7.14465	1.0006
28.38031	7.15252	0.9553
28.35481	7.17829	0.8917
28.33496	7.20340	0.7917
28.31955	7.22366	0.6858
28.30188	7.23730	0.6040
28.29363	7.24514	0.5617
28.29222	7.24613	0.6132
28.28652	7.22554	0.7163
28.29708	7.19598	0.8225
28.31517	7.16932	0.8952
28.34164	7.14955	0.9407
28.37599	7.13823	0.9469
28.38832	7.13255	0.9317
28.36953	7.14637	0.8803
28.34694	7.17125	0.8167
28.33199	7.19233	0.7501
28.31936	7.20533	0.6987
28.30594	7.21295	0.6744
28.30705	7.21614	0.6897
28.30386	7.20825	0.7504
28.30697	7.18789	0.8263
28.32041	7.16707	0.8899
28.34531	7.15080	0.9264
28.36857	7.14063	0.9171
28.37977	7.13516	0.8810
28.37223	7.14381	0.8295
28.35807	7.16076	0.7630
28.34317	7.17777	0.7266
28.33211	7.19087	0.6994
28.32398	7.20032	0.6996
28.31897	7.20690	0.7208
28.31563	7.21134	0.7724
28.31082	7.21452	0.8209
28.31202	7.21624	0.8574
28.31263	7.21682	0.8817
28.31114	7.21755	0.8847
28.30782	7.22121	0.8788
28.30604	7.22465	0.8575
28.30451	7.22716	0.8244
28.30298	7.22904	0.7912
28.29927	7.23092	0.7699
28.29806	7.23202	0.7639
28.29964	7.23181	0.7670
28.30030	7.23233	0.7732
28.30070	7.23301	0.7852
28.29967	7.23348	0.7915
28.30150	7.23343	0.8068
28.29953	7.23740	0.8128
28.29450	7.24472	0.8190
28.28898	7.25225	0.8311
28.28530	7.25753	0.8494
28.27929	7.26025	0.8525
28.27752	7.26093	0.8556
28.27649	7.26140	0.8526
28.26612	7.26877	0.8314
28.25275	7.27976	0.8072
28.23791	7.28854	0.7740
28.22544	7.29514	0.7468
28.21218	7.29917	0.7378
28.20202	7.30309	0.7348
28.19843	7.30812	0.7500
28.21450	7.31152	0.7956
28.22230	7.31110	0.8289
28.22466	7.30843	0.8653
28.19403	7.30466	0.8805
28.15594	7.30089	0.8777
28.16315	7.30194	0.8595
28.14632	7.30859	0.8324
28.14351	7.31341	0.7930
28.17915	7.31618	0.7507
28.18228	7.31728	0.7326
28.18508	7.31691	0.7266
28.18684	7.31623	0.7358
28.18562	7.31498	0.7600
28.17827	7.31346	0.8116
28.12914	7.31299	0.8541
28.03517	7.31288	0.8905
28.03630	7.31456	0.9088
28.01598	7.32037	0.8966
27.95391	7.32597	0.8543
27.91199	7.33168	0.7877
27.88721	7.34116	0.7242
27.89461	7.35023	0.6848
27.97846	7.35542	0.6698
28.02272	7.35688	0.6880
28.01380	7.35458	0.7457
28.02986	7.34918	0.8094
28.02416	7.33524	0.8639
27.98662	7.32006	0.8974
27.85981	7.31351	0.9006
27.87871	7.31665	0.8976
27.85812	7.32749	0.8521
27.82487	7.33886	0.7945
27.80472	7.34991	0.7462
27.78837	7.35971	0.7130
27.78923	7.36695	0.7101
27.79635	7.37214	0.7192
27.80006	7.37644	0.7435
27.79541	7.37938	0.7769
27.79188	7.38116	0.8102
27.78368	7.38179	0.8466
27.79154	7.38116	0.8648
27.82283	7.37979	0.8620
27.83391	7.37738	0.8378
27.85211	7.37277	0.7834
27.85233	7.36747	0.7290
27.88331	7.36087	0.6956
27.89028	7.35599	0.7108
27.87491	7.35112	0.7898
27.94022	7.32283	0.8443
27.96557	7.28274	0.8747
27.94571	7.25559	0.8778
27.95216	7.23965	0.8566
27.95877	7.24822	0.8112
27.95498	7.26657	0.7507
27.93950	7.28546	0.6993
27.93221	7.30058	0.6629
27.92772	7.31136	0.6510
27.92538	7.31812	0.6843
27.93993	7.32173	0.7630
28.02046	7.31922	0.9602
28.14362	7.27866	1.1724
28.21943	7.22523	1.3724
28.26076	7.18497	1.5723
28.28731	7.15659	1.7604
28.30426	7.13698	1.9542
28.31791	7.12359	2.1787
28.32485	7.11462	2.3998
28.32787	7.10785	2.6392
28.33014	7.10228	2.9120
28.33567	7.09806	3.2028
28.33794	7.09545	3.4999
28.34082	7.09337	3.7877
28.34394	7.09171	4.0543
28.34780	7.09061	4.3453
28.35041	7.08993	4.6544
28.34913	7.08947	4.9513
28.35134	7.08889	5.2575
28.35326	7.08827	5.5726
28.35139	7.08811	5.8907
28.35370	7.08780	6.1998
28.35526	7.08770	6.5241
28.36053	7.08785	6.8393
28.37022	7.08842	7.1514
28.37918	7.08988	7.4574
28.40098	7.09280	7.7634
28.56603	7.10545	8.0636
28.66053	7.13177	8.3637
28.76184	7.15800	8.6574
28.88758	7.18763	8.9424
28.95692	7.21718	9.2243
28.98454	7.24294	9.5060
29.00041	7.26260	9.7968
29.01661	7.27667	10.0938
29.05444	7.28745	10.3970
29.13754	7.29964	10.7091
29.18554	7.31257	11.0180
29.24101	7.32529	11.3331
29.25956	7.33718	11.6453
29.28652	7.34682	11.9391
29.30825	7.35505	12.2331
29.31747	7.36160	12.5242
29.31697	7.36690	12.8120
29.33191	7.37062	13.0969
29.34576	7.37355	13.3818
29.37449	7.37675	13.6576
29.43841	7.38231	13.9272
29.50576	7.38897	14.2060
29.54086	7.39564	14.4816
29.55178	7.40135	14.7664
29.55796	7.40581	15.0666
29.56378	7.40886	15.3756
29.56323	7.41096	15.6787
29.57190	7.41227	15.9787
29.58449	7.41327	16.2785
29.60081	7.41442	16.5664
29.60938	7.41563	16.8603
29.61429	7.41647	17.1362
29.61896	7.41720	17.4180
29.62232	7.41773	17.6756
29.62785	7.41799	17.9423
29.62903	7.41810	18.1908
29.63091	7.41820	18.4604
29.63126	7.41825	18.7544
29.63479	7.41841	19.0422
29.63646	7.41851	19.3483
29.63761	7.41878	19.6633
29.63860	7.41899	19.9784
29.63927	7.41920	20.2634
29.64115	7.41930	20.5513
29.64111	7.41951	20.8330
29.64160	7.41956	21.0967
29.64106	7.41977	21.3451
29.64190	7.41972	21.5997
29.64286	7.41993	21.8483
29.64388	7.41983	22.1027
29.64333	7.41988	22.3753
29.64518	7.42009	22.6540
29.64559	7.42009	22.9299
29.65295	7.42019	23.2270
29.66281	7.42035	23.5328
29.66943	7.42056	23.8207
29.67557	7.42088	24.1147
29.68295	7.42119	24.3994
29.70360	7.42166	24.6751
29.71832	7.42198	24.9479
29.70468	7.42235	25.2206
29.70993	7.42235	25.4692
29.77340	7.42235	25.7449
29.82086	7.42298	26.0086
29.80999	7.42361	26.2781
29.80025	7.42413	26.5569
29.80246	7.42429	26.8750
29.81309	7.42450	27.1780
29.80740	7.42450	27.4568
29.81120	7.42450	27.7477
29.80964	7.42450	28.0235
29.81477	7.42455	28.3265
29.81200	7.42466	28.6173
29.79888	7.42455	28.8839
29.79750	7.42418	29.1659
29.79968	7.42403	29.4414
29.80096	7.42392	29.7173
29.80285	7.42387	29.9870
29.80307	7.42408	30.2687
29.79917	7.42413	30.5474
29.79908	7.42403	30.8264
29.78456	7.42408	31.1262
29.79160	7.42413	31.4140
29.79649	7.42424	31.7019
29.86520	7.42455	31.9866
29.89180	7.42518	32.2836
29.90764	7.42613	32.5745
29.91427	7.42681	32.8685
29.91387	7.42744	33.1412
29.91335	7.42760	33.4139
29.91251	7.42775	33.6926
29.91254	7.42781	33.9681
29.91227	7.42775	34.2470
29.91391	7.42791	34.5258
29.91489	7.42807	34.8228
29.91703	7.42796	35.0984
29.91690	7.42796	35.3771
29.91739	7.42786	35.6712
29.91750	7.42812	35.9618
29.91908	7.42796	36.2558
29.92015	7.42802	36.5559
29.92082	7.42775	36.8891
29.92098	7.42781	37.1739
29.92178	7.42765	37.4618
29.92188	7.42754	37.7405
29.92228	7.42770	38.0161
29.92667	7.42765	38.2888
29.93741	7.42775	38.5615
29.94632	7.42786	38.8372
29.94819	7.42807	39.1099
29.95188	7.42844	39.3857
29.95441	7.42865	39.6585
29.95953	7.42880	39.9431
29.96732	7.42907	40.2280
29.96672	7.42922	40.5251
29.96843	7.42954	40.8127
29.96954	7.42970	41.1066
29.97285	7.42975	41.4006
29.97479	7.42985	41.7066
29.97871	7.42996	41.9912
29.97894	7.43022	42.2941
29.98599	7.43027	42.5791
29.99746	7.43038	42.8820
30.01134	7.43059	43.1607
30.02310	7.43075	43.4425
30.02908	7.43090	43.7304
30.03067	7.43111	44.0271
30.02972	7.43117	44.3119
30.04123	7.43138	44.6058
30.05052	7.43143	44.8968
30.05726	7.43122	45.2361
30.06023	7.43090	45.5361
30.06086	7.43069	45.8541
30.05975	7.43054	46.1692
30.05928	7.43038	46.4873
30.05924	7.43027	46.7963
30.05994	7.42985	47.0811
30.06088	7.42922	47.3750
30.06144	7.42844	47.6598
30.06162	7.42807	47.9688
30.05992	7.42775	48.2778
30.05845	7.42665	48.5687
30.05672	7.42592	48.8626
30.05762	7.42571	49.1866
30.06069	7.42502	49.5230
30.06713	7.42366	49.8228
30.07778	7.42161	50.1319
30.08902	7.41851	50.4227
30.10644	7.41505	50.7105
30.11912	7.41395	50.9895
30.12450	7.41510	51.2800
30.12717	7.41705	51.5678
30.12605	7.41888	51.8313
30.12614	7.42030	52.1192
30.13013	7.42124	52.4071
30.13084	7.42240	52.6889
30.12993	7.42324	52.9675
30.12915	7.42376	53.2554
30.13195	7.42403	53.5401
30.14018	7.42403	53.8339
30.14749	7.42403	54.1311
30.15095	7.42392	54.4157
30.15240	7.42361	54.7245
30.15374	7.42329	55.0004
30.15424	7.42303	55.2910
30.15541	7.42298	55.5759
30.15835	7.42292	55.8788
30.16219	7.42292	56.1363
30.16402	7.42287	56.4181
30.16999	7.42245	56.6876
30.17318	7.42182	56.9876
30.17544	7.42135	57.2664
30.17946	7.42061	57.5179
30.18553	7.41993	57.7937
30.18816	7.41836	58.0752
30.19288	7.41678	58.3994
30.19379	7.41521	58.6933
30.19726	7.41395	58.9902
30.19927	7.41300	59.2870
30.19871	7.41237	59.5656
30.19877	7.41180	59.8262
30.19978	7.41164	60.0867
30.19980	7.41148	60.3503
30.20119	7.41159	60.5956
30.20224	7.41153	60.8533
30.20420	7.41148	61.1440
30.20421	7.41132	61.4258
30.20559	7.41111	61.7104
30.20661	7.41085	62.0013
30.20662	7.41069	62.3014
30.20720	7.41064	62.5860
30.20871	7.41043	62.8737
30.20842	7.41001	63.1465
30.20974	7.40980	63.4162
30.20795	7.40991	63.6886
30.20778	7.41012	63.9492
30.20926	7.41033	64.2156
30.20851	7.41038	64.4761
30.21163	7.41038	64.7340
30.21482	7.40975	65.0216
30.21594	7.40870	65.2911
30.21325	7.40802	65.5820
30.20868	7.40812	65.8728
30.20905	7.40891	66.1638
30.20977	7.40938	66.4516
30.21199	7.40933	66.7423
30.21912	7.40896	67.0029
30.21989	7.40755	67.3087
30.21853	7.40676	67.5995
30.21841	7.40639	67.8660
30.21857	7.40644	68.1356
30.22237	7.40671	68.4145
30.22956	7.40702	68.6811
30.23337	7.40765	68.9838
30.23320	7.40839	69.2625
30.23211	7.40881	69.5442
30.23200	7.40902	69.8381
30.23135	7.40902	70.1288
30.23160	7.40896	70.4104
30.23110	7.40902	70.6984
30.23227	7.40896	70.9801
30.23156	7.40896	71.2557
30.23144	7.40896	71.5223
30.23262	7.40891	71.8010
30.23120	7.40896	72.0676
30.23066	7.40907	72.3402
30.22992	7.40902	72.6219
30.22939	7.40896	72.8885
30.22937	7.40902	73.1429
30.22948	7.40912	73.4214
30.23021	7.40928	73.7032
30.23242	7.40917	73.9820
30.23122	7.40928	74.2636
30.23133	7.40938	74.5453
30.23126	7.40933	74.8148
30.23105	7.40944	75.0816
30.23065	7.40938	75.3419
30.23150	7.40933	75.6177
30.23305	7.40938	75.8841
30.23422	7.40928	76.1416
30.23569	7.40928	76.3962
30.23539	7.40949	76.6626
30.23601	7.40970	76.9322
30.23540	7.40996	77.2110
30.23397	7.40991	77.5533
30.23470	7.40959	77.8652
30.23330	7.40933	78.1316
30.23270	7.40912	78.4043
30.23384	7.40912	78.6799
30.23436	7.40907	78.9344
30.23717	7.40912	79.1859
30.23850	7.40891	79.4465
30.23917	7.40907	79.6979
30.23970	7.40938	79.9614
30.23896	7.40980	80.2157
30.23857	7.41012	80.4853
30.23862	7.41022	80.7670
30.23894	7.41017	81.0486
30.23831	7.41038	81.3152
30.23819	7.41038	81.5877
30.23806	7.41033	81.8392
30.23889	7.41038	82.0996
30.23845	7.41038	82.3451
30.23872	7.41033	82.5843
30.23824	7.41038	82.8237
30.23908	7.41043	83.0659
30.23898	7.41043	83.2991
30.23977	7.41054	83.5385
30.23946	7.41069	83.7900
30.23991	7.41080	84.0412
30.24185	7.41064	84.2898
30.24441	7.41054	84.5410
30.24545	7.41064	84.8075
30.24427	7.41111	85.0651
30.24338	7.41132	85.3165
30.24402	7.41122	85.5648
30.24255	7.41127	85.8163
30.24709	7.41101	86.0554
30.26047	7.41090	86.2827
30.26434	7.41096	86.5249
30.26505	7.41122	86.7765
30.25860	7.41122	87.0673
30.26213	7.41111	87.3397
30.26760	7.41122	87.5881
30.27397	7.41143	87.8395
30.27997	7.41174	88.1060
30.28740	7.41059	88.3605
30.29792	7.40734	88.6118
30.30819	7.40240	88.8541
30.31495	7.39674	89.0963
30.32140	7.39044	89.3296
30.32618	7.38441	89.5629
30.33015	7.38006	89.7931
30.33276	7.37733	90.0171
30.33398	7.37597	90.2685
30.33490	7.37502	90.5018
30.33501	7.37439	90.7503
30.33458	7.37408	91.0016
30.33618	7.37371	91.2591
30.33598	7.37366	91.5043
30.33840	7.37114	91.7647
30.34097	7.36695	92.0132
30.34622	7.36097	92.2645
30.35032	7.35599	92.5462
30.35355	7.35332	92.7795
30.35339	7.35337	93.0308
30.35377	7.35411	93.2670
30.35241	7.35531	93.5034
30.35171	7.35563	93.7335
30.35343	7.35353	93.9788
30.35541	7.35138	94.2121
30.35659	7.35007	94.4484
30.35750	7.34965	94.7116
30.35951	7.34829	94.9632
30.36219	7.34509	95.2296
30.36360	7.34305	95.4902
30.36468	7.34237	95.7445
30.36577	7.34137	95.9900
30.36658	7.34033	96.2505
30.36785	7.33912	96.5137
30.36923	7.33818	96.7621
30.36999	7.33718	97.0076
30.37006	7.33661	97.2467
30.37022	7.33629	97.5012
30.37011	7.33629	97.7493
30.37094	7.33598	98.0070
30.37308	7.33551	98.2734
30.37801	7.33451	98.5336
30.38063	7.33289	98.8095
30.38200	7.33126	99.0881
30.38264	7.33032	99.3545
30.38252	7.32995	99.6181
30.38136	7.32964	99.8663
30.38519	7.32906	100.1208
30.38410	7.32959	100.3629
30.38497	7.32990	100.6143
30.38554	7.33027	100.8506
30.38380	7.33016	101.1050
30.38294	7.32927	101.3595
30.38521	7.32807	101.6258
30.38502	7.32739	101.8923
30.38662	7.32754	102.1558
30.38573	7.32812	102.4284
30.38570	7.32802	102.7011
30.38696	7.32796	102.9706
30.38722	7.32791	103.2341
30.38587	7.32781	103.4885
30.38767	7.32781	103.7580
30.38773	7.32760	104.0367
30.38820	7.32739	104.3032
30.38918	7.32713	104.5544
30.38961	7.32686	104.8331
30.38963	7.32671	105.1056
30.38945	7.32618	105.3662
30.39140	7.32555	105.6297
30.39211	7.32566	105.9110
30.39270	7.32665	106.2108
30.39215	7.32760	106.4744
30.39166	7.32833	106.7318
30.39122	7.32870	106.9983
30.39148	7.32864	107.2770
30.39156	7.32849	107.5526
30.39254	7.32791	107.8281
30.39296	7.32728	108.1127
30.39347	7.32686	108.3914
30.39412	7.32613	108.6729
30.39488	7.32498	108.9425
30.39583	7.32414	109.2120
30.39595	7.32388	109.4724
30.39657	7.32356	109.7329
30.39649	7.32299	109.9993
30.39679	7.32252	110.2688
30.39760	7.32184	110.5322
30.39807	7.32131	110.8048
30.39823	7.32084	111.0833
30.39811	7.32084	111.3680
30.39802	7.32079	111.6588
30.39846	7.32068	111.9374
30.39765	7.32131	112.2160
30.39754	7.32168	112.4943
30.39741	7.32168	112.7794
30.39705	7.32173	113.0518
30.39740	7.32105	113.3062
30.39797	7.32027	113.5696
30.39832	7.31974	113.8331
30.39837	7.31932	114.0933
30.39861	7.31838	114.3689
30.39960	7.31749	114.6447
30.39905	7.31723	114.9261
30.39906	7.31759	115.2199
30.39891	7.31822	115.5107
30.39711	7.31869	115.8073
30.39685	7.31885	116.0919
30.39851	7.31801	116.3948
30.39848	7.31555	116.6914
30.40172	7.31173	116.9549
30.40409	7.30890	117.2092
30.40542	7.30770	117.4788
30.40536	7.30718	117.7605
30.40615	7.30576	118.0361
30.40717	7.30409	118.3083
30.40867	7.30267	118.6113
30.40853	7.30194	118.9019
30.40758	7.30069	119.1988
30.40996	7.29744	119.4955
30.41270	7.29441	119.7802
30.41435	7.29216	120.0678
30.41491	7.29100	120.3523
30.41579	7.28985	120.6370
30.41729	7.28823	120.9187
30.41900	7.28629	121.2032
30.42001	7.28462	121.4818
30.42251	7.28200	121.7695
30.42377	7.28028	122.0632
30.42446	7.27949	122.3566
30.42479	7.27897	122.6478
30.42513	7.27881	122.9412
30.42538	7.27860	123.2378
30.42583	7.27803	123.5318
30.42662	7.27735	123.8283
30.42742	7.27630	124.1191
30.42838	7.27536	124.3974
30.42982	7.27442	124.6793
30.43284	7.27264	124.9668
30.43667	7.26814	125.2577
30.44010	7.26417	125.5391
30.44281	7.26192	125.8267
30.44440	7.26035	126.1055
30.44544	7.25978	126.3934
30.44506	7.25946	126.6837
30.44525	7.25931	127.0076
30.44562	7.25873	127.3225
30.44603	7.25810	127.6317
30.44645	7.25763	127.9311
30.44786	7.25716	128.2248
30.45016	7.25659	128.5126
30.45180	7.25533	128.7911
30.45279	7.25408	129.0666
30.45359	7.25340	129.3420
30.45440	7.25272	129.6176
30.45585	7.25199	129.8992
30.45837	7.25026	130.1807
30.45980	7.24796	130.4686
30.46145	7.24707	130.7651
30.46282	7.24566	131.0741
30.46411	7.24472	131.3829
30.46463	7.24368	131.6855
30.46628	7.24315	131.9794
30.46821	7.24226	132.2486
30.47041	7.24158	132.5183
30.47231	7.24132	132.7969
30.47640	7.24091	133.0782
30.47625	7.24017	133.3688
30.48128	7.23944	133.6566
30.48321	7.23861	133.9503
30.48334	7.23756	134.2410
30.48368	7.23265	134.5527
30.49098	7.22309	134.8463
30.49813	7.21536	135.1311
30.50197	7.21107	135.4214
30.50328	7.20945	135.6911
30.49543	7.20768	135.9697
30.49774	7.20251	136.2421
30.50241	7.19692	136.5207
30.50642	7.19186	136.7901
30.50563	7.18862	137.0807
30.51048	7.18440	137.3925
30.51131	7.18226	137.6925
30.50883	7.18085	137.9860
30.50878	7.17610	138.2674
30.51525	7.16885	138.5551
30.52027	7.16384	138.8489
30.52298	7.16175	139.1304
30.52373	7.16144	139.4300
30.52416	7.16201	139.6995
30.52216	7.16332	139.9689
30.52298	7.16368	140.2416
30.52149	7.16493	140.5171
30.52013	7.16566	140.7835
30.51832	7.16493	141.0589
30.52070	7.16248	141.3315
30.52423	7.16128	141.6129
30.52268	7.16259	141.9034
30.52133	7.16352	142.1912
30.52157	7.16347	142.4878
30.52126	7.16368	142.7726
30.51905	7.16379	143.0511
30.52062	7.16196	143.3143
30.52159	7.16034	143.5930
30.52309	7.15888	143.8594
30.52417	7.15820	144.1288
30.52500	7.15826	144.4012
30.52568	7.15914	144.6831
30.52207	7.16092	144.9673
30.52108	7.16076	145.2489
30.52254	7.15904	145.5366
30.52300	7.15763	145.8182
30.52286	7.15622	146.0845
30.52410	7.15377	146.3568
30.52638	7.15158	146.6266
30.52708	7.15028	146.8960
30.52681	7.14903	147.1561
30.52866	7.14725	147.4227
30.52744	7.14616	147.7103
30.52863	7.14360	148.0039
30.53015	7.14100	148.2731
30.53048	7.13891	148.5428
30.53167	7.13683	148.8032
30.53292	7.13490	149.0725
30.53443	7.13344	149.3388
30.53404	7.13239	149.5962
30.53359	7.13088	149.8538
30.53797	7.12760	150.1170
30.53977	7.12619	150.3803
30.53865	7.12551	150.6528
30.54072	7.12484	150.9405
30.54076	7.12645	151.2161
30.53775	7.12859	151.4944
30.53777	7.12828	151.7698
30.53814	7.12750	152.0454
30.54052	7.12437	152.3117
30.54283	7.12124	152.5812
30.54312	7.11973	152.8416
30.54460	7.11822	153.1170
30.54607	7.11718	153.3834
30.54641	7.11666	153.6529
30.54626	7.11640	153.9162
30.54705	7.11603	154.2037
30.54574	7.11587	154.4791
30.54452	7.11530	154.7698
30.54126	7.11306	155.0423
30.54934	7.10957	155.3209
30.55068	7.10973	155.5935
30.54992	7.11129	155.8476
30.54858	7.11259	156.1109
30.54811	7.11337	156.3712
30.54768	7.11410	156.6255
30.54428	7.11488	156.8861
30.54126	7.11306	157.1494
30.54452	7.10780	157.4308
30.54814	7.10280	157.7305
30.55115	7.09962	158.0393
30.55281	7.09759	158.3297
30.55496	7.09644	158.6145
30.55711	7.09644	158.8837
30.55643	7.09842	159.1562
30.55299	7.10082	159.4410
30.55093	7.10197	159.7040
30.55070	7.10134	159.9676
30.55425	7.10035	160.2340
30.55477	7.10045	160.4974
30.55500	7.10082	160.7575
30.55457	7.10155	161.0299
30.55375	7.10197	161.3026
30.55326	7.10238	161.5808
30.55779	7.10290	161.8715
30.55754	7.10379	162.1652
30.55678	7.10441	162.4769
30.55644	7.10436	162.7584
30.55475	7.10394	163.0459
30.55522	7.10327	163.3308
30.55665	7.10249	163.6152
30.55703	7.10275	163.8906
30.55654	7.10316	164.1781
30.55788	7.10332	164.4505
30.55985	7.10410	164.7320
30.55811	7.10608	165.0075
30.55552	7.10707	165.2737
30.55436	7.10644	165.5464
30.55489	7.10488	165.8248
30.55683	7.10337	166.1003
30.55683	7.10285	166.3879
30.55607	7.10207	166.6633
30.55784	7.10098	166.9480
30.55772	7.10066	167.2412
30.55913	7.10035	167.5349
30.55836	7.10040	167.8164
30.55472	7.10009	168.1131
30.55938	7.09858	168.4217
30.55746	7.09842	168.7094
30.55748	7.09827	168.9697
30.56008	7.09775	169.2452
30.55331	7.09759	169.5176
30.55249	7.09514	169.7901
30.56027	7.09238	170.0625
30.56007	7.09254	170.3407
30.56608	7.09389	170.6133
30.56145	7.09717	170.9071
30.55353	7.09868	171.1883
30.55165	7.09691	171.4728
30.55645	7.09405	171.7575
30.54546	7.09212	172.0299
30.55065	7.08686	172.3022
30.55617	7.08244	172.5777
30.55889	7.08088	172.8564
30.55290	7.08067	173.1316
30.55564	7.07812	173.3950
30.55711	7.07624	173.6735
30.55756	7.07499	173.9368
30.55845	7.07416	174.2061
30.55931	7.07380	174.4785
30.55884	7.07374	174.7479
30.56025	7.07390	175.0143
30.56122	7.07447	175.2836
30.55990	7.07515	175.5561
30.55822	7.07541	175.8195
30.55833	7.07515	176.0920
30.55958	7.07473	176.3675
30.55769	7.07484	176.6669
30.55872	7.07426	176.9875
30.55941	7.07302	177.3268
30.56005	7.07177	177.6174
30.56066	7.07125	177.8834
30.56098	7.07151	178.1408
30.56062	7.07140	178.4012
30.56187	7.07099	178.6796
30.56186	7.07047	178.9823
30.56503	7.07005	179.2728
30.56504	7.07020	179.5481
30.56446	7.07073	179.8147
30.56516	7.07078	180.0901
30.56532	7.07099	180.3654
30.56786	7.07119	180.6622
30.57012	7.07218	180.9464
30.56883	7.07411	181.2278
30.57028	7.07609	181.5006
30.56982	7.07791	181.7668
30.56760	7.07916	182.0271
30.56804	7.07989	182.2844
30.56812	7.08088	182.5356
30.56864	7.08197	182.7807
30.57086	7.08301	183.0501
30.57081	7.08353	183.3193
30.57095	7.08405	183.6129
30.57075	7.08452	183.8944
30.57096	7.08488	184.1822
30.57063	7.08504	184.4696
30.57056	7.08468	184.7692
30.57144	7.08317	185.0445
30.57285	7.08181	185.3171
30.57325	7.08077	185.5831
30.57450	7.07968	185.8375
30.57622	7.07942	186.0857
30.57570	7.08025	186.3462
30.57200	7.08093	186.5972
30.57277	7.07963	186.8574
30.57417	7.07791	187.1207
30.57492	7.07692	187.4020
30.57557	7.07635	187.6838
30.57659	7.07588	187.9744
30.57855	7.07645	188.2588
30.57846	7.07822	188.5402
30.57392	7.08036	188.8217
30.57624	7.08082	189.0971
30.57607	7.08155	189.3907
30.57253	7.08254	189.6842
30.57241	7.08186	189.9535
30.57173	7.08062	190.2197
30.56997	7.07879	190.4771
30.57194	7.07499	190.7587
30.57474	7.07140	191.0308
30.57609	7.06927	191.3275
30.57718	7.06828	191.5998
30.57714	7.06781	191.8816
30.57702	7.06750	192.1657
30.57669	7.06698	192.4444
30.57796	7.06646	192.7285
30.57802	7.06625	193.0008
30.57759	7.06630	193.2735
30.57752	7.06625	193.5398
30.57790	7.06568	193.8120
30.57777	7.06531	194.0814
30.57706	7.06516	194.3600
30.57746	7.06464	194.6414
30.57892	7.06427	194.9229
30.57821	7.06464	195.2042
30.57805	7.06505	195.4857
30.57792	7.06536	195.7551
30.57870	7.06547	196.0305
30.57722	7.06589	196.2968
30.57740	7.06599	196.5843
30.57609	7.06620	196.8658
30.57722	7.06583	197.1502
30.57803	7.06552	197.4469
30.57697	7.06552	197.7279
30.57739	7.06521	198.0155
30.57486	7.06469	198.2971
30.57455	7.06302	198.5785
30.57544	7.06053	198.8570
30.57648	7.05808	199.1384
30.57917	7.05595	199.4228
30.57874	7.05485	199.7192
30.57963	7.05407	200.0281
30.58075	7.05371	200.3305
30.57775	7.05335	200.6241
30.57234	7.05059	200.9057
30.57451	7.04279	201.2113
30.58109	7.03311	201.4987
30.58745	7.02578	201.7832
30.59002	7.02131	202.0709
30.59165	7.01783	202.3461
30.59369	7.01471	202.6275
30.59602	7.01232	202.9059
30.59854	7.01076	203.1873
30.59864	7.01097	203.4598
30.59691	7.01128	203.7353
30.59732	7.01029	204.0226
30.59807	7.00930	204.3160
30.59899	7.00842	204.5946
30.59993	7.00759	204.8910
30.60240	7.00759	205.1845
30.60847	7.00842	205.4720
30.60722	7.00946	205.7506
30.60490	7.00946	206.0378
30.60380	7.00904	206.3315
30.60274	7.00821	206.6252
30.60923	7.00775	206.9122
30.61200	7.00847	207.1877
30.61343	7.01003	207.4542
30.61209	7.01201	207.7265
30.61372	7.01341	208.0048
30.61400	7.01476	208.2923
30.61296	7.01617	208.5680
30.61145	7.01720	208.8491
30.60978	7.01767	209.1305
30.60855	7.01741	209.4120
30.61390	7.01710	209.6904
30.62022	7.01824	209.9839
30.61561	7.02142	210.2955
30.61570	7.02334	210.6041
30.61069	7.02448	210.8857
30.60634	7.02407	211.1638
30.60804	7.02245	211.4485
30.61387	7.02116	211.7269
30.62386	7.02178	212.0083
30.61549	7.02589	212.2896
30.60976	7.02755	212.5679
30.60953	7.02625	212.8433
30.60956	7.02464	213.1278
30.60976	7.02292	213.4063
30.61014	7.02152	213.6904
30.60946	7.01996	213.9873
30.61002	7.01882	214.2747
30.61436	7.01798	214.5649
30.61513	7.01856	214.8462
30.61273	7.02038	215.1185
30.60693	7.02136	215.3974
30.61109	7.01991	215.6725
30.61250	7.01954	215.9388
30.61053	7.01944	216.2263
30.61151	7.01887	216.5228
30.61579	7.01908	216.8194
30.62360	7.02095	217.1099
30.62360	7.02448	217.4006
30.61685	7.02760	217.6877
30.61674	7.02698	217.9692
30.61729	7.02531	218.2505
30.61758	7.02381	218.5198
30.61523	7.02121	218.7921
30.62008	7.01658	219.0495
30.62133	7.01331	219.3156
30.62342	7.01045	219.5789
30.62197	7.00795	219.8663
30.62363	7.00437	220.1417
30.62671	7.00089	220.4473
30.62601	6.99860	220.7529
30.62676	6.99580	221.0554
30.62658	6.99231	221.3460
30.62896	6.98868	221.6211
30.63053	6.98572	221.8936
30.63059	6.98333	222.1627
30.63149	6.98016	222.4260
30.63424	6.97679	222.6864
30.63647	6.97414	222.9464
30.63796	6.97232	223.2248
30.63671	6.97066	223.4940
30.64016	6.96770	223.7635
30.63747	6.96521	223.9754
30.64075	6.96069	224.1202
30.64228	6.95638	224.1900
30.64692	6.95228	224.1874
30.65181	6.95078	224.1630
30.65156	6.95249	224.1569
30.64953	6.95514	224.1721
30.64735	6.95690	224.1965
30.64286	6.95721	224.2147
30.64464	6.95446	224.2086
30.64824	6.95156	224.1784
30.65201	6.95057	224.1118
30.65284	6.95301	223.9911
30.64862	6.95669	223.8549
30.64698	6.95861	223.7188
30.64644	6.95929	223.5886
30.64542	6.95945	223.4496
30.64618	6.95934	223.3078
30.64716	6.95945	223.1381
30.64638	6.96079	222.9508
30.64577	6.96225	222.7692
30.64485	6.96375	222.5879
30.64397	6.96536	222.4034
30.64259	6.96687	222.2067
30.64143	6.96827	222.0101
30.64046	6.96946	221.8045
30.64037	6.97019	221.6109
30.63978	6.97081	221.3932
30.63987	6.97149	221.1847
30.63977	6.97248	220.9486
30.63992	6.97377	220.7127
30.63976	6.97564	220.4828
30.63891	6.97777	220.2590
30.63798	6.98006	220.0291
30.63694	6.98224	219.8205
30.63522	6.98406	219.6119
30.63496	6.98520	219.4031
30.63471	6.98634	219.1883
30.63462	6.98754	218.9585
30.63431	6.98883	218.7165
30.63421	6.99050	218.4622
30.63376	6.99226	218.2175
30.63290	6.99418	217.9603
30.63187	6.99569	217.7093
30.63211	6.99704	217.4733
30.63173	6.99902	217.2432
30.63257	7.00156	217.0286
30.63068	7.00551	216.8321
30.62907	7.00962	216.6233
30.62682	7.01331	216.4118
30.62513	7.01653	216.1938
30.62476	7.01954	215.9549
30.62366	7.02308	215.7131
30.61989	7.02708	215.4591
30.61573	7.03025	215.1986
30.61233	7.03181	214.9386
30.61108	7.03192	214.6844
30.61035	7.03145	214.4307
30.60956	7.03088	214.1916
30.60862	7.02994	213.9646
30.60851	7.02875	213.7469
30.60882	7.02708	213.5351
30.60856	7.02516	213.3021
30.60968	7.02339	213.0906
30.60991	7.02183	212.8484
30.61041	7.02064	212.6067
30.61104	7.01975	212.3525
30.61108	7.01908	212.1015
30.61113	7.01840	211.8474
30.61025	7.01809	211.5993
30.61078	7.01746	211.3481
30.61143	7.01700	211.1035
30.61224	7.01689	210.8403
30.61254	7.01705	210.6011
30.61235	7.01731	210.3681
30.61196	7.01757	210.1321
30.61192	7.01772	209.9023
30.61149	7.01788	209.6724
30.61135	7.01793	209.4302
30.61131	7.01809	209.1913
30.61169	7.01809	208.9555
30.61135	7.01814	208.7073
30.61150	7.01824	208.4624
30.60990	7.01830	208.2113
30.60935	7.01798	207.9603
30.60654	7.01752	207.7151
30.60420	7.01637	207.4734
30.60413	7.01476	207.2404
30.60421	7.01336	207.0013
30.60353	7.01222	206.7714
30.60191	7.01107	206.5355
30.60229	7.00972	206.2935
30.60255	7.00879	206.0606
30.60241	7.00816	205.8307
30.60151	7.00764	205.5917
30.60129	7.00733	205.3406
30.60162	7.00671	205.0987
30.60174	7.00639	204.8626
30.60116	7.00634	204.6206
30.60127	7.00603	204.3876
30.60036	7.00567	204.1579
30.60068	7.00536	203.9190
30.60080	7.00473	203.6738
30.60043	7.00452	203.4408
30.60039	7.00468	203.1989
30.60044	7.00452	202.9538
30.60066	7.00463	202.7089
30.60010	7.00463	202.4729
30.60006	7.00478	202.2338
30.60011	7.00499	202.0099
30.59977	7.00536	201.7590
30.60088	7.00572	201.5229
30.60129	7.00681	201.2779
30.60063	7.00873	201.0360
30.59952	7.01123	200.7939
30.59761	7.01351	200.5459
30.59653	7.01523	200.2946
30.59536	7.01637	200.0586
30.59473	7.01674	199.8347
30.59445	7.01679	199.6080
30.59427	7.01674	199.3782
30.59447	7.01663	199.1394
30.59591	7.01663	198.8911
30.59881	7.01814	198.6521
30.59868	7.02225	198.4009
30.59703	7.02807	198.1469
30.59449	7.03431	197.8866
30.59129	7.04060	197.6359
30.58789	7.04606	197.4027
30.58519	7.05028	197.1667
30.58348	7.05345	196.9429
30.58235	7.05589	196.7159
30.58086	7.05829	196.4949
30.57967	7.05990	196.2591
30.57843	7.06105	196.0172
30.57789	7.06177	195.7721
30.57765	7.06203	195.5118
30.57766	7.06229	195.2578
30.57788	7.06255	195.0005
30.57766	7.06255	194.7437
30.57764	7.06292	194.5016
30.57780	7.06302	194.2414
30.57748	7.06313	194.0020
30.57744	7.06328	193.7753
30.57771	7.06370	193.5424
30.57761	7.06370	193.3128
30.57735	7.06412	193.0823
30.57736	7.06422	192.8404
30.57720	7.06438	192.5955
30.57730	7.06453	192.3503
30.57708	7.06453	192.0934
30.57686	7.06453	191.8359
30.57689	7.06448	191.5881
30.57737	7.06458	191.3310
30.57711	7.06464	191.0769
30.57717	7.06469	190.8316
30.57719	7.06464	190.5928
30.57701	7.06474	190.3445
30.57678	7.06474	190.1085
30.57685	7.06479	189.8484
30.57767	7.06458	189.6063
30.57748	7.06469	189.3798
30.57797	7.06500	189.1617
30.57926	7.06583	188.9407
30.57875	7.06729	188.6892
30.57879	7.06916	188.4414
30.57789	7.07099	188.1934
30.57650	7.07239	187.9362
30.57674	7.07390	187.6820
30.57621	7.07515	187.4370
30.57581	7.07640	187.1889
30.57533	7.07744	186.9439
30.57453	7.07838	186.7202
30.57406	7.07911	186.4869
30.57389	7.07978	186.2631
30.57301	7.08051	186.0365
30.57230	7.08098	185.8093
30.57204	7.08108	185.5792
30.57174	7.08124	185.3432
30.57099	7.08108	185.1043
30.57085	7.08114	184.8623
30.57068	7.08093	184.6115
30.57057	7.08088	184.3691
30.56991	7.08062	184.1182
30.56936	7.08030	183.8729
30.56955	7.07983	183.6310
30.56954	7.07921	183.4072
30.56962	7.07885	183.1922
30.56997	7.07848	182.9774
30.56934	7.07832	182.7627
30.56967	7.07806	182.5356
30.57033	7.07812	182.3088
30.57014	7.07838	182.0695
30.56999	7.07874	181.8245
30.56982	7.07905	181.5705
30.56958	7.07916	181.3164
30.56889	7.07916	181.0682
30.56794	7.07937	180.8354
30.56707	7.07942	180.6081
30.56683	7.07942	180.3934
30.56684	7.07921	180.1758
30.56738	7.07864	179.9608
30.56715	7.07832	179.7399
30.56758	7.07796	179.5129
30.56678	7.07786	179.2558
30.56655	7.07749	179.0077
30.56649	7.07739	178.7596
30.56592	7.07739	178.5268
30.56489	7.07739	178.2970
30.56394	7.07692	178.0849
30.56347	7.07650	177.8638
30.56285	7.07583	177.6249
30.56212	7.07520	177.3526
30.56269	7.07447	177.0802
30.56321	7.07400	176.8412
30.56316	7.07380	176.6172
30.56280	7.07380	176.3813
30.56300	7.07354	176.1424
30.56297	7.07369	175.9002
30.56251	7.07395	175.6580
30.56227	7.07411	175.4402
30.56130	7.07411	175.2195
30.56116	7.07400	174.9984
30.56140	7.07385	174.7807
30.56218	7.07390	174.5689
30.56234	7.07442	174.3510
30.56289	7.07505	174.1239
30.56259	7.07640	173.8971
30.56197	7.07775	173.6551
30.56077	7.07885	173.4220
30.55985	7.07926	173.1771
30.55888	7.07957	172.9410
30.55885	7.07957	172.7048
30.55809	7.07942	172.4811
30.55772	7.07926	172.2660
30.55785	7.07885	172.0573
30.55789	7.07853	171.8455
30.55755	7.07827	171.6308
30.55774	7.07817	171.4039
30.55837	7.07832	171.1770
30.55791	7.07859	170.9440
30.55845	7.07885	170.7079
30.55828	7.07916	170.4688
30.55849	7.07942	170.2267
30.55842	7.07999	169.9816
30.55773	7.08051	169.7487
30.55760	7.08077	169.5248
30.55656	7.08093	169.3129
30.55650	7.08072	169.0980
30.55653	7.08051	168.8561
30.55703	7.08036	168.6470
30.55783	7.08030	168.4354
30.55823	7.08072	168.2144
30.55792	7.08119	167.9724
30.55757	7.08171	167.7303
30.55702	7.08207	167.4821
30.55700	7.08223	167.2249
30.55739	7.08228	166.9887
30.55777	7.08265	166.7528
30.55950	7.08322	166.5169
30.56113	7.08457	166.2898
30.56160	7.08671	166.0658
30.56104	7.08889	165.8240
30.55988	7.09092	165.5910
30.55874	7.09249	165.3579
30.55810	7.09332	165.1185
30.55767	7.09394	164.8464
30.55762	7.09436	164.5770
30.55765	7.09462	164.2957
30.55782	7.09488	164.0054
30.55753	7.09535	163.7176
30.55751	7.09582	163.4303
30.55795	7.09629	163.1366
30.55791	7.09686	162.8402
30.55734	7.09728	162.5465
30.55691	7.09754	162.2591
30.55732	7.09759	161.9807
30.55773	7.09764	161.6991
30.55772	7.09780	161.4149
30.55732	7.09801	161.1392
30.55751	7.09832	160.8489
30.55741	7.09894	160.5645
30.55669	7.10066	160.2709
30.55526	7.10348	159.9802
30.55291	7.10665	159.6926
30.55083	7.10915	159.3899
30.54914	7.11129	159.0934
30.54810	7.11285	158.7879
30.54689	7.11405	158.5094
30.54617	7.11462	158.2430
30.54570	7.11499	157.9888
30.54574	7.11499	157.7439
30.54576	7.11509	157.5018
30.54578	7.11520	157.2441
30.54595	7.11520	157.0053
30.54563	7.11561	156.7513
30.54595	7.11613	156.4909
30.54555	7.11671	156.2333
30.54518	7.11733	155.9733
30.54495	7.11796	155.7102
30.54447	7.11832	155.4529
30.54440	7.11853	155.2017
30.54433	7.11843	154.9565
30.54433	7.11848	154.7083
30.54406	7.11853	154.4692
30.54364	7.11838	154.2302
30.54342	7.11806	153.9942
30.54352	7.11770	153.7552
30.54314	7.11749	153.5189
30.54287	7.11718	153.2619
30.54258	7.11718	153.0105
30.54296	7.11702	152.7623
30.54278	7.11697	152.5174
30.54261	7.11728	152.2903
30.54203	7.11791	152.0511
30.54157	7.11869	151.8183
30.54164	7.11978	151.5882
30.54013	7.12197	151.3763
30.53830	7.12452	151.1584
30.53670	7.12682	150.9465
30.53470	7.12843	150.7318
30.53378	7.12922	150.5077
30.53324	7.12911	150.2868
30.53375	7.12880	150.0537
30.53409	7.12854	149.8205
30.53420	7.12854	149.5723
30.53390	7.12885	149.3214
30.53339	7.12932	149.0822
30.53294	7.12994	148.8488
30.53274	7.13067	148.6010
30.53197	7.13151	148.3709
30.53131	7.13213	148.1561
30.53117	7.13239	147.9502
30.53118	7.13250	147.7295
30.53143	7.13255	147.5114
30.53184	7.13234	147.2996
30.53147	7.13250	147.0695
30.53182	7.13260	146.8305
30.53179	7.13260	146.5884
30.53199	7.13266	146.3493
30.53256	7.13281	146.0980
30.53225	7.13328	145.8679
30.53199	7.13406	145.6319
30.53163	7.13458	145.4108
30.53118	7.13557	145.1931
30.53058	7.13636	144.9904
30.53003	7.13709	144.7785
30.52924	7.13771	144.5636
30.52869	7.13808	144.3393
30.52884	7.13802	144.1003
30.52985	7.13813	143.8644
30.53129	7.13948	143.6161
30.53095	7.14293	143.3771
30.52808	7.14772	143.1379
30.52523	7.15189	142.8988
30.52327	7.15528	142.6687
30.52256	7.15763	142.4419
30.52205	7.16013	142.2208
30.52106	7.16279	142.0061
30.52017	7.16540	141.7973
30.51928	7.16796	141.5821
30.51866	7.17020	141.3582
30.51809	7.17239	141.1280
30.51778	7.17511	140.9103
30.51673	7.17860	140.6801
30.51417	7.18199	140.4501
30.51211	7.18460	140.2082
30.51017	7.18601	139.9659
30.50934	7.18633	139.7239
30.50985	7.18549	139.4876
30.51048	7.18429	139.2576
30.51086	7.18314	139.0337
30.51191	7.18168	138.8249
30.51157	7.18038	138.5888
30.51238	7.17876	138.3437
30.51313	7.17704	138.1227
30.51464	7.17542	137.9228
30.51431	7.17448	137.6988
30.51526	7.17359	137.4659
30.51617	7.17260	137.2329
30.51642	7.17245	136.9966
30.51661	7.17234	136.7606
30.51675	7.17239	136.5063
30.51636	7.17250	136.2612
30.51637	7.17260	136.0310
30.51679	7.17292	135.8132
30.51736	7.17328	135.6043
30.51678	7.17427	135.3955
30.51651	7.17542	135.1987
30.51696	7.17683	134.9747
30.51807	7.17907	134.7658
30.51840	7.18273	134.5450
30.51871	7.18716	134.3026
30.51710	7.19316	134.0635
30.51385	7.19969	133.8094
30.50806	7.20585	133.5674
30.50194	7.20998	133.3161
30.49894	7.21275	133.0831
30.49585	7.21442	132.8528
30.49192	7.21619	132.6320
30.48705	7.21859	132.4108
30.48344	7.22100	132.1989
30.48035	7.22324	131.9964
30.47814	7.22533	131.7787
30.47663	7.22716	131.5603
30.47615	7.22857	131.3333
30.47561	7.22983	131.1032
30.47476	7.23113	130.8733
30.47446	7.23197	130.6373
30.47407	7.23291	130.4100
30.47319	7.23380	130.1832
30.47242	7.23463	129.9531
30.47130	7.23526	129.7352
30.47090	7.23584	129.5081
30.47001	7.23672	129.2841
30.46873	7.23777	129.0509
30.46805	7.23902	128.8390
30.46700	7.23996	128.6030
30.46664	7.24064	128.3546
30.46624	7.24106	128.1307
30.46542	7.24143	127.9158
30.46435	7.24237	127.6979
30.46249	7.24310	127.4526
30.46076	7.24451	127.2045
30.45798	7.24629	126.9624
30.45410	7.24864	126.7200
30.45132	7.25131	126.4903
30.44699	7.25476	126.2660
30.44361	7.25842	126.0420
30.44104	7.26145	125.8363
30.43886	7.26396	125.6213
30.43721	7.26631	125.4126
30.43528	7.26861	125.2006
30.43336	7.27092	124.9858
30.43211	7.27290	124.7586
30.43022	7.27510	124.5132
30.42886	7.27714	124.2804
30.42749	7.27845	124.0321
30.42698	7.27923	123.7839
30.42684	7.27981	123.5505
30.42564	7.28091	123.3237
30.42362	7.28295	123.1056
30.42146	7.28551	122.8969
30.41871	7.28844	122.6821
30.41590	7.29137	122.4671
30.41342	7.29393	122.2429
30.41078	7.29660	122.0191
30.40762	7.29964	121.7829
30.40476	7.30273	121.5375
30.40182	7.30582	121.2955
30.39900	7.30901	121.0534
30.39722	7.31168	120.8203
30.39552	7.31372	120.6053
30.39415	7.31540	120.3903
30.39319	7.31644	120.1784
30.39340	7.31676	119.9786
30.39332	7.31665	119.7669
30.39370	7.31634	119.5428
30.39394	7.31602	119.3097
30.39445	7.31602	119.0644
30.39433	7.31629	118.8070
30.39385	7.31733	118.5648
30.39285	7.31890	118.3077
30.39137	7.32079	118.0684
30.39018	7.32262	117.8623
30.38846	7.32430	117.6809
30.38738	7.32555	117.4839
30.38607	7.32723	117.2782
30.38421	7.32906	117.1057
30.38324	7.33027	116.9089
30.38215	7.33116	116.7122
30.38120	7.33173	116.5123
30.37984	7.33226	116.3064
30.37855	7.33278	116.0977
30.37735	7.33320	115.8858
30.37673	7.33325	115.6706
30.37688	7.33320	115.4467
30.37711	7.33304	115.2228
30.37762	7.33257	115.0048
30.37827	7.33194	114.7866
30.37891	7.33132	114.5840
30.37945	7.33043	114.3720
30.38065	7.32953	114.1635
30.38121	7.32901	113.9451
30.38143	7.32849	113.7241
30.38143	7.32823	113.4938
30.38189	7.32775	113.2548
30.38206	7.32775	113.0218
30.38233	7.32718	112.7885
30.38257	7.32702	112.5525
30.38242	7.32686	112.3163
30.38272	7.32671	112.0890
30.38295	7.32655	111.8745
30.38282	7.32644	111.6446
30.38275	7.32618	111.4203
30.38279	7.32603	111.1901
30.38320	7.32566	110.9783
30.38293	7.32571	110.7512
30.38331	7.32561	110.5303
30.38288	7.32561	110.3152
30.38265	7.32561	110.0941
30.38288	7.32545	109.8701
30.38350	7.32508	109.6430
30.38312	7.32503	109.4040
30.38319	7.32508	109.1589
30.38294	7.32519	108.8983
30.38294	7.32540	108.6348
30.38281	7.32561	108.3776
30.38261	7.32597	108.0990
30.38226	7.32650	107.8356
30.38179	7.32686	107.5812
30.38211	7.32692	107.3422
30.38133	7.32718	107.0999
30.38158	7.32739	106.8574
30.38147	7.32734	106.6183
30.38119	7.32770	106.3672
30.38069	7.32765	106.1159
30.38109	7.32770	105.8584
30.38089	7.32775	105.5953
30.38066	7.32807	105.3350
30.38035	7.32817	105.0773
30.38019	7.32849	104.8169
30.37981	7.32875	104.5628
30.37974	7.32896	104.3114
30.37929	7.32922	104.0631
30.37921	7.32943	103.8242
30.37884	7.32959	103.5877
30.37886	7.32969	103.3515
30.37882	7.32985	103.1124
30.37822	7.32990	102.8762
30.37765	7.33022	102.6401
30.37715	7.33069	102.3949
30.37675	7.33126	102.1464
30.37659	7.33158	101.8832
30.37639	7.33179	101.6227
30.37709	7.33158	101.3654
30.37698	7.33153	101.1019
30.37681	7.33147	100.8539
30.37655	7.33173	100.6084
30.37608	7.33179	100.3845
30.37558	7.33210	100.1422
30.37453	7.33273	99.9151
30.37293	7.33362	99.6789
30.37089	7.33561	99.4431
30.36791	7.33807	99.2036
30.36503	7.34111	98.9521
30.36312	7.34342	98.7009
30.36157	7.34494	98.4496
30.36035	7.34609	98.1892
30.36000	7.34661	97.9227
30.36031	7.34677	97.6684
30.36055	7.34661	97.4262
30.36051	7.34640	97.1842
30.36080	7.34619	96.9477
30.36072	7.34640	96.7206
30.36072	7.34651	96.4937
30.36045	7.34656	96.2605
30.35964	7.34677	96.0244
30.35858	7.34750	95.7761
30.35721	7.34845	95.5158
30.35605	7.34960	95.2522
30.35482	7.35054	94.9737
30.35416	7.35128	94.7134
30.35283	7.35180	94.4374
30.35171	7.35253	94.1772
30.35080	7.35332	93.9198
30.35065	7.35364	93.6504
30.35070	7.35332	93.3902
30.35123	7.35285	93.1265
30.35163	7.35253	92.8542
30.35184	7.35206	92.5694
30.35220	7.35180	92.2698
30.35200	7.35180	91.9759
30.35213	7.35180	91.6733
30.35222	7.35154	91.3763
30.35276	7.35107	91.0887
30.35348	7.35039	90.8101
30.35372	7.34981	90.5195
30.35385	7.34950	90.2378
30.35392	7.34918	89.9504
30.35390	7.34897	89.6684
30.35403	7.34881	89.3808
30.35412	7.34871	89.0963
30.35438	7.34855	88.8056
30.35414	7.34860	88.5149
30.35406	7.34860	88.2271
30.35411	7.34855	87.9216
30.35345	7.34871	87.6094
30.35278	7.34923	87.3308
30.35238	7.34960	87.0612
30.35252	7.34981	86.7767
30.35302	7.34976	86.5101
30.35288	7.34944	86.2345
30.35180	7.34923	85.9592
30.35136	7.34950	85.6863
30.34996	7.35018	85.4142
30.34974	7.35049	85.1324
30.34905	7.35112	84.8537
30.34823	7.35143	84.5782
30.34735	7.35191	84.2967
30.34541	7.35290	84.0150
30.34354	7.35474	83.7212
30.34135	7.35662	83.4335
30.33954	7.35846	83.1490
30.33840	7.35998	82.8643
30.33666	7.36165	82.5977
30.33554	7.36307	82.3251
30.33446	7.36443	82.0706
30.33378	7.36580	81.8074
30.33275	7.36779	81.5439
30.33038	7.37025	81.2773
30.32843	7.37261	81.0141
30.32663	7.37450	80.7534
30.32555	7.37654	80.4841
30.32356	7.37859	80.2056
30.32085	7.38069	79.9359
30.31755	7.38347	79.6662
30.31207	7.38661	79.4031
30.30002	7.38997	79.1274
30.28808	7.39432	78.8700
30.28005	7.39920	78.6004
30.27575	7.40319	78.3490
30.27098	7.40592	78.0916
30.26811	7.40828	77.8221
30.26662	7.40975	77.5497
30.26582	7.41080	77.2772
30.26473	7.41143	77.0196
30.26373	7.41195	76.7531
30.26293	7.41232	76.4805
30.26202	7.41274	76.2170
30.25999	7.41300	75.9567
30.25806	7.41316	75.7023
30.25631	7.41348	75.4417
30.25577	7.41348	75.1844
30.25416	7.41363	74.9269
30.25304	7.41369	74.6666
30.25229	7.41384	74.4121
30.25249	7.41374	74.1579
30.25133	7.41369	73.9036
30.24731	7.41374	73.6488
30.24490	7.41369	73.3886
30.24321	7.41363	73.1341
30.24141	7.41363	72.8766
30.24041	7.41379	72.5980
30.24028	7.41369	72.3436
30.24007	7.41369	72.0711
30.23886	7.41369	71.8167
30.23677	7.41342	71.5562
30.23574	7.41321	71.2958
30.23434	7.41306	71.0476
30.23475	7.41279	70.7961
30.23398	7.41274	70.5387
30.23395	7.41253	70.2783
30.23360	7.41253	70.0208
30.23297	7.41248	69.7573
30.23265	7.41222	69.5028
30.23273	7.41227	69.2333
30.23337	7.41211	68.9728
30.23392	7.41222	68.7185
30.23403	7.41222	68.4611
30.23371	7.41211	68.2036
30.23267	7.41222	67.9522
30.23250	7.41216	67.7072
30.23202	7.41216	67.4525
30.23142	7.41222	67.1920
30.23097	7.41211	66.9225
30.23068	7.41227	66.6712
30.23033	7.41243	66.4137
30.23036	7.41237	66.1442
30.23032	7.41232	65.8838
30.22993	7.41253	65.6232
30.22990	7.41253	65.3719
30.22951	7.41258	65.1145
30.22891	7.41264	64.8782
30.22835	7.41264	64.6450
30.22659	7.41258	64.4058
30.22507	7.41264	64.1696
30.22326	7.41264	63.9272
30.22198	7.41279	63.6698
30.22122	7.41274	63.4124
30.22063	7.41279	63.1425
30.22000	7.41290	62.8822
30.21958	7.41306	62.6157
30.21888	7.41300	62.3675
30.21833	7.41300	62.1252
30.21806	7.41306	61.8858
30.21812	7.41295	61.6557
30.21700	7.41306	61.4286
30.21720	7.41295	61.1984
30.21718	7.41279	60.9589
30.21667	7.41274	60.7076
30.21603	7.41285	60.4502
30.21581	7.41285	60.1986
30.21426	7.41279	59.9413
30.21187	7.41295	59.6716
30.20955	7.41279	59.4174
30.20878	7.41274	59.1600
30.20815	7.41269	58.9146
30.20522	7.41269	58.6692
30.20514	7.41253	58.4208
30.20405	7.41269	58.1786
30.20269	7.41264	57.9424
30.20066	7.41258	57.7061
30.19923	7.41253	57.4698
30.19871	7.41243	57.2124
30.19879	7.41216	56.9549
30.19824	7.41216	56.7005
30.19870	7.41206	56.4522
30.19962	7.41195	56.2128
30.19987	7.41180	55.9736
30.19955	7.41190	55.7223
30.19830	7.41180	55.4799
30.19799	7.41174	55.2406
30.19940	7.41169	54.9922
30.19868	7.41174	54.7346
30.19945	7.41159	54.4863
30.20015	7.41159	54.2289
30.20102	7.41148	53.9745
30.20167	7.41153	53.7291
30.20090	7.41148	53.4868
30.19947	7.41143	53.2354
30.19773	7.41143	52.9962
30.19652	7.41143	52.7537
30.19401	7.41148	52.5207
30.19158	7.41190	52.2754
30.18977	7.41258	52.0359
30.18886	7.41337	51.7937
30.18607	7.41421	51.5483
30.18065	7.41458	51.2967
30.17767	7.41390	51.0425
30.17180	7.41274	50.7879
30.16727	7.41111	50.5305
30.16393	7.40933	50.2793
30.16204	7.40755	50.0126
30.15673	7.40613	49.7702
30.15250	7.40513	49.5126
30.15139	7.40419	49.2734
30.15030	7.40366	49.0341
30.14836	7.40314	48.7950
30.14793	7.40277	48.5645
30.14633	7.40246	48.3315
30.14534	7.40219	48.0980
30.14537	7.40183	47.8497
30.14351	7.40167	47.6013
30.14111	7.40130	47.3469
30.13979	7.40099	47.0805
30.13686	7.40093	46.8019
30.13251	7.40062	46.5321
30.12994	7.40046	46.2655
30.12908	7.39999	46.0021
30.12774	7.39999	45.7566
30.12793	7.39988	45.5295
30.12734	7.39999	45.3083
30.12533	7.40015	45.0841
30.12399	7.40036	44.8602
30.12337	7.40036	44.6389
30.12137	7.40036	44.3966
30.11316	7.40046	44.1481
30.10732	7.40072	43.8908
30.10003	7.40114	43.6210
30.09564	7.40172	43.3393
30.09084	7.40230	43.0698
30.08434	7.40272	42.8184
30.07792	7.40319	42.5669
30.07391	7.40361	42.3338
30.06679	7.40413	42.0855
30.06251	7.40455	41.8733
30.05937	7.40503	41.6583
30.05708	7.40566	41.4280
30.05531	7.40592	41.1948
30.05390	7.40623	40.9434
30.05402	7.40644	40.7040
30.05426	7.40644	40.4434
30.05089	7.40644	40.1830
30.04778	7.40676	39.9162
30.04645	7.40713	39.6589
30.04535	7.40739	39.4135
30.04469	7.40760	39.1589
30.04226	7.40786	38.9256
30.03770	7.40891	38.6955
30.03130	7.41096	38.4654
30.02576	7.41337	38.2322
30.02047	7.41573	38.0021
30.01570	7.41810	37.7655
30.01155	7.42019	37.5355
30.00758	7.42187	37.2808
30.00438	7.42350	37.0263
30.00211	7.42497	36.7658
29.99956	7.42607	36.5145
29.99607	7.42697	36.2569
29.99367	7.42775	35.9996
29.99353	7.42833	35.7571
29.99225	7.42880	35.5149
29.98952	7.42912	35.2784
29.97628	7.42928	35.0513
29.96500	7.42938	34.8331
29.95889	7.42912	34.5999
29.95019	7.42891	34.3606
29.94645	7.42865	34.1213
29.93975	7.42817	33.8698
29.93475	7.42786	33.6184
29.92971	7.42760	33.3580
29.92563	7.42728	33.1123
29.92300	7.42697	32.8518
29.92142	7.42670	32.6246
29.92033	7.42649	32.3854
29.91921	7.42623	32.1582
29.91769	7.42628	31.9308
29.91722	7.42618	31.7096
29.91584	7.42607	31.4823
29.91517	7.42613	31.2434
29.91480	7.42607	31.0040
29.91412	7.42623	30.7497
29.91375	7.42618	30.4982
29.91384	7.42613	30.2375
29.91321	7.42623	29.9738
29.91315	7.42613	29.7224
29.91283	7.42623	29.4801
29.91247	7.42639	29.2499
29.91229	7.42634	29.0226
29.91196	7.42644	28.8014
29.91171	7.42655	28.5773
29.91137	7.42660	28.3410
29.91112	7.42670	28.1045
29.91062	7.42665	27.8503
29.91034	7.42665	27.5867
29.90937	7.42691	27.3321
29.90895	7.42686	27.0656
29.90680	7.42691	26.7777
29.89937	7.42691	26.5110
29.89693	7.42676	26.2537
29.89377	7.42644	26.0081
29.89243	7.42628	25.7780
29.89200	7.42592	25.5417
29.88947	7.42592	25.3143
29.88167	7.42565	25.0844
29.86312	7.42555	24.8479
29.85251	7.42513	24.6026
29.84337	7.42460	24.3663
29.83711	7.42424	24.1237
29.83134	7.42429	23.8783
29.82408	7.42387	23.6329
29.81242	7.42361	23.3845
29.79748	7.42329	23.1331
29.78642	7.42319	22.8877
29.77350	7.42303	22.6393
29.76729	7.42277	22.3970
29.76548	7.42256	22.1546
29.76376	7.42240	21.9181
29.76128	7.42235	21.6909
29.75999	7.42229	21.4636
29.75764	7.42224	21.2425
29.75678	7.42214	21.0092
29.75425	7.42208	20.7759
29.74781	7.42208	20.5335
29.73418	7.42208	20.2760
29.71341	7.42203	20.0217
29.70434	7.42177	19.7580
29.70401	7.42166	19.5095
29.70177	7.42151	19.2672
29.70056	7.42151	19.0218
29.69855	7.42145	18.7885
29.69693	7.42140	18.5672
29.69539	7.42140	18.3371
29.69369	7.42130	18.1129
29.69250	7.42119	17.8765
29.69154	7.42114	17.6461
29.69077	7.42109	17.4099
29.68964	7.42109	17.1617
29.68935	7.42109	16.9101
29.68862	7.42109	16.6433
29.68855	7.42130	16.3768
29.68889	7.42124	16.1466
29.68778	7.42130	15.8921
29.68626	7.42151	15.6648
29.68597	7.42151	15.4438
29.68467	7.42130	15.2256
29.68360	7.42114	15.0043
29.68242	7.42088	14.7770
29.68173	7.42088	14.5436
29.68184	7.42072	14.3105
29.68239	7.42056	14.0983
29.68187	7.42067	13.8863
29.68044	7.42046	13.6864
29.67931	7.42035	13.4861
29.67830	7.42025	13.2956
29.67822	7.42014	13.0923
29.67895	7.41993	12.8774
29.67908	7.42004	12.6652
29.67923	7.41983	12.4288
29.67879	7.41993	12.1864
29.67800	7.41983	11.9561
29.67692	7.41983	11.7259
29.66646	7.41972	11.5018
29.60997	7.41967	11.2744
29.67176	7.41956	11.0471
29.66920	7.41946	10.8201
29.66683	7.41914	10.5867
29.66230	7.41899	10.3352
29.65832	7.41857	10.0836
29.65483	7.41820	9.8262
29.64667	7.41794	9.5656
29.59219	7.41726	9.3079
29.53491	7.41447	9.0657
29.49757	7.41012	8.8353
29.47917	7.40566	8.6203
29.41577	7.40120	8.4140
29.36963	7.39553	8.2141
29.32521	7.38918	8.0112
29.29494	7.38242	7.8022
29.28235	7.37612	7.5781
29.27669	7.37125	7.3506
29.26317	7.36768	7.1052
29.24978	7.36459	6.8384
29.23565	7.36192	6.5750
29.22912	7.35924	6.3173
29.21526	7.35694	6.0718
29.18547	7.35442	5.8327
29.06360	7.34970	5.6113
28.82853	7.33556	5.4083
28.58733	7.30346	5.2146
28.45306	7.25648	5.0177
28.43307	7.21128	4.8266
28.37538	7.17605	4.6296
28.38293	7.14741	4.4265
28.38263	7.12833	4.2145
28.38342	7.11567	4.0056
28.39221	7.10743	3.7843
28.39210	7.10332	3.5478
28.39268	7.10061	3.3206
28.39334	7.09884	3.0903
28.39207	7.09785	2.8480
28.39148	7.09697	2.6086
28.39250	7.09639	2.3752
28.39220	7.09650	2.1299
28.39174	7.09717	1.8903
28.39161	7.09785	1.6358
28.39092	7.09827	1.3934
28.39203	7.09759	1.1390
28.39532	7.09717	0.8722
28.39673	7.09785	0.6207
28.39730	7.09900	0.3935
28.39269	7.10030	0.2509
28.39569	7.10124	0.1419
28.39640	7.10160	0.0511
28.39639	7.10197	-0.0308
8.65821	7.10217	-0.0277
2.49971	7.09926	-0.0308
2.08817	7.08702	-0.0339
23.34931	7.07161	-0.0278
24.85297	7.06890	-0.0308
17.23538	7.08639	-0.0336
19.33426	7.10228	-0.0338
5.91316	7.11436	-0.0277
5.59944	7.12348	-0.0369
4.91672	7.12828	-0.0247
4.31838	7.13208	-0.0277
3.88698	7.13578	-0.0308
3.54912	7.13808	-0.0305
3.10480	7.14220	-0.0336
2.68212	7.14564	-0.0399
2.59199	7.14710	-0.0488
2.55857	7.14918	-0.0487
2.68675	7.15283	-0.0397
2.87925	7.15497	-0.0428
2.92089	7.15633	-0.0458
2.63341	7.15758	-0.0458
2.36333	7.15893	-0.0427
1.98939	7.16024	-0.0427
1.93791	7.16149	-0.0398
2.26931	7.16279	-0.0397
2.48981	7.16426	-0.0308
2.46936	7.16603	-0.0336
2.16025	7.16822	-0.0336
2.01953	7.16984	-0.0306
1.87481	7.17192	-0.0335
1.71462	7.17401	-0.0308
1.60834	7.17615	-0.0276
1.53172	7.17761	-0.0306
1.45529	7.17751	-0.0307
