Salinity, Practical [PSU]	Temperature [ITS-90, deg C]	Depth [salt water, m]
0.20775	12.08391	-0.2140
0.20679	12.08616	-0.2139
0.20623	12.08829	-0.2139
0.20650	12.09084	-0.2139
0.20620	12.09292	-0.2140
0.20539	12.09446	-0.2079
0.20463	12.09463	-0.2171
0.20394	12.09357	-0.2138
0.20393	12.09558	-0.2170
0.20416	12.09860	-0.2200
0.20412	12.10234	-0.2140
0.20297	12.10560	-0.2080
0.20192	12.10655	-0.2140
0.20129	12.10044	-0.2110
0.20030	12.09286	-0.2140
0.19927	12.08616	-0.2110
0.19780	12.08101	-0.2170
0.19626	12.08071	-0.2109
0.19529	12.08154	-0.2080
0.19495	12.08320	-0.2110
0.19363	12.08610	-0.2050
0.19222	12.08978	-0.2109
0.19105	12.09374	-0.2140
0.18997	12.09700	-0.2079
0.18883	12.09967	-0.2110
0.18790	12.10246	-0.2079
0.18621	12.10435	-0.2140
0.18456	12.10471	-0.2171
0.18251	12.10518	-0.2170
0.18059	12.10649	-0.2171
0.17877	12.10305	-0.2170
0.17689	12.09475	-0.2139
0.17473	12.08450	-0.2170
0.17273	12.06993	-0.2141
0.17090	12.05549	-0.2140
0.16926	12.03939	-0.2140
0.16755	12.02348	-0.2139
0.16607	12.00846	-0.2141
0.16464	11.99292	-0.2109
0.16344	11.97927	-0.2140
0.16211	11.96929	-0.2201
0.16087	11.95925	-0.2170
0.15952	11.95004	-0.2140
0.15819	11.93895	-0.2109
0.15734	11.92656	-0.2078
0.15636	11.91759	-0.2108
0.15530	11.91311	-0.2110
0.15476	11.90869	-0.2171
0.15797	11.90055	-0.2170
0.15870	11.88623	-0.2109
0.15842	11.86903	-0.2110
0.15775	11.85096	-0.2139
0.15699	11.83766	-0.2077
0.15610	11.82371	-0.2078
0.15556	11.80631	-0.2169
0.15493	11.79079	-0.2141
0.15416	11.77874	-0.2169
0.15349	11.77099	-0.2199
0.15300	11.76024	-0.2169
0.15268	11.74727	-0.2169
0.15194	11.73412	-0.2077
0.15107	11.71922	-0.2109
0.15043	11.70561	-0.2139
0.14977	11.69606	-0.2109
0.14900	11.68463	-0.2078
0.14842	11.67045	-0.2169
0.14784	11.65973	-0.2201
0.14731	11.65423	-0.2138
0.14680	11.64913	-0.2108
0.14629	11.64480	-0.2139
0.14587	11.64041	-0.2077
0.14534	11.63579	-0.2138
0.14500	11.62777	-0.2108
0.14461	11.61631	-0.2169
0.14405	11.60882	-0.2107
0.14391	11.60800	-0.2107
0.14370	11.61005	-0.2168
0.14340	11.61285	-0.2138
0.14337	11.61478	-0.2077
0.14376	11.61514	-0.2138
0.14590	11.61566	-0.2107
0.14675	11.61695	-0.2137
0.14649	11.61718	-0.2138
0.14679	11.61771	-0.2107
0.14685	11.61935	-0.2077
0.14647	11.62058	-0.2106
0.14594	11.62215	-0.2108
0.15646	11.62385	-0.2168
0.16771	11.62362	-0.2136
0.17686	11.61911	-0.2137
0.18610	11.61455	-0.2137
0.19519	11.61151	-0.2138
0.20514	11.61046	-0.2137
0.21365	11.60911	-0.2137
0.22120	11.60753	-0.2137
0.22671	11.60461	-0.2137
0.23094	11.60209	-0.2077
0.23522	11.59900	-0.2107
0.23715	11.59537	-0.2137
0.23721	11.59268	-0.2136
0.23811	11.59262	-0.2136
0.23643	11.59560	-0.2167
0.23375	11.59900	-0.2168
0.23065	11.60092	-0.2106
0.22808	11.60619	-0.2165
0.22523	11.61414	-0.2105
0.22200	11.62157	-0.2046
0.17114	11.62994	-0.1955
16.47562	11.42622	-0.0833
23.94679	10.53301	0.1045
24.73874	9.72712	0.3044
25.25849	9.13287	0.4741
25.59181	8.75630	0.5713
25.81194	8.53758	0.6317
25.96556	8.41084	0.6408
26.03191	8.32007	0.6378
26.08905	8.25329	0.6411
26.11123	8.21799	0.6440
26.14734	8.20509	0.6531
26.23134	8.20444	0.6592
26.21745	8.21579	0.6533
26.18979	8.25023	0.6441
26.19641	8.32629	0.6502
26.16183	8.37808	0.6532
26.13067	8.40094	0.6624
26.12181	8.37636	0.6714
26.14587	8.33467	0.6805
26.18091	8.30557	0.6837
26.22459	8.28728	0.6684
26.24072	8.28133	0.6502
26.17495	8.27050	0.6441
26.13572	8.24643	0.6442
26.13454	8.22083	0.6623
26.16062	8.20760	0.6746
26.20710	8.20482	0.6806
26.27304	8.21499	0.6685
26.28147	8.22372	0.6443
26.22616	8.21794	0.6321
26.15644	8.20327	0.6200
26.13653	8.17748	0.6350
26.15390	8.16411	0.6685
26.24354	8.16774	0.6896
26.30415	8.18031	0.7017
26.32915	8.18224	0.6988
26.31037	8.21574	0.6654
26.21855	8.27087	0.6533
26.12516	8.30488	0.6322
26.09426	8.28658	0.6381
26.12572	8.25458	0.6472
26.16597	8.23454	0.6685
26.21910	8.22468	0.6774
26.29119	8.22334	0.6775
26.31646	8.22645	0.6624
26.24989	8.22297	0.6562
26.20414	8.20562	0.6411
26.19639	8.17758	0.6472
26.21895	8.16213	0.6563
26.27609	8.16405	0.6684
26.34274	8.18026	0.6775
26.36547	8.18598	0.6714
26.32556	8.18053	0.6714
26.27781	8.17523	0.6653
26.26342	8.16149	0.6655
26.26828	8.14347	0.6715
26.30195	8.13220	0.6654
26.35955	8.13749	0.6624
26.34860	8.16170	0.6473
26.28515	8.17309	0.6411
26.24256	8.16026	0.6351
26.23144	8.13936	0.6503
26.24580	8.12675	0.6624
26.33859	8.13241	0.6776
26.39140	8.15112	0.6836
26.41100	8.15149	0.6867
26.38900	8.17117	0.6806
26.32033	8.19861	0.6624
26.25765	8.22254	0.6411
26.26320	8.22361	0.6382
26.34479	8.21130	0.6291
26.37942	8.21815	0.6351
26.36645	8.21890	0.6503
26.38306	8.20905	0.6655
26.43075	8.20123	0.6896
26.43451	8.19818	0.6958
26.39785	8.24927	0.6839
26.28790	8.35825	0.6657
26.18507	8.42972	0.6474
26.15624	8.44701	0.6293
26.21078	8.41326	0.6323
26.28619	8.39126	0.6323
26.30466	8.37464	0.6474
26.32525	8.36475	0.6687
26.31534	8.39384	0.6898
26.30403	8.42246	0.6960
26.29408	8.44625	0.6928
26.28271	8.47459	0.6777
26.26003	8.49971	0.6596
26.20528	8.50284	0.6354
26.17050	8.48645	0.6323
26.21650	8.45600	0.6385
26.28860	8.43543	0.6538
26.30650	8.41842	0.6688
26.28349	8.44808	0.6658
26.21359	8.52285	0.6688
26.15044	8.57376	0.6627
26.12321	8.59473	0.6658
26.15553	8.58776	0.6627
26.19597	8.57835	0.6749
26.19546	8.57479	0.6687
26.20161	8.57376	0.6628
26.18931	8.59970	0.6537
26.16564	8.62436	0.6326
26.12096	8.64113	0.6234
26.09041	8.63897	0.6417
26.11170	8.59722	0.6751
26.20834	8.53343	0.7022
26.24375	8.50656	0.7024
26.24705	8.50866	0.6811
26.19104	8.58192	0.6417
26.10392	8.64877	0.6084
26.05268	8.67925	0.6054
26.02876	8.63751	0.6418
26.09780	8.53753	0.6873
26.23264	8.47281	0.7207
26.28276	8.44055	0.7176
26.25683	8.47664	0.6844
26.18143	8.56004	0.6450
26.07812	8.62615	0.6117
26.04849	8.65829	0.6026
26.06709	8.63686	0.6299
26.13718	8.56771	0.6603
26.20448	8.51967	0.6996
26.23141	8.49416	0.7118
26.23126	8.50057	0.7087
26.19324	8.55340	0.6785
26.13446	8.60695	0.6422
26.08772	8.64059	0.6090
26.07147	8.64790	0.6059
26.09147	8.59295	0.6302
26.13473	8.51460	0.6787
26.22927	8.45961	0.7210
26.26321	8.44566	0.7271
26.25420	8.46317	0.7090
26.19806	8.53839	0.6787
26.12283	8.60149	0.6302
26.06939	8.63843	0.5909
26.05131	8.64395	0.6030
26.06047	8.57933	0.6334
26.14715	8.50289	0.6788
26.22959	8.46074	0.7031
26.26492	8.43177	0.7122
26.24342	8.46608	0.7062
26.18668	8.52906	0.6790
26.12621	8.57020	0.6517
26.09142	8.58489	0.6427
26.09102	8.58543	0.6307
26.11685	8.57862	0.6397
26.15168	8.56858	0.6458
26.16413	8.55869	0.6670
26.18064	8.54260	0.6762
26.18339	8.54584	0.6762
26.17447	8.56215	0.6732
26.16390	8.57176	0.6732
26.15598	8.57322	0.6764
26.15813	8.57376	0.6703
26.17293	8.57733	0.6733
26.17336	8.58451	0.6704
26.17106	8.58992	0.6643
26.15890	8.59327	0.6553
26.15460	8.59516	0.6553
26.16728	8.59700	0.6644
26.16398	8.60376	0.6584
26.15968	8.60998	0.6615
26.14243	8.62555	0.6494
26.11955	8.63919	0.6646
26.11151	8.64622	0.6858
26.12895	8.64617	0.6829
26.12577	8.64893	0.6829
26.11966	8.65640	0.6587
26.09957	8.68293	0.6375
26.06753	8.70900	0.6345
26.04505	8.71751	0.6436
26.03788	8.70987	0.6557
26.09348	8.65207	0.6922
26.15021	8.59765	0.6921
26.17350	8.57311	0.6832
26.14844	8.60505	0.6589
26.09505	8.65039	0.6287
26.05948	8.67443	0.6287
26.06528	8.65440	0.6560
26.12669	8.57879	0.6772
26.18557	8.53013	0.6954
26.20864	8.50753	0.6834
26.20027	8.52226	0.6744
26.15608	8.57311	0.6441
26.09650	8.62014	0.6199
26.06625	8.64341	0.6321
26.07317	8.62317	0.6684
26.14119	8.55729	0.6866
26.18727	8.51621	0.7018
26.21230	8.49098	0.7078
26.18945	8.52490	0.6928
26.13681	8.57673	0.6534
26.08978	8.61187	0.6384
26.06996	8.62869	0.6354
26.09256	8.59916	0.6506
26.14606	8.54563	0.6657
26.17560	8.52118	0.6839
26.20151	8.49399	0.6871
26.19797	8.50106	0.6901
26.17040	8.52862	0.6629
26.15493	8.54298	0.6568
26.15336	8.54314	0.6418
26.14571	8.54309	0.6357
26.13907	8.52495	0.6508
26.14071	8.50268	0.6721
26.19608	8.45805	0.6904
26.23898	8.43037	0.6996
26.25684	8.42294	0.7088
26.21413	8.47421	0.6845
26.15203	8.52717	0.6603
26.11584	8.55410	0.6451
26.10994	8.55750	0.6452
26.12722	8.54795	0.6422
26.14194	8.54622	0.6544
26.15363	8.54276	0.6756
26.16990	8.52576	0.6787
26.18013	8.51891	0.6757
26.16470	8.53591	0.6729
26.14986	8.54827	0.6667
26.13684	8.55696	0.6547
26.12644	8.56350	0.6577
26.12456	8.56588	0.6668
26.13240	8.57074	0.6730
26.13529	8.57609	0.6731
26.13418	8.57873	0.6731
26.12639	8.58657	0.6792
26.11173	8.59603	0.6822
26.10574	8.59792	0.6763
26.11270	8.59857	0.6733
26.11380	8.60289	0.6703
26.11258	8.60684	0.6613
26.10477	8.61473	0.6401
26.08819	8.62404	0.6371
26.07404	8.62626	0.6463
26.07276	8.62447	0.6553
26.09081	8.61079	0.6706
26.10657	8.60105	0.6768
26.11705	8.59381	0.6888
26.12095	8.59008	0.6798
26.10282	8.60073	0.6709
26.08925	8.60987	0.6677
26.08887	8.60998	0.6618
26.09755	8.60673	0.6679
26.10197	8.60614	0.6709
26.10269	8.60516	0.6831
26.10652	8.60268	0.6862
26.11045	8.60046	0.6862
26.11353	8.59743	0.6741
26.11276	8.59808	0.6530
26.09919	8.60722	0.6379
26.08230	8.61268	0.6319
26.07093	8.61154	0.6410
26.08471	8.58160	0.6562
26.14847	8.51346	0.6806
26.18756	8.47992	0.6866
26.20936	8.46370	0.6867
26.18008	8.48585	0.6714
26.13401	8.51443	0.6686
26.10774	8.52064	0.6687
26.12747	8.48510	0.6868
26.18713	8.44582	0.6990
26.22324	8.42262	0.6992
26.23941	8.41315	0.6749
26.20137	8.45250	0.6507
26.13771	8.49324	0.6235
26.09664	8.50979	0.6205
26.09293	8.47588	0.6477
26.15705	8.40121	0.6660
26.24070	8.35331	0.6873
26.28829	8.31797	0.6843
26.28312	8.31878	0.6934
26.23006	8.34799	0.6936
26.19888	8.36792	0.6907
26.18728	8.37470	0.6937
26.21611	8.36986	0.6786
26.23282	8.36857	0.6605
26.23264	8.36572	0.6361
26.20326	8.37131	0.6273
26.17022	8.37373	0.6454
26.16859	8.34751	0.6970
26.23467	8.29790	0.7394
26.30608	8.26492	0.7334
26.33501	8.25618	0.7215
26.28505	8.31964	0.6608
26.19126	8.39981	0.6064
26.11680	8.46403	0.5882
26.08014	8.48779	0.6247
26.08819	8.43408	0.6824
26.17064	8.35938	0.7188
26.25047	8.31175	0.7369
26.29240	8.28283	0.7309
26.26880	8.31405	0.6886
26.20636	8.37448	0.6463
26.14209	8.42386	0.6311
26.11171	8.45245	0.6282
26.11462	8.45309	0.6525
26.14119	8.42375	0.6738
26.17820	8.39077	0.6981
26.19299	8.38206	0.7102
26.20607	8.37867	0.7164
26.20045	8.39050	0.7012
26.18270	8.41401	0.6740
26.15246	8.43941	0.6409
26.12764	8.45401	0.6408
26.11947	8.45735	0.6620
26.12893	8.44528	0.6955
26.15620	8.42655	0.7167
26.17694	8.41250	0.7138
26.18806	8.40513	0.7016
26.17421	8.42316	0.6683
26.13888	8.44965	0.6411
26.11153	8.46882	0.6473
26.10583	8.47653	0.6624
26.11697	8.46882	0.6747
26.13285	8.45891	0.6898
26.14444	8.44981	0.6960
26.15091	8.44378	0.6840
26.14579	8.44841	0.6749
26.13380	8.45568	0.6598
26.12309	8.46015	0.6599
26.12271	8.45837	0.6659
26.12815	8.45331	0.6842
26.13654	8.45008	0.6933
26.14184	8.44905	0.7055
26.14715	8.44458	0.7025
26.14460	8.44803	0.6905
26.13436	8.45573	0.6693
26.12702	8.45869	0.6573
26.12331	8.45913	0.6453
26.12024	8.45934	0.6605
26.12078	8.45826	0.6787
26.12576	8.45611	0.7030
26.13186	8.45557	0.7090
26.13912	8.45428	0.7031
26.13673	8.45907	0.6789
26.11549	8.47157	0.6608
26.09940	8.47982	0.6519
26.09797	8.47831	0.6731
26.10780	8.47017	0.6822
26.12483	8.46090	0.6942
26.13653	8.45352	0.6853
26.13445	8.45062	0.6733
26.12060	8.45385	0.6703
26.11662	8.45422	0.6764
26.12103	8.44555	0.6885
26.13355	8.43446	0.7007
26.14474	8.42935	0.6947
26.15312	8.42687	0.6918
26.15340	8.42962	0.6708
26.13904	8.44017	0.6527
26.12192	8.44938	0.6435
26.11285	8.45164	0.6466
26.11167	8.44782	0.6769
26.12750	8.42870	0.7105
26.15927	8.39932	0.7315
26.17698	8.38701	0.7226
26.18437	8.38475	0.7045
26.16822	8.40578	0.6802
26.13591	8.43016	0.6469
26.11549	8.44151	0.6411
26.11045	8.43834	0.6501
26.12325	8.41595	0.6865
26.16303	8.38077	0.7018
26.19123	8.35556	0.7050
26.20976	8.33832	0.6990
26.19579	8.35132	0.6778
26.16596	8.37169	0.6627
26.15130	8.38195	0.6687
26.15380	8.37980	0.6689
26.16800	8.37491	0.6780
26.17309	8.37303	0.6871
26.17498	8.36851	0.6963
26.17378	8.36744	0.6964
26.17447	8.36733	0.6963
26.17315	8.36755	0.6964
26.16999	8.36722	0.6905
26.17259	8.36561	0.6845
26.17832	8.36518	0.6754
26.17555	8.36776	0.6724
26.16534	8.37040	0.6604
26.15863	8.36937	0.6664
26.15998	8.36411	0.6848
26.17404	8.35481	0.6940
26.18315	8.34949	0.7091
26.19321	8.34251	0.7033
26.18697	8.35008	0.6971
26.17147	8.36131	0.6881
26.16194	8.36572	0.6761
26.15924	8.36782	0.6639
26.15869	8.36937	0.6610
26.16158	8.36932	0.6641
26.16260	8.37023	0.6642
26.16083	8.36991	0.6944
26.16132	8.36696	0.7067
26.16919	8.36174	0.7219
26.17768	8.35873	0.7190
26.17085	8.36024	0.7191
26.12100	8.37314	0.8040
26.06257	8.34423	0.9403
26.05790	8.26819	1.1129
26.09979	8.19701	1.3130
26.13283	8.14214	1.5071
26.16019	8.10186	1.7040
26.17677	8.07283	1.8919
26.18767	8.05256	2.0827
26.22005	8.03897	2.2829
26.23263	8.02932	2.4919
26.25518	8.02165	2.6919
26.27081	8.01563	2.8889
26.29275	8.01115	3.0919
26.30800	8.00753	3.2920
26.31440	8.00487	3.4829
26.31623	8.00290	3.6888
26.31534	8.00087	3.8950
26.31191	7.99890	4.0980
26.30015	7.99725	4.2981
26.29297	7.99635	4.5011
26.29182	7.99549	4.6950
26.28857	7.99475	4.9012
26.28701	7.99443	5.1102
26.28718	7.99443	5.3255
26.28814	7.99459	5.5313
26.29794	7.99480	5.7375
26.29308	7.99432	5.9405
26.29198	7.99374	6.1374
26.29007	7.99315	6.3617
26.28809	7.99257	6.5921
26.28613	7.99203	6.8285
26.28719	7.99166	7.0435
26.30336	7.99129	7.2800
26.27655	7.99108	7.5072
26.26880	7.99134	7.7316
26.26781	7.99139	7.9648
26.27146	7.99139	8.1951
26.27582	7.99118	8.4163
26.29475	7.99113	8.6467
26.29541	7.99086	8.8952
26.30165	7.99081	9.1587
26.31893	7.99049	9.4404
26.33870	7.99012	9.7407
26.32531	7.98985	10.0374
26.43216	7.98974	10.3435
26.50369	7.98937	10.6375
26.55588	7.98809	10.9435
26.64450	7.98538	11.2434
26.73069	7.98160	11.5373
26.77610	7.97793	11.8282
26.82534	7.97633	12.1039
26.84768	7.97729	12.3949
26.85902	7.97920	12.6918
26.86985	7.98139	12.9796
26.87655	7.98362	13.2856
26.89573	7.98533	13.5796
26.93676	7.98857	13.8615
26.98892	7.99502	14.1523
27.07637	8.00279	14.4523
27.17742	8.01264	14.7371
27.27409	8.02335	15.0400
27.46198	8.03252	15.3279
27.63674	8.03902	15.6157
27.81151	8.04398	15.8947
28.07913	8.05139	16.1763
28.37591	8.06157	16.4641
28.74543	8.07491	16.7640
28.88666	8.08644	17.0580
28.94462	8.09279	17.3519
29.01792	8.09466	17.6277
29.05027	8.09332	17.9156
29.07874	8.09044	18.1943
29.09091	8.08590	18.4699
29.09936	8.07998	18.7488
29.11632	8.07262	19.0246
29.13465	8.06408	19.3063
29.15771	8.05326	19.5789
29.18421	8.03987	19.8578
29.20560	8.02655	20.1456
29.23901	8.01302	20.4215
29.26328	7.99576	20.7000
29.28922	7.97745	20.9727
29.34540	7.95393	21.2576
29.40033	7.92357	21.5242
29.45271	7.89159	21.8060
29.51272	7.86403	22.0726
29.53993	7.84488	22.3392
29.56683	7.83156	22.6118
29.64040	7.82101	22.8847
29.73569	7.81110	23.1665
29.79876	7.79949	23.4421
29.83988	7.78302	23.7147
29.86540	7.76883	23.9784
29.90675	7.75453	24.2571
29.96605	7.73887	24.5208
30.00096	7.72565	24.7965
30.02485	7.71502	25.0631
30.03982	7.70835	25.3419
30.05050	7.70471	25.6207
30.05862	7.70360	25.8782
30.08712	7.70381	26.1539
30.11727	7.70941	26.4356
30.12529	7.72168	26.6933
30.12859	7.73644	26.9781
30.13358	7.74961	27.2811
30.15948	7.76141	27.5475
30.16938	7.77248	27.8204
30.20142	7.77719	28.0899
30.23124	7.76618	28.3323
30.25871	7.74686	28.5960
30.28515	7.72702	28.8475
30.31159	7.70962	29.1050
30.32977	7.69593	29.3565
30.34468	7.68563	29.6200
30.36129	7.67860	29.8686
30.37938	7.67274	30.1230
30.39553	7.66656	30.3776
30.40959	7.66096	30.6321
30.42689	7.65573	30.8836
30.43344	7.65029	31.1440
30.43929	7.64612	31.3928
30.44394	7.64354	31.6470
30.44862	7.64137	31.9077
30.45565	7.63947	32.1532
30.45710	7.63731	32.4166
30.46797	7.63615	32.6560
30.52493	7.63351	32.9045
30.55554	7.62913	33.1529
30.56552	7.62644	33.3982
30.56910	7.62517	33.6558
30.57221	7.62443	33.9075
30.57347	7.62438	34.1588
30.57430	7.62459	34.4102
30.57354	7.62480	34.6677
30.57248	7.62475	34.9162
30.57331	7.62443	35.1647
30.57699	7.62449	35.4132
30.58261	7.62496	35.6647
30.58527	7.62602	35.9131
30.58577	7.62660	36.1675
30.58552	7.62712	36.4251
30.58516	7.62739	36.7220
30.58594	7.62749	36.9977
30.58597	7.62734	37.2402
30.58647	7.62702	37.4916
30.58701	7.62702	37.7492
30.58759	7.62691	37.9974
30.58800	7.62670	38.2490
30.58892	7.62628	38.5035
30.58937	7.62602	38.7487
30.58987	7.62570	39.0064
30.59058	7.62544	39.2519
30.59142	7.62496	39.4973
30.59200	7.62433	39.7516
30.59240	7.62375	40.0062
30.59290	7.62343	40.2545
30.59428	7.62248	40.5001
30.59644	7.62058	40.7516
30.59902	7.61826	41.0152
30.60283	7.61494	41.2667
30.60527	7.61241	41.5211
30.60707	7.61061	41.7665
30.61121	7.60977	42.0149
30.61677	7.60956	42.2724
30.62905	7.60945	42.5300
30.63577	7.60861	42.7752
30.63856	7.60682	43.0178
30.64670	7.60481	43.2692
30.65665	7.60144	43.5175
30.66416	7.59759	43.7752
30.67026	7.59385	44.0206
30.67477	7.59042	44.2629
30.67791	7.58815	44.5144
30.68226	7.58536	44.7538
30.68559	7.58146	45.0050
30.69019	7.57687	45.2476
30.69562	7.57097	45.5049
30.70456	7.56402	45.7535
30.71791	7.55501	46.0142
30.73536	7.54211	46.2717
30.75044	7.52637	46.5231
30.76815	7.51216	46.7805
30.79401	7.49012	47.0229
30.82794	7.46279	47.2653
30.85586	7.44188	47.5106
30.87033	7.42691	47.7532
30.88150	7.41537	47.9985
30.89276	7.40387	48.2470
30.90370	7.39207	48.4954
30.91294	7.38195	48.7500
30.92016	7.37403	48.9951
30.92690	7.36747	49.2375
30.93224	7.36213	49.4801
30.93701	7.35741	49.7223
30.94247	7.35259	49.9737
30.94769	7.34750	50.2252
30.95327	7.34211	50.4737
30.95911	7.33545	50.7130
30.96608	7.32529	50.9615
30.97646	7.31320	51.2128
30.98451	7.30116	51.4582
30.99300	7.28865	51.7037
31.00271	7.27693	51.9491
31.00940	7.26637	52.1944
31.01670	7.25638	52.4488
31.02189	7.24822	52.7125
31.02796	7.24132	52.9640
31.03447	7.23432	53.2154
31.04013	7.22863	53.4728
31.04445	7.22445	53.7183
31.04852	7.22121	53.9638
31.05151	7.21880	54.1969
31.05377	7.21698	54.4483
31.05597	7.21551	54.7241
31.05703	7.21421	54.9694
31.05836	7.21327	55.2240
31.06144	7.21233	55.4632
31.06377	7.21102	55.7148
31.06664	7.20883	55.9662
31.06955	7.20658	56.2025
31.07363	7.20371	56.4510
31.07701	7.20094	56.6964
31.08129	7.19786	56.9326
31.08951	7.19478	57.1870
31.09864	7.19076	57.4295
31.11138	7.18633	57.6779
31.12212	7.18262	57.9202
31.12860	7.17933	58.1475
31.13187	7.17662	58.3928
31.13396	7.17500	58.6321
31.13739	7.17323	58.8866
31.14205	7.17010	59.1320
31.14653	7.16650	59.3714
31.15687	7.16295	59.6138
31.17598	7.15622	59.8651
31.19885	7.14611	60.1105
31.21434	7.13583	60.3558
31.25529	7.12791	60.6043
31.29472	7.11999	60.8497
31.31072	7.11129	61.0982
31.33316	7.10322	61.3464
31.35400	7.09655	61.5919
31.36867	7.08978	61.8311
31.37711	7.08223	62.0797
31.38314	7.07437	62.3219
31.38870	7.06776	62.5734
31.39218	7.06271	62.8159
31.39447	7.05865	63.0793
31.39696	7.05423	63.3429
31.40183	7.04882	63.6154
31.40753	7.04206	63.8821
31.41655	7.03389	64.1154
31.42387	7.02500	64.3638
31.42984	7.01575	64.5970
31.42819	7.00691	64.8454
31.43269	6.99600	65.0878
31.43821	6.98369	65.3331
31.44430	6.97216	65.5695
31.44989	6.96266	65.8118
31.45339	6.95472	66.0450
31.46099	6.94761	66.2995
31.45457	6.94222	66.5448
31.45755	6.93454	66.7872
31.46896	6.92660	67.0296
31.48024	6.92178	67.2659
31.47568	6.91976	67.5083
31.48126	6.91576	67.7446
31.48784	6.90949	67.9930
31.49334	6.90374	68.2292
31.49708	6.89954	68.4563
31.49872	6.89658	68.7047
31.49916	6.89420	68.9533
31.50189	6.89176	69.1896
31.50475	6.88964	69.4318
31.50745	6.88834	69.6741
31.50970	6.88762	69.9105
31.51265	6.88715	70.1650
31.51532	6.88663	70.4044
31.51910	6.88638	70.6528
31.52348	6.88658	70.9039
31.52602	6.88767	71.1553
31.52539	6.88897	71.4159
31.52572	6.88922	71.6554
31.52635	6.88834	71.9006
31.52635	6.88570	72.1672
31.52813	6.88223	72.4156
31.53172	6.87891	72.6761
31.53377	6.87653	72.9700
31.53520	6.87513	73.2517
31.53572	6.87415	73.4970
31.53631	6.87301	73.7364
31.53651	6.87192	73.9968
31.53603	6.87083	74.2603
31.53623	6.86938	74.5087
31.53778	6.86793	74.7691
31.53936	6.86690	75.0237
31.53960	6.86643	75.2782
31.53967	6.86586	75.5294
31.54012	6.86488	75.7749
31.54047	6.86400	76.0325
31.54141	6.86322	76.2839
31.54063	6.86291	76.5262
31.54060	6.86208	76.7714
31.54431	6.86079	77.0260
31.54814	6.85975	77.2623
31.55440	6.85939	77.5136
31.55646	6.85872	77.7681
31.55776	6.85799	78.0044
31.55793	6.85768	78.2557
31.55830	6.85753	78.5072
31.55860	6.85706	78.7677
31.56095	6.85623	79.0100
31.56370	6.85488	79.2554
31.56507	6.85364	79.4977
31.56610	6.85240	79.7461
31.56712	6.85116	80.0005
31.56979	6.84997	80.2490
31.57600	6.84810	80.5093
31.58920	6.84536	80.7730
31.59869	6.84060	81.0273
31.60498	6.83547	81.2787
31.60863	6.83139	81.5273
31.61142	6.82859	81.7756
31.61303	6.82709	82.0299
31.61371	6.82621	82.3025
31.61415	6.82559	82.5964
31.61460	6.82497	82.8598
31.61399	6.82476	83.1084
31.61431	6.82430	83.3506
31.61452	6.82394	83.6171
31.61440	6.82394	83.8654
31.61451	6.82383	84.1228
31.61421	6.82388	84.3835
31.61414	6.82383	84.6319
31.61392	6.82394	84.8984
31.61385	6.82388	85.1620
31.61416	6.82306	85.4072
31.61523	6.82212	85.6738
31.61784	6.82093	85.9282
31.62030	6.81850	86.1767
31.62405	6.81504	86.4340
31.62747	6.81157	86.6917
31.63026	6.80878	86.9430
31.63282	6.80661	87.2004
31.63447	6.80469	87.4580
31.63660	6.80299	87.7093
31.63838	6.80159	87.9698
31.64042	6.79999	88.2182
31.64588	6.79792	88.4726
31.65075	6.79472	88.7361
31.65499	6.79110	88.9905
31.65926	6.78774	89.2509
31.66409	6.78458	89.5084
31.67224	6.78035	89.7508
31.68346	6.77492	90.0144
31.69126	6.76856	90.2597
31.69734	6.76324	90.5321
31.70143	6.75942	90.7803
31.71040	6.75503	91.0502
31.71846	6.74832	91.3137
31.72470	6.74217	91.5802
31.72980	6.73763	91.8437
31.73628	6.73484	92.1223
31.73932	6.73288	92.4162
31.74026	6.73025	92.6888
31.74402	6.72643	92.9522
31.74786	6.72250	93.2219
31.75186	6.71879	93.4914
31.75460	6.71605	93.7700
31.75620	6.71420	94.0274
31.75678	6.71270	94.2909
31.75893	6.71136	94.5544
31.75970	6.71002	94.8331
31.76205	6.70785	95.1086
31.76519	6.70558	95.3841
31.76746	6.70336	95.6568
31.77017	6.70140	95.9293
31.77667	6.70006	96.2083
31.78495	6.70042	96.4685
31.78441	6.70228	96.7351
31.78460	6.70377	97.0046
31.78745	6.70527	97.2862
31.78753	6.70754	97.5649
31.78681	6.70965	97.8375
31.78651	6.71058	98.1010
31.78658	6.71038	98.3614
31.78683	6.70960	98.6341
31.78815	6.70842	98.9005
31.78969	6.70625	99.1610
31.79398	6.70223	99.4246
31.80297	6.69490	99.6879
31.81300	6.68691	99.9575
31.82598	6.68000	100.2330
31.83735	6.67454	100.4966
31.84237	6.66974	100.7570
31.84544	6.66557	101.0296
31.84933	6.66088	101.2931
31.85423	6.65511	101.5627
31.85924	6.64995	101.8234
31.86444	6.64599	102.0988
31.87292	6.64254	102.3807
31.87913	6.63903	102.6562
31.88255	6.63589	102.9228
31.88402	6.63388	103.1891
31.88527	6.63270	103.4647
31.88925	6.63012	103.7222
31.89733	6.62528	103.9918
31.91555	6.62219	104.2582
31.91562	6.62389	104.5337
31.91563	6.62662	104.7972
31.91763	6.62904	105.0487
31.93587	6.63218	105.3151
31.93922	6.63970	105.5787
31.93374	6.64794	105.8452
31.95748	6.65495	106.1026
31.95396	6.66660	106.3630
31.95173	6.67789	106.6265
31.95110	6.68681	106.8871
31.94605	6.69098	107.1565
31.94965	6.68985	107.4200
31.95405	6.68794	107.6745
31.95680	6.68706	107.9258
31.96184	6.68696	108.1952
31.96346	6.68758	108.4647
31.96026	6.68655	108.7252
31.96107	6.68196	108.9827
31.96503	6.67428	109.2372
31.97920	6.66402	109.4976
32.00443	6.65536	109.7491
32.02234	6.65315	110.0184
32.02331	6.65485	110.2789
32.01969	6.65536	110.5332
32.01713	6.65145	110.7936
32.02393	6.64331	111.0419
32.02264	6.63584	111.2963
32.02348	6.62755	111.5479
32.02877	6.61890	111.8112
32.02572	6.61118	112.0840
32.03520	6.60192	112.3868
32.04250	6.59332	112.6531
32.04820	6.58674	112.9077
32.05228	6.58226	113.1469
32.05556	6.57892	113.4102
32.05685	6.57640	113.6524
32.05537	6.57419	113.9100
32.05223	6.57059	114.1643
32.05164	6.56493	114.4308
32.05656	6.55846	114.6853
32.05964	6.55357	114.9458
32.06332	6.54951	115.2091
32.06619	6.54669	115.4605
32.06769	6.54386	115.7302
32.07442	6.54021	115.9845
32.08239	6.53518	116.2450
32.08885	6.53065	116.5023
32.09477	6.52788	116.7568
32.09799	6.52644	117.0233
32.10016	6.52583	117.2807
32.10309	6.52588	117.5410
32.11063	6.52598	117.8107
32.11507	6.52690	118.0709
32.11504	6.52644	118.3315
32.11737	6.52310	118.5919
32.12411	6.51653	118.8524
32.13418	6.50898	119.1038
32.14128	6.50277	119.3580
32.14515	6.49918	119.6215
32.14643	6.49666	119.8852
32.14734	6.49445	120.1605
32.15025	6.49014	120.4149
32.15376	6.48445	120.6814
32.15802	6.47906	120.9418
32.15921	6.47480	121.2144
32.15864	6.47024	121.4688
32.15526	6.46249	121.7475
32.16329	6.44906	122.0533
32.16955	6.43363	122.3439
32.18184	6.41754	122.6043
32.19074	6.40401	122.8586
32.19726	6.39244	123.1282
32.20373	6.38026	123.3950
32.20511	6.36895	123.6550
32.21216	6.35769	123.9186
32.21922	6.34797	124.1821
32.22497	6.34102	124.4545
32.22875	6.33616	124.7151
32.23343	6.33181	124.9784
32.23464	6.32711	125.2451
32.23982	6.32011	125.5235
32.24650	6.31356	125.7992
32.25039	6.30932	126.0626
32.25490	6.30697	126.3290
32.25812	6.30564	126.5804
32.25993	6.30462	126.8439
32.26302	6.30268	127.1195
32.26672	6.29900	127.3830
32.27206	6.29578	127.6675
32.27701	6.29400	127.9369
32.28056	6.29369	128.2185
32.28049	6.29400	128.4852
32.27952	6.29379	128.7486
32.27908	6.29236	129.0239
32.28069	6.28981	129.2813
32.28209	6.28781	129.5629
32.28345	6.28623	129.8536
32.28311	6.28501	130.1140
32.27857	6.28353	130.3807
32.27834	6.27970	130.6500
32.28260	6.27433	130.9225
32.28900	6.26964	131.1830
32.29338	6.26663	131.4677
32.29554	6.26494	131.7402
32.29788	6.26269	132.0309
32.30197	6.25968	132.3458
32.30421	6.25718	132.6363
32.30558	6.25560	132.8967
32.30594	6.25473	133.1574
32.30635	6.25417	133.4176
32.30649	6.25315	133.6871
32.30497	6.25177	133.9476
32.30984	6.24790	134.2231
32.31784	6.24152	134.4926
32.33240	6.23438	134.7652
32.34205	6.23050	135.0257
32.35170	6.22963	135.2800
32.35740	6.22999	135.5494
32.35616	6.22897	135.8249
32.35628	6.22652	136.0793
32.35976	6.22382	136.3517
32.36000	6.22234	136.6334
32.35758	6.22081	136.8999
32.35909	6.21836	137.1573
32.36090	6.21597	137.4176
32.36499	6.21408	137.6872
32.36672	6.21286	137.9506
32.36589	6.21214	138.2079
32.36384	6.21082	138.4712
32.36640	6.20842	138.7378
32.36885	6.20572	138.9953
32.37357	6.20281	139.2526
32.37715	6.19965	139.5070
32.37995	6.19695	139.7643
32.38153	6.19553	140.0277
32.38218	6.19471	140.2882
32.38234	6.19405	140.5514
32.38308	6.19349	140.8271
32.38206	6.19333	141.0935
32.38291	6.19267	141.3568
32.38377	6.19237	141.6263
32.38373	6.19226	141.9109
32.38458	6.19196	142.1928
32.38449	6.19155	142.4651
32.38500	6.19089	142.7225
32.38565	6.19007	142.9888
32.38615	6.18941	143.2521
32.38695	6.18844	143.5189
32.38770	6.18788	143.7914
32.38722	6.18788	144.0549
32.38715	6.18783	144.3121
32.38726	6.18758	144.5818
32.38787	6.18681	144.8359
32.38915	6.18569	145.1084
32.38917	6.18518	145.3597
32.38987	6.18432	145.6231
32.39237	6.18192	145.8834
32.39478	6.17963	146.1469
32.39581	6.17805	146.4012
32.39719	6.17683	146.6678
32.39739	6.17591	146.9249
32.39806	6.17530	147.1857
32.39847	6.17510	147.4398
32.39835	6.17474	147.6909
32.39861	6.17433	147.9515
32.39917	6.17398	148.2120
32.39948	6.17352	148.4782
32.40004	6.17316	148.7357
32.40041	6.17265	148.9962
32.40188	6.17163	149.2533
32.40356	6.17010	149.4985
32.40578	6.16837	149.7590
32.40721	6.16674	150.0194
32.40839	6.16501	150.2796
32.40975	6.16272	150.5556
32.41172	6.16023	150.8159
32.41377	6.15824	151.0790
32.41510	6.15707	151.3515
32.41536	6.15630	151.6089
32.41577	6.15508	151.8874
32.42010	6.15213	152.1993
32.42667	6.14765	152.4809
32.43265	6.14271	152.7383
32.43604	6.13793	153.0109
32.43973	6.13320	153.2772
32.44373	6.12887	153.5531
32.44622	6.12577	153.8191
32.44868	6.12378	154.0857
32.45050	6.12246	154.3641
32.45170	6.12144	154.6275
32.45248	6.12012	154.8941
32.45390	6.11814	155.1786
32.45593	6.11514	155.4541
32.45875	6.11132	155.7296
32.46235	6.10705	156.0081
32.46732	6.10171	156.2927
32.47303	6.09597	156.5560
32.47791	6.09109	156.8347
32.48225	6.08641	157.1132
32.48552	6.08285	157.3886
32.48792	6.08056	157.6702
32.49152	6.07848	157.9518
32.49503	6.07533	158.2273
32.49929	6.07147	158.4998
32.50292	6.06791	158.7723
32.50526	6.06532	159.0564
32.50772	6.06334	159.3233
32.51048	6.06105	159.6046
32.51312	6.05851	159.8832
32.51661	6.05547	160.1499
32.51964	6.05252	160.4405
32.52223	6.04968	160.7189
32.52434	6.04734	160.9973
32.52615	6.04566	161.2849
32.52665	6.04465	161.5576
32.52749	6.04434	161.8571
32.52784	6.04384	162.1388
32.52818	6.04333	162.4355
32.52837	6.04297	162.7534
32.52887	6.04267	163.0500
32.52933	6.04241	163.3194
32.52914	6.04246	163.6070
32.52916	6.04231	163.8856
32.52939	6.04221	164.1791
32.52915	6.04231	164.4728
32.52896	6.04236	164.7603
32.52922	6.04231	165.0478
32.52932	6.04221	165.3355
32.52954	6.04206	165.6261
32.52988	6.04155	165.9108
32.53073	6.04089	166.1985
32.53108	6.04038	166.4830
32.53188	6.03977	166.7555
32.53218	6.03932	167.0339
32.53264	6.03906	167.3154
32.53340	6.03886	167.5940
32.53364	6.03845	167.8966
32.53389	6.03805	168.1752
32.53617	6.03698	168.4657
32.54113	6.03414	168.7411
32.54878	6.02784	169.0107
32.55779	6.01977	169.2953
32.56542	6.01277	169.5707
32.57167	6.00714	169.8519
32.57657	6.00263	170.1277
32.58249	5.99923	170.4183
32.59225	5.99466	170.7001
32.59984	5.98771	170.9876
32.60526	5.98229	171.2933
32.60934	5.97854	171.6113
32.61246	5.97585	171.9470
32.61511	5.97367	172.2528
32.61682	5.97174	172.5404
32.61861	5.97048	172.8250
32.61940	5.96951	173.1066
32.62073	5.96870	173.4064
32.62266	5.96764	173.7089
32.62383	5.96662	174.0147
32.62472	5.96556	174.2933
32.62591	5.96455	174.5776
32.62695	5.96368	174.8623
32.62872	5.96272	175.1469
32.62976	5.96151	175.4190
32.63134	5.96044	175.7009
32.63263	5.95933	175.9915
32.63327	5.95852	176.2789
32.63404	5.95786	176.5635
32.63491	5.95725	176.8511
32.63481	5.95684	177.1447
32.63577	5.95644	177.4142
32.63602	5.95603	177.6958
32.63643	5.95583	177.9742
32.63649	5.95563	178.2617
32.63758	5.95507	178.5554
32.63863	5.95421	178.8280
32.63951	5.95314	179.1154
32.64025	5.95223	179.4000
32.64115	5.95152	179.6783
32.64141	5.95112	179.9510
32.64182	5.95091	180.2356
32.64213	5.95081	180.5202
32.64224	5.95056	180.7984
32.64255	5.95046	181.0739
32.64251	5.95036	181.3495
32.64287	5.95021	181.6370
32.64338	5.94990	181.9154
32.64378	5.94934	182.1941
32.64506	5.94853	182.4665
32.64724	5.94722	182.7417
32.64947	5.94549	183.0141
32.65233	5.94347	183.3048
32.65405	5.94154	183.5833
32.65563	5.94012	183.8678
32.65766	5.93860	184.1494
32.65963	5.93678	184.4279
32.66170	5.93521	184.7245
32.66424	5.93344	185.0271
32.66755	5.93131	185.3087
32.67154	5.92777	185.5839
32.67567	5.92407	185.8625
32.67897	5.92124	186.1289
32.68174	5.91896	186.3983
32.68479	5.91637	186.6919
32.68789	5.91405	186.9585
32.69114	5.91091	187.2219
32.69399	5.90817	187.5092
32.69582	5.90650	187.7815
32.69621	5.90559	188.0630
32.69711	5.90488	188.3294
32.69752	5.90433	188.6079
32.69758	5.90413	188.8803
32.69853	5.90372	189.1620
32.70023	5.90291	189.4372
32.70331	5.90139	189.7251
32.70681	5.89836	189.9974
32.70967	5.89562	190.2635
32.71130	5.89380	190.5391
32.71255	5.89244	190.8148
32.71376	5.89163	191.0929
32.71461	5.89097	191.3656
32.71526	5.89016	191.6501
32.71626	5.88935	191.9193
32.71722	5.88859	192.1764
32.71811	5.88788	192.4584
32.71916	5.88702	192.7278
32.72030	5.88606	193.0153
32.72121	5.88535	193.2816
32.72226	5.88449	193.5538
32.72266	5.88394	193.8324
32.72356	5.88323	194.1106
32.72432	5.88267	194.3712
32.72448	5.88237	194.6495
32.72543	5.88161	194.9279
32.72617	5.88105	195.2215
32.72687	5.88055	195.5242
32.72807	5.87989	195.7999
32.72912	5.87903	196.0690
32.73034	5.87792	196.3415
32.73104	5.87706	196.6142
32.73194	5.87635	196.8863
32.73265	5.87584	197.1678
32.73363	5.87468	197.4523
32.73573	5.87347	197.7157
32.73647	5.87220	197.9943
32.73792	5.87129	198.2634
32.73956	5.87018	198.5358
32.74200	5.86861	198.8084
32.74403	5.86674	199.0747
32.74561	5.86497	199.3348
32.74729	5.86346	199.6226
32.74839	5.86255	199.8920
32.74905	5.86209	200.1672
32.75049	5.86083	200.4425
32.75110	5.86007	200.7060
32.75242	5.85921	200.9842
32.75427	5.85825	201.2508
32.75611	5.85658	201.5232
32.75789	5.85496	201.7927
32.75923	5.85345	202.0652
32.76088	5.85233	202.3283
32.75814	5.85147	202.6068
32.76229	5.85097	202.8671
32.76380	5.85036	203.1334
32.76485	5.84950	203.3938
32.76565	5.84854	203.6659
32.76625	5.84778	203.9477
32.76730	5.84693	204.2080
32.76796	5.84612	204.4712
32.76936	5.84526	204.7526
32.77125	5.84389	205.0099
32.77249	5.84248	205.2853
32.77375	5.84132	205.5849
32.77469	5.84020	205.8575
32.77584	5.83924	206.1389
32.77650	5.83843	206.3930
32.77671	5.83808	206.6506
32.77673	5.83793	206.9197
32.77610	5.83808	207.1860
32.77594	5.83884	207.4552
32.77482	5.83950	207.7247
32.77440	5.83980	207.9881
32.77478	5.84000	208.2423
32.77471	5.83995	208.4967
32.77532	5.83955	208.7628
32.77583	5.83924	209.0382
32.77579	5.83894	209.2863
32.77588	5.83894	209.5469
32.77620	5.83884	209.7979
32.77712	5.83849	210.0521
32.77839	5.83778	210.3002
32.77876	5.83727	210.5545
32.77942	5.83682	210.8147
32.77965	5.83682	211.0574
32.78012	5.83657	211.3294
32.77995	5.83662	211.5776
32.78008	5.83672	211.8166
32.77962	5.83707	212.0650
32.77900	5.83722	212.3221
32.77893	5.83753	212.5729
32.77892	5.83778	212.8154
32.77825	5.83798	213.0638
32.77848	5.83798	213.3147
32.77850	5.83783	213.5687
32.77848	5.83773	213.8110
32.77905	5.83737	214.0683
32.77918	5.83747	214.3224
32.77881	5.83773	214.5769
32.77885	5.83793	214.8190
32.77875	5.83818	215.0943
32.77872	5.83808	215.3607
32.77904	5.83798	215.6330
32.77896	5.83793	215.8872
32.77879	5.83798	216.1353
32.77952	5.83783	216.3745
32.77995	5.83763	216.6163
32.78038	5.83742	216.8650
32.78036	5.83732	217.1067
32.78063	5.83692	217.3608
32.78136	5.83677	217.6033
32.78193	5.83641	217.8483
32.78265	5.83591	218.0995
32.78336	5.83505	218.3567
32.78428	5.83434	218.5989
32.78459	5.83389	218.8503
32.78541	5.83328	219.1105
32.78677	5.83247	219.3582
32.78769	5.83177	219.5977
32.78904	5.83060	219.8610
32.79337	5.82919	220.1151
32.79939	5.82575	220.3727
32.80486	5.82035	220.6146
32.81009	5.81555	220.8715
32.81350	5.81191	221.1229
32.81598	5.80959	221.3621
32.81688	5.80818	221.6161
32.81779	5.80747	221.8702
32.81776	5.80702	222.1245
32.81814	5.80686	222.3638
32.81807	5.80681	222.6117
32.81824	5.80651	222.8541
32.81910	5.80616	223.1021
32.81981	5.80530	223.3503
32.82096	5.80399	223.6104
32.82256	5.80257	223.8526
32.82441	5.80091	224.1038
32.82565	5.79949	224.3701
32.82744	5.79823	224.6606
32.82883	5.79702	224.9360
32.82958	5.79611	225.1993
32.83035	5.79556	225.4503
32.83072	5.79505	225.7015
32.83134	5.79465	225.9467
32.83242	5.79414	226.1917
32.83439	5.79344	226.4429
32.83748	5.79157	226.7094
32.84079	5.78904	226.9575
32.84466	5.78602	227.2148
32.84848	5.78304	227.4720
32.85220	5.77981	227.7139
32.85502	5.77678	227.9654
32.85761	5.77436	228.2132
32.85944	5.77234	228.4675
32.86060	5.77103	228.7188
32.86146	5.77037	228.9761
32.86173	5.76997	229.2303
32.86195	5.76962	229.4844
32.86262	5.76916	229.7386
32.86249	5.76916	229.9928
32.86277	5.76911	230.2528
32.86309	5.76901	230.5191
32.86311	5.76886	230.7673
32.86289	5.76896	231.0187
32.86307	5.76901	231.2698
32.86305	5.76891	231.5150
32.86362	5.76856	231.7689
32.86383	5.76785	232.0171
32.86529	5.76694	232.2926
32.86803	5.76573	232.5408
32.87210	5.76250	232.7949
32.87592	5.75918	233.0525
32.87964	5.75630	233.3062
32.88327	5.75353	233.5576
32.88685	5.75045	233.8145
32.88946	5.74798	234.1083
32.89134	5.74627	234.3865
32.89317	5.74490	234.6559
32.89538	5.74359	234.9103
32.89732	5.74183	235.1642
32.89892	5.74042	235.4214
32.90018	5.73936	235.6756
32.90250	5.73830	235.9269
32.90429	5.73669	236.1902
32.90635	5.73517	236.4411
32.90815	5.73391	236.7075
32.90986	5.73275	236.9495
32.91156	5.73129	237.1041
32.91308	5.72998	237.1796
32.91369	5.72938	237.1526
32.91396	5.72913	237.0953
32.91440	5.72943	237.0377
32.91317	5.73034	237.0257
32.91183	5.73134	237.0321
32.91134	5.73220	237.0411
32.91075	5.73245	237.0381
32.91111	5.73210	237.0020
32.91106	5.73220	236.9022
32.91171	5.73270	236.7361
32.91112	5.73341	236.5334
32.91053	5.73376	236.3186
32.91063	5.73376	236.1012
32.90990	5.73396	235.8924
32.90915	5.73412	235.6869
32.90901	5.73437	235.4781
32.90827	5.73487	235.2665
32.90703	5.73553	235.0610
32.90524	5.73638	234.8521
32.90435	5.73704	234.6468
32.90357	5.73795	234.4290
32.90220	5.73875	234.1966
32.90163	5.73946	233.9574
32.90061	5.74027	233.7066
32.89934	5.74097	233.4614
32.89848	5.74198	233.2163
32.89570	5.74314	232.9836
32.89351	5.74450	232.7388
32.89181	5.74601	232.5029
32.88990	5.74737	232.2463
32.88650	5.74919	232.0012
32.88291	5.75191	231.7563
32.87939	5.75529	231.5202
32.87596	5.75822	231.2721
32.87241	5.76054	231.0306
32.87067	5.76281	230.7915
32.86878	5.76452	230.5283
32.86715	5.76604	230.2833
32.86588	5.76709	230.0445
32.86437	5.76805	229.7904
32.86396	5.76861	229.5335
32.86329	5.76906	229.2735
32.86268	5.76947	229.0071
32.86242	5.76987	228.7321
32.86205	5.77002	228.4660
32.86199	5.77022	228.1848
32.86173	5.77027	227.9127
32.86201	5.77047	227.6464
32.86150	5.77078	227.3685
32.86015	5.77158	227.0959
32.85994	5.77229	226.8240
32.85829	5.77305	226.5366
32.85729	5.77385	226.2584
32.85535	5.77527	225.9767
32.85222	5.77719	225.7019
32.84881	5.77946	225.4205
32.84659	5.78188	225.1482
32.84296	5.78395	224.8703
32.84025	5.78652	224.5949
32.83756	5.78869	224.3289
32.83504	5.79071	224.0387
32.83252	5.79273	223.7421
32.83060	5.79450	223.4582
32.82886	5.79606	223.1797
32.82737	5.79737	222.9077
32.82629	5.79833	222.6416
32.82549	5.79929	222.3662
32.82444	5.80015	222.0941
32.82369	5.80106	221.8248
32.82259	5.80197	221.5465
32.82185	5.80288	221.2623
32.82099	5.80353	220.9961
32.82088	5.80414	220.7268
32.81972	5.80474	220.4607
32.81857	5.80535	220.1825
32.81777	5.80631	219.9075
32.81638	5.80752	219.6261
32.81383	5.80883	219.3570
32.81056	5.81126	219.0820
32.80744	5.81388	218.8156
32.80419	5.81636	218.5404
32.80158	5.81883	218.2620
32.79935	5.82090	217.9840
32.79737	5.82272	217.7119
32.79479	5.82444	217.4335
32.79216	5.82621	217.1612
32.79012	5.82808	216.8920
32.78784	5.82985	216.6138
32.78606	5.83146	216.3450
32.78412	5.83288	216.0725
32.78318	5.83399	215.7942
32.78193	5.83505	215.5220
32.78060	5.83591	215.2561
32.78042	5.83651	214.9773
32.77988	5.83692	214.7147
32.77937	5.83722	214.4455
32.77961	5.83747	214.1612
32.77895	5.83758	213.8736
32.77870	5.83798	213.5926
32.77808	5.83803	213.3234
32.77781	5.83808	213.0571
32.77803	5.83798	212.7908
32.77782	5.83798	212.5187
32.77760	5.83798	212.2436
32.77787	5.83783	211.9834
32.77800	5.83783	211.7204
32.77817	5.83778	211.4658
32.77830	5.83778	211.2088
32.77812	5.83773	210.9488
32.77825	5.83773	210.6918
32.77828	5.83783	210.4286
32.77825	5.83763	210.1714
32.77817	5.83747	209.9082
32.77835	5.83742	209.6453
32.77817	5.83737	209.3882
32.77820	5.83747	209.1342
32.77802	5.83742	208.8800
32.77775	5.83747	208.6203
32.77762	5.83773	208.3691
32.77730	5.83783	208.1088
32.77712	5.83778	207.8547
32.77705	5.83798	207.5977
32.77643	5.83838	207.3496
32.77646	5.83849	207.0925
32.77618	5.83854	206.8445
32.77591	5.83859	206.5874
32.77610	5.83859	206.3334
32.77597	5.83849	206.0733
32.77570	5.83889	205.8192
32.77514	5.83924	205.5650
32.77451	5.83965	205.3142
32.77321	5.84041	205.0540
32.77209	5.84132	204.8061
32.77114	5.84207	204.5427
32.77103	5.84268	204.2706
32.77002	5.84313	204.0075
32.76946	5.84384	203.7563
32.76769	5.84470	203.5145
32.76669	5.84586	203.2632
32.76538	5.84698	203.0060
32.76408	5.84773	202.7460
32.76287	5.84874	202.4890
32.76197	5.84981	202.2287
32.76062	5.85097	201.9779
32.75925	5.85178	201.7328
32.75831	5.85259	201.4815
32.75775	5.85329	201.2246
32.75679	5.85405	200.9705
32.75593	5.85471	200.7102
32.75512	5.85532	200.4530
32.75465	5.85592	200.1963
32.75394	5.85643	199.9420
32.75331	5.85683	199.6967
32.75260	5.85734	199.4490
32.75263	5.85779	199.1980
32.75186	5.85835	198.9497
32.75134	5.85865	198.6958
32.75002	5.85906	198.4358
32.74846	5.85971	198.1816
32.74736	5.86098	197.9335
32.74636	5.86214	197.6765
32.74435	5.86325	197.4254
32.74340	5.86437	197.1591
32.74162	5.86568	196.9080
32.73928	5.86715	196.6479
32.73783	5.86876	196.4029
32.73638	5.87003	196.1486
32.73543	5.87114	195.8978
32.73432	5.87205	195.6463
32.73326	5.87291	195.3927
32.73261	5.87372	195.1324
32.73210	5.87438	194.8783
32.73129	5.87498	194.6092
32.73063	5.87544	194.3458
32.72927	5.87625	194.0828
32.72900	5.87665	193.8283
32.72809	5.87736	193.5685
32.72793	5.87767	193.3085
32.72716	5.87822	193.0512
32.72630	5.87888	192.8001
32.72578	5.87954	192.5549
32.72492	5.88019	192.3129
32.72410	5.88080	192.0620
32.72348	5.88156	191.8201
32.72257	5.88227	191.5688
32.72138	5.88298	191.3238
32.72046	5.88368	191.0696
32.71935	5.88459	190.8246
32.71874	5.88535	190.5706
32.71773	5.88616	190.3226
32.71671	5.88662	190.0774
32.71563	5.88743	189.8295
32.71479	5.88814	189.5782
32.71398	5.88910	189.3300
32.71321	5.88965	189.0822
32.71229	5.89036	188.8431
32.71063	5.89112	188.5921
32.70923	5.89234	188.3471
32.70742	5.89360	188.1049
32.70499	5.89487	187.8570
32.70319	5.89648	187.6149
32.70145	5.89805	187.3638
32.69970	5.89962	187.1159
32.69751	5.90094	186.8647
32.69531	5.90261	186.6166
32.69398	5.90448	186.3685
32.69213	5.90580	186.1144
32.68963	5.90742	185.8724
32.68715	5.90939	185.6212
32.68409	5.91167	185.3730
32.68062	5.91430	185.1251
32.67731	5.91713	184.8773
32.67460	5.91972	184.6076
32.67189	5.92230	184.3388
32.66872	5.92463	184.0812
32.66613	5.92670	183.8483
32.66365	5.92903	183.6033
32.66167	5.93086	183.3492
32.65987	5.93248	183.1042
32.65825	5.93400	182.8530
32.65710	5.93531	182.6051
32.65421	5.93698	182.3571
32.65237	5.93866	182.1120
32.64973	5.94043	181.8668
32.64765	5.94235	181.6187
32.64586	5.94397	181.3705
32.64396	5.94570	181.1285
32.64311	5.94706	180.8837
32.64151	5.94813	180.6385
32.64080	5.94899	180.3844
32.64019	5.94975	180.1364
32.63928	5.95046	179.8791
32.63896	5.95091	179.6340
32.63815	5.95152	179.3828
32.63799	5.95218	179.1257
32.63722	5.95274	178.8746
32.63611	5.95330	178.6294
32.63541	5.95385	178.3785
32.63450	5.95456	178.1306
32.63339	5.95547	177.8793
32.63251	5.95593	177.6373
32.63161	5.95684	177.3951
32.63065	5.95760	177.1470
32.62934	5.95836	176.8931
32.62843	5.95907	176.6448
32.62742	5.95988	176.3999
32.62657	5.96090	176.1454
32.62481	5.96176	175.8914
32.62380	5.96257	175.6433
32.62280	5.96338	175.3891
32.62163	5.96434	175.1503
32.62030	5.96520	174.9051
32.61968	5.96597	174.6632
32.61842	5.96667	174.4180
32.61747	5.96743	174.1427
32.61613	5.96825	173.8643
32.61323	5.96956	173.6102
32.60874	5.97225	173.3711
32.60449	5.97570	173.1291
32.59825	5.97940	172.8993
32.59344	5.98345	172.6238
32.58937	5.98711	172.3365
32.58433	5.99076	172.0247
32.58126	5.99410	171.7342
32.57715	5.99705	171.4923
32.57344	5.99994	171.2533
32.57033	6.00257	171.0142
32.56851	6.00496	170.7629
32.56746	6.00618	170.5089
32.56586	6.00724	170.2637
32.56461	6.00831	170.0157
32.56273	6.00937	169.7613
32.56119	6.01074	169.5103
32.55990	6.01221	169.2623
32.55840	6.01318	169.0080
32.55769	6.01404	168.7600
32.55709	6.01480	168.4937
32.55622	6.01546	168.2486
32.55541	6.01607	167.9947
32.55426	6.01688	167.7464
32.55404	6.01739	167.4920
32.55327	6.01795	167.2532
32.55295	6.01840	167.0081
32.55278	6.01871	166.7569
32.55221	6.01906	166.5149
32.55223	6.01917	166.2696
32.55225	6.01927	166.0307
32.55153	6.01942	165.7763
32.55076	6.01998	165.5281
32.55030	6.02059	165.2773
32.54934	6.02135	165.0229
32.54809	6.02241	164.7719
32.54724	6.02343	164.5236
32.54561	6.02460	164.2756
32.54490	6.02546	164.0246
32.54395	6.02622	163.7703
32.54309	6.02688	163.5191
32.54242	6.02734	163.2649
32.54215	6.02774	163.0258
32.54143	6.02825	162.7869
32.54071	6.02876	162.5390
32.54004	6.02921	162.2934
32.53918	6.02987	162.0487
32.53881	6.03038	161.8034
32.53785	6.03114	161.5642
32.53694	6.03185	161.3101
32.53578	6.03246	161.0680
32.53526	6.03312	160.8228
32.53445	6.03373	160.5779
32.53369	6.03465	160.3358
32.53278	6.03536	160.0846
32.53193	6.03637	159.8335
32.53092	6.03718	159.5853
32.53016	6.03810	159.3373
32.52894	6.03891	159.0982
32.52871	6.03957	158.8439
32.52770	6.04038	158.6018
32.52655	6.04135	158.3539
32.52544	6.04226	158.1087
32.52419	6.04333	157.8544
32.52225	6.04475	157.6061
32.52075	6.04607	157.3643
32.51897	6.04770	157.1159
32.51605	6.04978	156.8708
32.51270	6.05267	156.6227
32.50862	6.05567	156.3716
32.50395	6.05958	156.1323
32.49934	6.06380	155.8721
32.49471	6.06730	155.6301
32.49152	6.07076	155.3849
32.48802	6.07381	155.1339
32.48552	6.07655	154.8889
32.48349	6.07879	154.6438
32.48108	6.08107	154.3985
32.47885	6.08316	154.1563
32.47694	6.08565	153.9052
32.47492	6.08788	153.6600
32.47270	6.08997	153.3967
32.47082	6.09170	153.1456
32.46895	6.09378	152.8945
32.46717	6.09576	152.6461
32.46555	6.09795	152.4011
32.46373	6.09998	152.1499
32.46259	6.10166	151.9017
32.46155	6.10324	151.6477
32.46019	6.10552	151.3933
32.45868	6.10766	151.1482
32.45738	6.10980	150.9000
32.45595	6.11178	150.6641
32.45473	6.11392	150.4099
32.45300	6.11585	150.1618
32.45147	6.11758	149.9135
32.45024	6.11936	149.6563
32.44836	6.12109	149.4081
32.44633	6.12297	149.1630
32.44451	6.12501	148.9150
32.44253	6.12684	148.6698
32.44109	6.12846	148.4153
32.43990	6.12984	148.1644
32.43920	6.13070	147.9162
32.43814	6.13157	147.6648
32.43787	6.13198	147.4259
32.43751	6.13248	147.1717
32.43733	6.13279	146.9265
32.43627	6.13330	146.6875
32.43506	6.13396	146.4422
32.43331	6.13518	146.1970
32.43173	6.13661	145.9519
32.43044	6.13808	145.7037
32.42822	6.13951	145.4586
32.42698	6.14093	145.2135
32.42553	6.14220	144.9685
32.42384	6.14337	144.7292
32.42309	6.14465	144.4811
32.42125	6.14597	144.2420
32.42060	6.14714	143.9938
32.41862	6.14862	143.7427
32.41708	6.15050	143.4944
32.41463	6.15305	143.2432
32.41149	6.15610	142.9893
32.40855	6.15931	142.7378
32.40516	6.16262	142.5047
32.40208	6.16598	142.2507
32.39929	6.16904	142.0083
32.39698	6.17158	141.7632
32.39466	6.17377	141.5210
32.39269	6.17596	141.2788
32.39032	6.17820	141.0340
32.38826	6.18050	140.7827
32.38575	6.18289	140.5405
32.38369	6.18518	140.2894
32.38250	6.18727	140.0530
32.38131	6.18865	139.8021
32.37997	6.18982	139.5538
32.37961	6.19069	139.3026
32.37891	6.19155	139.0514
32.37810	6.19216	138.8032
32.37783	6.19257	138.5611
32.37735	6.19283	138.3248
32.37698	6.19298	138.0799
32.37744	6.19298	137.8348
32.37731	6.19323	137.5897
32.37734	6.19333	137.3444
32.37691	6.19354	137.0993
32.37614	6.19374	136.8631
32.37524	6.19415	136.6148
32.37468	6.19451	136.3637
32.37390	6.19471	136.1249
32.37265	6.19491	135.8764
32.37109	6.19537	135.6221
32.37012	6.19614	135.3894
32.36977	6.19700	135.1350
32.37006	6.19828	134.8837
32.36869	6.20057	134.6475
32.36757	6.20332	134.4054
32.36655	6.20664	134.1632
32.36377	6.21041	133.9151
32.35581	6.21423	133.6699
32.34774	6.21709	133.4127
32.34025	6.21897	133.1495
32.33755	6.22122	132.8858
32.33443	6.22499	132.6441
32.33016	6.23070	132.3987
32.32348	6.23749	132.1504
32.31803	6.24335	131.8992
32.31240	6.24759	131.6540
32.30572	6.25080	131.4148
32.30233	6.25341	131.1636
32.29840	6.25519	130.9185
32.29542	6.25626	130.6763
32.29367	6.25677	130.4191
32.29263	6.25698	130.1739
32.29221	6.25718	129.9196
32.29179	6.25739	129.6655
32.29176	6.25718	129.4200
32.29094	6.25728	129.1779
32.29110	6.25739	128.9391
32.29083	6.25744	128.6846
32.29032	6.25810	128.4363
32.28952	6.25907	128.1852
32.28877	6.26035	127.9428
32.28832	6.26167	127.6885
32.28733	6.26321	127.4526
32.28674	6.26571	127.2075
32.28341	6.26897	126.9533
32.28349	6.27158	126.7050
32.28252	6.27520	126.4568
32.27825	6.27954	126.2055
32.27585	6.28322	125.9545
32.27165	6.28705	125.7060
32.26730	6.29001	125.4578
32.26435	6.29251	125.2189
32.26130	6.29476	124.9764
32.25914	6.29680	124.7313
32.25722	6.29859	124.4831
32.25519	6.30013	124.2378
32.25332	6.30120	124.0018
32.25198	6.30202	123.7447
32.25349	6.30339	123.4991
32.25420	6.30672	123.2391
32.24926	6.31244	122.9667
32.24635	6.31827	122.7095
32.24149	6.32455	122.4608
32.23707	6.33110	122.2190
32.23292	6.33708	121.9556
32.22980	6.34270	121.7012
32.22877	6.34823	121.4499
32.22704	6.35559	121.2049
32.22456	6.36521	120.9596
32.21912	6.37759	120.7172
32.21196	6.39070	120.4721
32.20560	6.40473	120.2267
32.19496	6.41979	119.9755
32.18531	6.43373	119.7244
32.17600	6.44629	119.4762
32.16831	6.45670	119.2281
32.16087	6.46582	118.9735
32.15263	6.47434	118.7253
32.14472	6.48214	118.4682
32.13643	6.48932	118.2261
32.12880	6.49610	117.9778
32.12165	6.50200	117.7266
32.11312	6.50688	117.4813
32.10624	6.51001	117.2329
32.10060	6.51247	116.9817
32.09542	6.51453	116.7425
32.09262	6.51617	116.4914
32.08953	6.51745	116.2461
32.08560	6.51848	115.9920
32.08241	6.51951	115.7409
32.07990	6.52084	115.4925
32.07863	6.52269	115.2410
32.07709	6.52593	114.9930
32.07457	6.53050	114.7416
32.07209	6.53589	114.4996
32.07086	6.54196	114.2452
32.06887	6.54925	113.9937
32.06389	6.55763	113.7336
32.05922	6.56560	113.4851
32.05427	6.57357	113.2341
32.05043	6.58103	112.9766
32.04489	6.58854	112.7103
32.04197	6.59538	112.4499
32.03746	6.60289	112.1986
32.02874	6.61087	111.9532
32.01930	6.61823	111.7050
32.01020	6.62369	111.4601
32.00232	6.62791	111.2116
31.99721	6.63131	110.9544
31.99280	6.63440	110.7061
31.98969	6.63821	110.4639
31.98635	6.64192	110.2062
31.98794	6.64614	109.9614
31.98437	6.65294	109.7188
31.97679	6.66119	109.4739
31.96297	6.66923	109.2255
31.94718	6.67505	108.9833
31.92936	6.67624	108.7262
31.92032	6.67299	108.4928
31.91471	6.66753	108.2386
31.91178	6.66139	107.9965
31.91438	6.65505	107.7482
31.91356	6.64995	107.5028
31.91220	6.64537	107.2544
31.91353	6.64048	107.0035
31.91346	6.63656	106.7521
31.91546	6.63285	106.4976
31.91611	6.63007	106.2584
31.91765	6.62781	106.0166
31.91783	6.62626	105.7681
31.91800	6.62518	105.5107
31.91854	6.62436	105.2716
31.91904	6.62358	105.0233
31.91880	6.62322	104.7812
31.91926	6.62286	104.5267
31.91664	6.62256	104.2875
31.90886	6.62266	104.0393
31.89668	6.62395	103.7940
31.88775	6.62822	103.5639
31.87870	6.63373	103.3069
31.87091	6.63965	103.0613
31.86144	6.64599	102.8132
31.85272	6.65299	102.5528
31.84417	6.66010	102.3133
31.83717	6.66665	102.0833
31.83145	6.67330	101.8443
31.82499	6.68000	101.6049
31.81998	6.68516	101.3598
31.81458	6.68933	101.1208
31.80645	6.69387	100.8844
31.80098	6.69841	100.6453
31.79465	6.70212	100.4061
31.78896	6.70506	100.1759
31.78387	6.70780	99.9308
31.78056	6.71002	99.6946
31.77905	6.71177	99.4614
31.77733	6.71337	99.2222
31.77586	6.71471	98.9922
31.77486	6.71590	98.7652
31.77386	6.71672	98.5349
31.77345	6.71729	98.2987
31.77198	6.71745	98.0656
31.76978	6.71714	97.8356
31.76974	6.71590	97.5962
31.77031	6.71430	97.3663
31.77069	6.71291	97.1270
31.77078	6.71182	96.8938
31.77098	6.71069	96.6606
31.77009	6.70955	96.4306
31.76985	6.70816	96.2034
31.77037	6.70661	95.9704
31.77109	6.70522	95.7432
31.77025	6.70403	95.5133
31.77065	6.70305	95.2771
31.77123	6.70217	95.0409
31.76991	6.70150	94.8106
31.76923	6.70089	94.5836
31.76841	6.70063	94.3535
31.76740	6.70021	94.1204
31.76658	6.70011	93.8902
31.76587	6.70099	93.6689
31.76484	6.70259	93.4450
31.76274	6.70460	93.2119
31.75771	6.70764	92.9788
31.75335	6.71100	92.7486
31.74842	6.71430	92.5276
31.74193	6.71745	92.2946
31.73582	6.72121	92.0703
31.72877	6.72570	91.8524
31.72090	6.73071	91.6281
31.71280	6.73634	91.3983
31.70413	6.74222	91.1833
31.69620	6.74759	90.9593
31.68879	6.75322	90.7379
31.68125	6.75854	90.5231
31.67466	6.76366	90.2989
31.66902	6.76841	90.0719
31.66348	6.77239	89.8507
31.65942	6.77616	89.6328
31.65433	6.77957	89.4178
31.65015	6.78319	89.1878
31.64424	6.78675	88.9699
31.64154	6.79017	88.7426
31.63849	6.79322	88.5274
31.63569	6.79601	88.3004
31.63340	6.79823	88.0796
31.63188	6.79999	87.8584
31.63089	6.80118	87.6464
31.62999	6.80226	87.4282
31.62934	6.80278	87.2043
31.62901	6.80325	86.9891
31.62920	6.80345	86.7712
31.62925	6.80350	86.5532
31.62940	6.80345	86.3232
31.62960	6.80335	86.1021
31.62971	6.80335	85.8780
31.62966	6.80350	85.6630
31.62934	6.80397	85.4359
31.62750	6.80542	85.2150
31.62500	6.80712	84.9997
31.62152	6.80992	84.7728
31.61728	6.81323	84.5576
31.61298	6.81690	84.3398
31.60858	6.81995	84.1158
31.60468	6.82290	83.8826
31.60043	6.82580	83.6280
31.59695	6.82823	83.3888
31.59240	6.83040	83.1737
31.58814	6.83227	82.9438
31.58560	6.83366	82.7287
31.58306	6.83470	82.5014
31.58106	6.83522	82.2773
31.57996	6.83615	82.0625
31.57813	6.83677	81.8355
31.57738	6.83770	81.6081
31.57634	6.83858	81.3811
31.57488	6.83961	81.1570
31.57383	6.84049	80.9420
31.57341	6.84106	80.7210
31.57197	6.84163	80.4970
31.57155	6.84184	80.2756
31.56963	6.84189	80.0549
31.56933	6.84137	79.8275
31.56788	6.84106	79.6066
31.56751	6.84055	79.3884
31.56751	6.83992	79.1615
31.56732	6.83951	78.9310
31.56707	6.83915	78.7070
31.56756	6.83910	78.4890
31.56714	6.83930	78.2620
31.56598	6.83956	78.0348
31.56518	6.83951	77.8138
31.56432	6.83982	77.5987
31.56327	6.84034	77.3684
31.56181	6.84137	77.1416
31.56071	6.84298	76.9233
31.55921	6.84510	76.6932
31.55709	6.84826	76.4719
31.55593	6.85178	76.2542
31.55223	6.85628	76.0329
31.54834	6.86027	75.8088
31.54633	6.86405	75.5818
31.54373	6.86773	75.3637
31.54043	6.87218	75.1396
31.53611	6.87700	74.9125
31.53198	6.88125	74.6823
31.52794	6.88430	74.4369
31.52388	6.88632	74.2159
31.52047	6.88757	73.9887
31.51692	6.88793	73.7708
31.51601	6.88793	73.5404
31.51375	6.88762	73.3224
31.51270	6.88710	73.0982
31.51134	6.88648	72.8713
31.51100	6.88586	72.6469
31.51068	6.88565	72.4230
31.51077	6.88596	72.1989
31.51184	6.88772	71.9720
31.51101	6.89140	71.7474
31.51186	6.89643	71.5235
31.50978	6.90280	71.2994
31.50905	6.90949	71.0724
31.50781	6.91680	70.8482
31.50386	6.92448	70.6207
31.50009	6.93122	70.3969
31.49648	6.93677	70.1636
31.49332	6.94144	69.9393
31.48976	6.94507	69.7216
31.48451	6.94803	69.5003
31.48077	6.94979	69.2824
31.47744	6.95124	69.0552
31.47154	6.95197	68.8312
31.46871	6.95156	68.6008
31.46420	6.95083	68.3737
31.46110	6.94922	68.1497
31.45989	6.94740	67.9224
31.45914	6.94574	67.6983
31.46111	6.94445	67.4742
31.46535	6.94465	67.2501
31.46484	6.94673	67.0229
31.46628	6.94964	66.7959
31.46625	6.95379	66.5687
31.46579	6.95877	66.3414
31.46351	6.96396	66.1203
31.46069	6.96931	65.8902
31.45678	6.97481	65.6630
31.45225	6.98063	65.4357
31.44716	6.98743	65.1936
31.44239	6.99418	64.9663
31.43783	7.00115	64.7304
31.43221	7.00920	64.5000
31.42611	7.01674	64.2760
31.42127	7.02297	64.0425
31.41691	7.02854	63.8124
31.41280	7.03317	63.5884
31.40925	7.03681	63.3613
31.40623	7.04060	63.1371
31.40239	7.04455	62.9068
31.39731	7.04877	62.6766
31.39017	7.05309	62.4555
31.38165	7.05782	62.2221
31.37017	7.06292	61.9890
31.35587	7.06823	61.7526
31.33655	7.07395	61.5167
31.31421	7.07973	61.2924
31.28505	7.08608	61.0562
31.25870	7.09342	60.8291
31.23734	7.10108	60.5958
31.21571	7.10910	60.3778
31.20207	7.11702	60.1414
31.18784	7.12447	59.9114
31.17501	7.13151	59.6811
31.16542	7.13860	59.4539
31.15743	7.14444	59.2205
31.14692	7.14876	58.9905
31.13586	7.15273	58.7572
31.12522	7.15706	58.5270
31.11728	7.16159	58.2938
31.10796	7.16587	58.0668
31.10102	7.17041	57.8395
31.09436	7.17532	57.6064
31.08912	7.18059	57.3761
31.08417	7.18523	57.1517
31.08028	7.18915	56.9218
31.07691	7.19264	56.6884
31.07467	7.19562	56.4611
31.07266	7.19797	56.2310
31.07113	7.19979	55.9856
31.06973	7.20110	55.7463
31.06843	7.20199	55.5163
31.06726	7.20267	55.2770
31.06589	7.20319	55.0466
31.06543	7.20418	54.8316
31.06473	7.20611	54.6166
31.06307	7.20992	54.4075
31.05939	7.21489	54.1834
31.05653	7.21959	53.9714
31.05385	7.22492	53.7502
31.05001	7.23072	53.5352
31.04404	7.23672	53.3200
31.03832	7.24320	53.1143
31.03186	7.25089	52.8990
31.02492	7.25805	52.6871
31.01778	7.26501	52.4688
31.00815	7.27437	52.2541
30.99877	7.28404	52.0420
30.98995	7.29310	51.8389
30.98215	7.30042	51.6270
30.97541	7.30702	51.4149
30.96921	7.31293	51.2058
30.96376	7.31765	50.9876
30.95987	7.32210	50.7816
30.95571	7.32618	50.5757
30.95185	7.32964	50.3638
30.94914	7.33263	50.1637
30.94627	7.33556	49.9608
30.94237	7.33928	49.7579
30.93642	7.34530	49.5488
30.92978	7.35217	49.3429
30.91934	7.35919	49.1369
30.90702	7.36726	48.9309
30.89713	7.37555	48.7189
30.88580	7.38215	48.5129
30.87736	7.38845	48.3038
30.86629	7.39469	48.1009
30.85320	7.40330	47.8889
30.83633	7.41615	47.6830
30.81904	7.43280	47.4738
30.79903	7.44960	47.2558
30.77951	7.46736	47.0467
30.75727	7.48739	46.8377
30.73671	7.50816	46.6316
30.71778	7.52705	46.4135
30.70423	7.54248	46.2138
30.69376	7.55264	46.0045
30.68560	7.55980	45.7988
30.67977	7.56539	45.5925
30.67483	7.56997	45.3868
30.67074	7.57366	45.1715
30.66710	7.57677	44.9536
30.66187	7.57951	44.7384
30.65744	7.58209	44.5173
30.65229	7.58473	44.3112
30.64817	7.58689	44.0963
30.64426	7.58857	43.8752
30.64066	7.58984	43.6628
30.63761	7.59116	43.4449
30.63519	7.59221	43.2328
30.63291	7.59311	43.0207
30.63127	7.59395	42.8027
30.62979	7.59453	42.5998
30.62804	7.59490	42.3817
30.62639	7.59537	42.1697
30.62429	7.59569	41.9574
30.62297	7.59617	41.7483
30.62177	7.59659	41.5303
30.62122	7.59717	41.3122
30.62004	7.59764	41.0972
30.61846	7.59812	40.8851
30.61634	7.59875	40.6730
30.61205	7.59975	40.4549
30.60882	7.60128	40.2429
30.60471	7.60313	40.0216
30.60121	7.60518	39.8127
30.59841	7.60719	39.6037
30.59605	7.60893	39.3947
30.59395	7.61030	39.1674
30.59293	7.61156	38.9522
30.59162	7.61241	38.7433
30.59121	7.61299	38.5251
30.59044	7.61351	38.3131
30.58982	7.61373	38.0950
30.58931	7.61404	37.8799
30.58866	7.61452	37.6649
30.58768	7.61499	37.4467
30.58660	7.61557	37.2315
30.58614	7.61599	36.9891
30.58523	7.61631	36.7740
30.58349	7.61689	36.5558
30.58215	7.61747	36.3346
30.57914	7.61800	36.1227
30.57657	7.61847	35.9135
30.57335	7.61863	35.7015
30.57124	7.61821	35.4805
30.56913	7.61779	35.2714
30.55950	7.61705	35.0472
30.54732	7.61636	34.8381
30.52879	7.61636	34.6229
30.51546	7.61736	34.4110
30.49337	7.61858	34.1898
30.47605	7.62106	33.9746
30.46318	7.62380	33.7688
30.45349	7.62654	33.5506
30.44745	7.62918	33.3383
30.44107	7.63124	33.1143
30.43324	7.63314	32.8992
30.42615	7.63509	32.6902
30.42181	7.63731	32.4690
30.41711	7.63910	32.2479
30.41249	7.64079	32.0387
30.40550	7.64280	31.8147
30.39537	7.64486	31.5935
30.38179	7.64808	31.3752
30.36378	7.65230	31.1571
30.35192	7.65763	30.9360
30.34291	7.66318	30.7209
30.33181	7.66772	30.5058
30.32278	7.67268	30.2817
30.31081	7.67770	30.0663
30.29075	7.68478	29.8455
30.26268	7.69556	29.6332
30.23071	7.70936	29.4212
30.20085	7.72263	29.2060
30.17618	7.73215	28.9849
30.14761	7.73892	28.7636
30.13173	7.74263	28.5455
30.11497	7.74379	28.3303
30.10565	7.74226	28.1091
30.08728	7.73908	27.8971
30.07390	7.73300	27.6761
30.07197	7.72549	27.4577
30.06208	7.71872	27.2156
30.05820	7.71248	26.9852
30.05139	7.70714	26.7458
30.04675	7.70238	26.5277
30.04569	7.69826	26.3035
30.04343	7.69530	26.0853
30.03744	7.69339	25.8641
30.02776	7.69229	25.6520
30.01555	7.69192	25.4217
30.00260	7.69239	25.2097
29.98398	7.69324	24.9855
29.96918	7.69482	24.7643
29.95707	7.69731	24.5492
29.94229	7.70101	24.3311
29.91854	7.70571	24.1130
29.89673	7.71184	23.8856
29.84786	7.71872	23.6675
29.82845	7.72803	23.4374
29.76679	7.73654	23.2219
29.72818	7.74665	22.9978
29.69408	7.75686	22.7736
29.65638	7.76613	22.5587
29.63153	7.77476	22.3437
29.59531	7.78260	22.1131
29.56422	7.79075	21.8890
29.53587	7.79939	21.6648
29.50749	7.80861	21.4437
29.48231	7.81852	21.2223
29.46170	7.83008	21.0013
29.44339	7.84201	20.7769
29.42626	7.85623	20.5617
29.40977	7.87263	20.3437
29.39129	7.89026	20.1132
29.37401	7.91023	19.8983
29.35741	7.93011	19.6832
29.34433	7.94542	19.4589
29.33195	7.95845	19.2499
29.31764	7.96872	19.0286
29.30313	7.97670	18.8045
29.28930	7.98256	18.5894
29.27917	7.98777	18.3711
29.26980	7.99400	18.1621
29.25888	8.00093	17.9712
29.24610	8.01009	17.7863
29.22950	8.01936	17.6135
29.21758	8.02825	17.4410
29.20715	8.03577	17.2593
29.19643	8.04163	17.0745
29.18831	8.04654	16.8923
29.17864	8.05107	16.7166
29.16686	8.05613	16.5410
29.15947	8.06125	16.3561
29.15215	8.06589	16.1802
29.14670	8.06984	16.0017
29.14170	8.07347	15.8228
29.13524	8.07694	15.6441
29.11974	8.08041	15.4651
29.08764	8.08371	15.2896
29.03064	8.08798	15.1078
28.80706	8.09140	14.9290
28.60326	8.09209	14.7531
28.53280	8.08953	14.5684
28.29290	8.08569	14.3865
28.18414	8.07950	14.2107
28.10011	8.07374	14.0382
27.90275	8.06862	13.8563
27.81270	8.06291	13.6776
27.72326	8.05816	13.4896
27.67996	8.05469	13.3139
27.58243	8.05219	13.1351
27.54419	8.05011	12.9501
27.47253	8.04840	12.7621
27.40928	8.04584	12.5653
27.32729	8.04249	12.3774
27.22380	8.03715	12.1866
27.14911	8.02980	11.9987
27.11682	8.02133	11.8017
27.08897	8.01371	11.6049
27.03508	8.00721	11.3986
27.00258	8.00066	11.1897
26.98607	7.99438	10.9713
26.96938	7.98953	10.7624
26.95220	7.98549	10.5411
26.93872	7.98171	10.3138
26.92768	7.97846	10.0956
26.91264	7.97559	9.8715
26.89028	7.97298	9.6534
26.86461	7.97090	9.4381
26.81600	7.96925	9.2261
26.77336	7.96840	9.0140
26.73050	7.96829	8.7959
26.71432	7.96899	8.5806
26.70336	7.96963	8.3623
26.66968	7.97032	8.1412
26.64363	7.97138	7.9202
26.61485	7.97255	7.7018
26.59861	7.97410	7.4806
26.59133	7.97537	7.2563
26.57294	7.97644	7.0321
26.56106	7.97729	6.8138
26.54639	7.97793	6.5866
26.53291	7.97862	6.3774
26.52041	7.97915	6.1564
26.51088	7.97926	5.9440
26.48700	7.97958	5.7199
26.47840	7.97952	5.5018
26.45576	7.97936	5.2836
26.43989	7.97910	5.0624
26.42567	7.97894	4.8409
26.41761	7.97867	4.6169
26.41026	7.97851	4.4047
26.39988	7.97825	4.1744
26.39157	7.97798	3.9532
26.38605	7.97777	3.7320
26.37948	7.97739	3.5139
26.37634	7.97713	3.2897
26.37168	7.97692	3.0685
26.36791	7.97665	2.8501
26.36407	7.97649	2.6259
26.36272	7.97612	2.4045
26.36132	7.97580	2.1926
26.35942	7.97575	1.9742
26.35791	7.97559	1.7621
26.35597	7.97559	1.5411
26.35214	7.97559	1.3109
26.34044	7.97585	1.0803
26.33503	7.97590	0.8623
26.32767	7.97617	0.6651
26.31640	7.97676	0.4682
26.30992	7.97782	0.2620
26.31163	7.97835	0.0197
26.28698	7.97841	-0.1590
15.60646	7.97803	-0.1562
5.45256	7.97734	-0.1563
4.75163	7.97638	-0.1501
3.94871	7.97468	-0.1562
2.51857	7.97261	-0.1592
5.31390	7.96893	-0.1622
23.18589	7.96542	-0.1563
26.01991	7.96399	-0.1623
26.21585	7.96404	-0.1592
9.01332	7.96563	-0.1532
6.04029	7.96728	-0.1564
4.64125	7.96776	-0.1564
4.44726	7.96750	-0.1532
4.09397	7.96675	-0.1502
3.70039	7.96579	-0.1533
3.37551	7.96537	-0.1564
3.06628	7.96420	-0.1595
2.80406	7.96202	-0.1595
2.85492	7.96015	-0.1625
2.81218	7.95803	-0.1564
2.77173	7.95579	-0.1565
2.55339	7.95308	-0.1505
2.20690	7.94989	-0.1565
1.84428	7.94696	-0.1565
1.60822	7.94457	-0.1595
1.45307	7.94170	-0.1535
1.39110	7.93883	-0.1627
1.59033	7.93713	-0.1567
1.84695	7.93569	-0.1565
2.18598	7.93489	-0.1656
2.22644	7.93431	-0.1597
2.01795	7.93404	-0.1537
1.78020	7.93356	-0.1627
1.63282	7.93314	-0.1567
1.50040	7.93255	-0.1567
1.39132	7.93117	-0.1566
