Salinity, Practical [PSU]	Temperature [ITS-90, deg C]	Depth [salt water, m]
0.04917	10.83747	-0.3102
0.04917	10.83736	-0.3133
0.04915	10.83736	-0.3102
0.04917	10.83661	-0.3102
0.04915	10.83558	-0.3073
0.04913	10.83506	-0.3071
0.04915	10.83558	-0.3102
0.04915	10.83638	-0.3042
0.04917	10.83770	-0.3073
0.04919	10.83902	-0.3102
0.04917	10.83764	-0.3105
0.04915	10.83231	-0.3074
0.04914	10.82951	-0.3103
0.04916	10.83002	-0.3103
0.04915	10.83111	-0.3073
0.04913	10.83163	-0.3134
0.04915	10.83094	-0.3072
0.04914	10.83008	-0.3043
0.04916	10.82962	-0.3043
0.04914	10.82922	-0.3073
0.04916	10.82991	-0.3043
0.04910	10.83048	-0.3044
0.04908	10.83025	-0.3103
0.04910	10.83048	-0.3043
0.04914	10.83037	-0.3013
0.04916	10.83042	-0.3043
0.04908	10.82922	-0.3074
0.04910	10.82378	-0.3072
0.04911	10.81817	-0.3043
0.04915	10.81416	-0.3043
0.04911	10.81262	-0.3102
0.04909	10.81187	-0.3074
0.04911	10.81290	-0.3103
0.04909	10.81330	-0.3072
0.04911	10.80941	-0.3043
0.04912	10.80689	-0.3104
0.04916	10.80620	-0.3103
0.04918	10.80311	-0.3104
0.04911	10.79316	-0.3043
0.04914	10.78166	-0.3043
0.04913	10.76993	-0.3043
0.04932	10.76004	-0.3134
0.04923	10.74706	-0.3103
0.04916	10.73072	-0.3072
0.04926	10.71542	-0.3074
0.04925	10.70303	-0.3102
0.04928	10.69441	-0.3012
0.04926	10.69007	-0.3043
0.04938	10.68824	-0.3013
0.04929	10.67872	-0.3012
0.04932	10.66469	-0.3071
3.07466	10.62604	-0.2558
8.26293	10.05503	-0.1921
16.57246	9.35301	-0.0649
20.03584	8.69030	0.0138
20.35803	8.22698	0.0533
20.59490	7.96377	0.0502
20.71133	7.82488	0.0140
20.79003	7.76184	-0.0467
20.83254	7.75083	-0.1011
20.87805	7.76486	-0.1193
20.96078	7.78350	-0.1102
20.78328	7.82663	-0.0770
20.77238	7.86536	-0.0314
20.87060	7.87497	0.0230
20.89861	7.83093	0.0412
20.98572	7.79494	0.0472
21.04436	7.78175	0.0291
21.01081	7.76359	-0.0041
20.98691	7.73670	-0.0194
21.00276	7.71681	0.0019
21.01037	7.70656	0.0504
20.95992	7.69223	0.1169
20.86706	7.66371	0.2019
20.82308	7.62491	0.2807
20.81190	7.59474	0.3684
20.81381	7.58062	0.4473
20.82629	7.56734	0.5229
20.92011	7.55491	0.5927
21.05592	7.56391	0.6473
21.11980	7.57092	0.6655
21.05452	7.57888	0.6685
20.86608	7.59627	0.6503
20.74630	7.58889	0.6321
20.73143	7.56771	0.6230
20.74286	7.54685	0.6261
20.75647	7.52953	0.6230
20.77455	7.51432	0.6413
20.84060	7.50311	0.6535
20.96472	7.50469	0.6655
21.00156	7.50753	0.6655
20.91204	7.50085	0.6625
20.84380	7.49275	0.6473
20.79124	7.47961	0.6261
20.76921	7.46673	0.6171
20.75966	7.46715	0.6142
20.76197	7.47046	0.6170
20.77843	7.47093	0.6443
20.83536	7.47093	0.6624
20.95275	7.47682	0.6716
21.01000	7.47782	0.6838
20.96949	7.47204	0.6807
20.86317	7.46715	0.6625
20.79026	7.45964	0.6504
20.76622	7.45039	0.6292
20.76190	7.45260	0.6291
20.76939	7.45795	0.6232
20.77715	7.45801	0.6382
20.77643	7.45296	0.6443
20.78157	7.44698	0.6565
20.79148	7.44241	0.6656
20.80315	7.44041	0.6655
20.81407	7.44062	0.6656
20.81240	7.44051	0.6566
20.79079	7.43789	0.6566
20.77445	7.43364	0.6445
20.76690	7.43080	0.6474
20.76461	7.43248	0.6506
20.76422	7.43826	0.6536
20.76854	7.44398	0.6657
20.78292	7.44787	0.6688
20.85979	7.45307	0.6748
20.93417	7.46705	0.6839
20.99181	7.47561	0.6868
21.00201	7.50780	0.6809
20.95304	7.57735	0.6718
20.88581	7.66576	0.6595
20.82477	7.74607	0.6414
20.77548	7.80315	0.6385
20.73856	7.83878	0.6293
20.71235	7.85400	0.6295
20.70260	7.84854	0.6325
20.70036	7.83225	0.6294
20.71179	7.81873	0.6447
20.73686	7.80797	0.6688
20.75339	7.80257	0.6900
20.75250	7.81152	0.7082
20.74079	7.82584	0.7175
20.72321	7.83936	0.7173
20.70845	7.84785	0.7144
20.69762	7.84917	0.6902
20.68914	7.84392	0.6599
20.68846	7.83613	0.6387
20.68630	7.82764	0.6114
20.68580	7.81757	0.6114
20.68597	7.80188	0.6206
20.68725	7.78403	0.6327
20.68666	7.77026	0.6509
20.68628	7.75549	0.6601
20.68976	7.73850	0.6720
20.69226	7.72522	0.6843
20.69383	7.71528	0.6783
20.69464	7.70804	0.6843
20.69425	7.69926	0.6994
20.69652	7.68890	0.7026
20.69796	7.67770	0.7024
20.69793	7.66899	0.6874
20.69719	7.66091	0.6663
20.69710	7.65415	0.6572
20.69686	7.64765	0.6389
20.69463	7.64470	0.6298
20.69247	7.64385	0.6420
20.69284	7.63726	0.6480
20.69499	7.62559	0.6572
20.69628	7.61494	0.6632
20.69541	7.60687	0.6694
20.69508	7.60117	0.6663
20.69093	7.59864	0.6695
20.68773	7.59675	0.6665
20.68724	7.59168	0.6573
20.68850	7.58499	0.6665
20.69082	7.57603	0.6785
20.69296	7.56776	0.6968
20.69348	7.56080	0.7058
20.69441	7.55448	0.7089
20.69116	7.55333	0.7029
20.68727	7.55390	0.6879
20.68575	7.55311	0.6665
20.68754	7.54759	0.6455
20.68912	7.54290	0.6212
20.69025	7.53811	0.6122
20.69084	7.53300	0.6031
20.69192	7.52690	0.6153
20.69257	7.52158	0.6335
20.69200	7.51758	0.6547
20.69066	7.51553	0.6820
20.68862	7.51316	0.7033
20.68780	7.51090	0.7094
20.68760	7.50937	0.7033
20.68691	7.50764	0.7063
20.68599	7.50722	0.6973
20.68585	7.50690	0.6973
20.68548	7.50632	0.6823
20.68518	7.50422	0.6671
20.68537	7.50148	0.6459
20.68550	7.49827	0.6340
20.68484	7.49575	0.6279
20.68563	7.49181	0.6217
20.68585	7.48807	0.6249
20.68614	7.48534	0.6340
20.68684	7.48229	0.6431
20.68797	7.47908	0.6643
20.68780	7.47740	0.6856
20.68608	7.47598	0.7007
20.68432	7.47603	0.7129
20.68355	7.47425	0.7220
20.68336	7.47214	0.7069
20.68255	7.47015	0.6979
20.68246	7.46862	0.6767
20.68293	7.46710	0.6646
20.68372	7.46615	0.6465
20.68460	7.46589	0.6343
20.68507	7.46437	0.6345
20.68387	7.46384	0.6496
20.68226	7.46384	0.6649
20.68190	7.46247	0.6771
20.68092	7.46121	0.6981
20.67889	7.46163	0.7073
20.67801	7.46069	0.7136
20.67779	7.45937	0.7104
20.67752	7.45843	0.7164
20.67801	7.45769	0.7166
20.67835	7.45591	0.7195
20.67860	7.45428	0.7136
20.67888	7.45296	0.7014
20.67957	7.45181	0.6926
20.68030	7.45060	0.6653
20.68108	7.44855	0.6501
20.68178	7.44766	0.6441
20.68233	7.44634	0.6653
20.68231	7.44571	0.6895
20.68191	7.44451	0.7138
20.68066	7.44409	0.7260
20.67882	7.44409	0.7443
20.67721	7.44445	0.7535
20.67590	7.44451	0.7414
20.67564	7.44309	0.7232
20.67553	7.44225	0.6991
20.67535	7.44220	0.6870
20.67624	7.44136	0.6720
20.67826	7.43936	0.6750
20.67920	7.43731	0.6750
20.67904	7.43542	0.6931
20.67835	7.43500	0.7054
20.67703	7.43516	0.7144
20.67594	7.43474	0.7115
20.67480	7.43516	0.7147
20.67349	7.43605	0.7147
20.67282	7.43605	0.7177
20.67327	7.43437	0.7117
20.67396	7.43237	0.6997
20.67426	7.43122	0.6995
20.67450	7.43017	0.6936
20.67477	7.42933	0.7027
20.67421	7.42896	0.7060
20.67355	7.42886	0.7088
20.67317	7.42828	0.7180
20.67286	7.42749	0.7090
20.67303	7.42702	0.7121
20.67292	7.42655	0.7090
20.67236	7.42665	0.7091
20.67164	7.42702	0.7244
20.67201	7.42602	0.7335
20.67172	7.42481	0.7455
20.67121	7.42382	0.7336
20.67119	7.42282	0.7244
20.67107	7.42219	0.7003
20.67074	7.42145	0.6670
20.67153	7.42098	0.6459
20.67296	7.41988	0.6551
20.67466	7.41804	0.6764
20.67386	7.41705	0.7065
20.67275	7.41636	0.7369
20.67126	7.41699	0.7460
20.66943	7.41820	0.7431
20.66781	7.41925	0.7372
20.66743	7.41951	0.7219
20.66756	7.41930	0.7100
20.66776	7.41935	0.7009
20.66760	7.41925	0.7009
20.66881	7.41720	0.7101
20.66944	7.41484	0.7071
20.66997	7.41358	0.7102
20.66989	7.41269	0.7043
20.67006	7.41174	0.7042
20.66994	7.41159	0.6953
20.66983	7.41195	0.7013
20.67012	7.41164	0.7074
20.66958	7.41132	0.7319
20.66945	7.41022	0.7499
20.66913	7.40954	0.7621
20.66835	7.40954	0.7651
20.66759	7.41017	0.7501
20.66754	7.40970	0.7443
20.66777	7.40933	0.7229
20.66713	7.41022	0.7109
20.66768	7.40985	0.6989
20.66775	7.40891	0.6927
20.66771	7.40860	0.6928
20.66844	7.40802	0.6989
20.66818	7.40734	0.7051
20.66739	7.40707	0.7172
20.66570	7.40870	0.7172
20.66451	7.41022	0.7204
20.66467	7.40996	0.7265
20.66572	7.40865	0.7326
20.66673	7.40686	0.7448
20.66725	7.40513	0.7510
20.66645	7.40461	0.7570
20.66525	7.40644	0.7571
20.66401	7.40723	0.7449
20.66411	7.40697	0.7239
20.66523	7.40566	0.7026
20.66668	7.40445	0.6844
20.66727	7.40345	0.6875
20.66709	7.40246	0.6937
20.66651	7.40230	0.7029
20.66576	7.40272	0.7061
20.66485	7.40377	0.7120
20.66469	7.40366	0.7152
20.66366	7.40408	0.7273
20.66252	7.40534	0.7335
20.66175	7.40560	0.7365
20.66244	7.40445	0.7396
20.66350	7.40256	0.7457
20.66371	7.40109	0.7458
20.66440	7.39947	0.7490
20.66396	7.39936	0.7459
20.66243	7.40120	0.7367
20.66187	7.40167	0.7217
20.66219	7.40078	0.7036
20.66275	7.40030	0.6793
20.66354	7.39936	0.6674
20.66441	7.39789	0.6793
20.66474	7.39695	0.7099
20.66377	7.39726	0.7341
20.66354	7.39763	0.7554
20.66325	7.39700	0.7706
20.66310	7.39621	0.7768
20.66351	7.39516	0.7677
20.66227	7.39595	0.7497
20.66133	7.39716	0.7224
20.66074	7.39779	0.7043
20.66135	7.39752	0.6801
20.66270	7.39611	0.6710
20.66445	7.39485	0.6801
20.66538	7.39411	0.6953
20.66513	7.39348	0.7227
20.66392	7.39364	0.7469
20.66239	7.39574	0.7592
20.66161	7.39705	0.7563
20.66226	7.39642	0.7471
20.66317	7.39490	0.7534
20.66311	7.39453	0.7532
20.66232	7.39511	0.7595
20.66153	7.39642	0.7657
20.66173	7.39647	0.7595
20.66235	7.39543	0.7567
20.66326	7.39390	0.7537
20.66458	7.39244	0.7416
20.66433	7.39212	0.7357
20.66386	7.39254	0.7235
20.66312	7.39417	0.7144
20.66335	7.39453	0.7025
20.66441	7.39406	0.7025
20.66506	7.39380	0.7116
20.66687	7.39375	0.7299
20.66592	7.39364	0.7481
20.66330	7.39422	0.7482
20.66124	7.39805	0.7543
20.66123	7.39899	0.7544
20.66192	7.39821	0.7575
20.66340	7.39721	0.7665
20.66407	7.39674	0.7787
20.66247	7.39642	0.7818
20.66091	7.39784	0.7818
20.65966	7.39994	0.7729
20.65970	7.39988	0.7456
20.66071	7.39905	0.7336
20.66228	7.39752	0.7277
20.66349	7.39605	0.7277
20.66358	7.39506	0.7248
20.66362	7.39527	0.7338
20.66330	7.39674	0.7430
20.66355	7.39679	0.7492
20.66334	7.39684	0.7613
20.66139	7.39826	0.7644
20.65873	7.40067	0.7585
20.65664	7.40466	0.7403
20.65693	7.40419	0.7252
20.65918	7.40162	0.7191
20.66290	7.39994	0.7344
20.66897	7.39962	0.7677
20.66579	7.40009	0.7860
20.66197	7.40193	0.8012
20.65506	7.40681	0.7982
20.65298	7.40949	0.7770
20.65367	7.40881	0.7406
20.65486	7.40644	0.7257
20.65662	7.40471	0.7166
20.65787	7.40298	0.7259
20.65880	7.40104	0.7288
20.65892	7.39999	0.7289
20.65783	7.40099	0.7380
20.65642	7.40298	0.7351
20.65567	7.40413	0.7503
20.65601	7.40356	0.7656
20.65610	7.40219	0.7716
20.65555	7.40246	0.7717
20.65598	7.40193	0.7567
20.65742	7.39952	0.7476
20.65934	7.39695	0.7417
20.66086	7.39543	0.7447
20.66169	7.39448	0.7538
20.66077	7.39369	0.7600
20.65960	7.39501	0.7660
20.65757	7.39805	0.7540
20.65723	7.39852	0.7420
20.65839	7.39705	0.7391
20.65991	7.39532	0.7512
20.66013	7.39411	0.7604
20.66010	7.39369	0.7695
20.65891	7.39495	0.7664
20.65825	7.39522	0.7545
20.65907	7.39422	0.7485
20.65954	7.39343	0.7422
20.65972	7.39275	0.7456
20.65950	7.39312	0.7486
20.65929	7.39385	0.7487
20.65991	7.39364	0.7486
20.65995	7.39275	0.7397
20.65938	7.39249	0.7367
20.65866	7.39333	0.7338
20.65872	7.39369	0.7339
20.65891	7.39327	0.7339
20.65941	7.39244	0.7522
20.66009	7.39175	0.7642
20.66065	7.39118	0.7826
20.66139	7.39076	0.7976
20.66146	7.39018	0.8008
20.66022	7.38992	0.8039
20.65846	7.39233	0.7918
20.65721	7.39443	0.7738
20.65720	7.39427	0.7557
20.65791	7.39291	0.7224
20.65932	7.39055	0.7072
20.66009	7.38897	0.6981
20.66082	7.38803	0.7013
20.66104	7.38766	0.7105
20.66163	7.38787	0.7197
20.66787	7.38887	0.7622
20.67273	7.39049	0.7863
20.67260	7.39118	0.8046
20.66706	7.39217	0.8046
20.65990	7.39448	0.7987
20.65499	7.39779	0.7806
20.65368	7.39973	0.7504
20.65391	7.39878	0.7291
20.65476	7.39689	0.7262
20.65564	7.39569	0.7293
20.65654	7.39438	0.7204
20.65757	7.39301	0.7264
20.65877	7.39238	0.7446
20.65912	7.39207	0.7568
20.65952	7.39186	0.7721
20.65914	7.39165	0.7963
20.65865	7.39097	0.8025
20.65776	7.39097	0.8025
20.65636	7.39296	0.7934
20.65462	7.39579	0.7663
20.65463	7.39543	0.7361
20.65560	7.39343	0.7027
20.65742	7.39076	0.6998
20.65945	7.38903	0.6998
20.66123	7.38771	0.7089
20.66114	7.38766	0.7393
20.66124	7.38813	0.7607
20.65911	7.38955	0.7790
20.65564	7.39285	0.7851
20.65401	7.39522	0.7941
20.65336	7.39668	0.7941
20.65361	7.39626	0.7912
20.65464	7.39453	0.7883
20.65536	7.39259	0.7701
20.65649	7.39107	0.7674
20.65667	7.39002	0.7551
20.65721	7.38903	0.7370
20.65762	7.38834	0.7309
20.65818	7.38750	0.7220
20.65906	7.38640	0.7189
20.65956	7.38556	0.7311
20.65959	7.38551	0.7342
20.65933	7.38593	0.7496
20.65833	7.38761	0.7617
20.65777	7.38892	0.7737
20.65802	7.38887	0.7829
20.65889	7.38787	0.7890
20.65869	7.38698	0.7890
20.65810	7.38761	0.7740
20.65717	7.38955	0.7559
20.65769	7.38908	0.7317
20.65831	7.38803	0.7348
20.65959	7.38708	0.7410
20.66137	7.38661	0.7593
20.66224	7.38646	0.7774
20.66125	7.38661	0.7866
20.66164	7.38698	0.7836
20.66021	7.38855	0.7776
20.65837	7.39070	0.7746
20.65684	7.39301	0.7656
20.65700	7.39359	0.7445
20.65827	7.39249	0.7324
20.65954	7.39102	0.7264
20.66138	7.38913	0.7295
20.66332	7.38745	0.7384
20.66459	7.38661	0.7690
20.66449	7.38640	0.7903
20.66469	7.38672	0.7933
20.66393	7.38819	0.7962
20.66134	7.39086	0.7814
20.66035	7.39291	0.7601
20.66145	7.39181	0.7451
20.66314	7.38992	0.7391
20.66504	7.38840	0.7542
20.66704	7.38756	0.7544
20.66795	7.38724	0.7605
20.66688	7.38745	0.7576
20.66679	7.38798	0.7606
20.66579	7.38966	0.7576
20.66825	7.39091	0.7971
20.66949	7.39196	0.8970
20.69082	7.39259	1.0396
20.71656	7.39527	1.1939
20.73961	7.39920	1.3548
20.71373	7.40198	1.5245
20.71118	7.40151	1.6912
20.71021	7.39978	1.8578
21.06191	7.39684	2.0247
21.81337	7.40099	2.2125
22.32959	7.42985	2.3973
22.79701	7.47913	2.5974
22.82542	7.53079	2.8125
23.04709	7.57108	3.0217
23.24777	7.61573	3.2338
23.27741	7.66909	3.4459
23.32253	7.71607	3.6520
23.48399	7.75887	3.8521
23.60614	7.81285	4.0581
23.79239	7.86870	4.2490
24.00646	7.91831	4.4551
24.16691	7.95882	4.6552
24.20184	7.98485	4.8552
24.28990	7.99560	5.0703
24.36565	8.00396	5.2796
24.38721	8.01275	5.4916
24.46740	8.02016	5.7068
24.83837	8.02799	5.9281
24.95621	8.04057	6.1524
25.04888	8.05272	6.3675
25.09054	8.06141	6.5887
25.10842	8.06611	6.8159
25.12009	8.06600	7.0343
25.13039	8.06104	7.2554
25.20872	8.05581	7.4736
25.32082	8.04952	7.6949
25.37523	8.04963	7.9159
25.39540	8.05400	8.1433
25.48727	8.06040	8.3676
25.61884	8.06904	8.5827
25.75207	8.07859	8.8070
25.87765	8.09033	9.0342
26.15789	8.10298	9.2525
26.34425	8.11964	9.4738
26.76135	8.13343	9.6890
26.95580	8.14171	9.9161
27.05702	8.15117	10.1343
27.18191	8.16486	10.3585
27.22662	8.17828	10.5827
27.28050	8.18465	10.8102
27.36541	8.17411	11.0436
27.49581	8.15005	11.2798
27.56173	8.12872	11.5042
27.72752	8.11708	11.7375
27.80242	8.12114	11.9617
27.85960	8.13610	12.1860
28.03595	8.15288	12.4191
28.06860	8.16074	12.6436
28.13619	8.15267	12.8709
28.24337	8.13166	13.0861
28.41586	8.11281	13.3194
28.53059	8.10683	13.5283
28.57770	8.11366	13.7587
28.64041	8.11505	13.9769
28.70392	8.10192	14.2041
28.77554	8.08414	14.4285
28.86866	8.07096	14.6557
29.03990	8.05981	14.8920
29.11126	8.04360	15.1224
29.17486	8.02761	15.3436
29.24911	8.01307	15.5709
29.28798	7.99693	15.8042
29.33331	7.98197	16.0345
29.41160	7.96824	16.2710
29.50508	7.94893	16.4981
29.59721	7.92102	16.7346
29.70026	7.88999	16.9648
29.74802	7.85618	17.2134
29.82694	7.82812	17.4711
29.87957	7.80119	17.7014
29.92585	7.77613	17.9466
29.95044	7.75543	18.1800
29.98441	7.74019	18.4224
30.01370	7.72707	18.6618
30.03694	7.71433	18.8921
30.05183	7.70317	19.1254
30.05976	7.69440	19.3557
30.06490	7.68816	19.5951
30.06867	7.68399	19.8164
30.07362	7.68071	20.0528
30.07753	7.67797	20.2890
30.10180	7.67464	20.5133
30.12259	7.66656	20.7406
30.14639	7.65689	20.9738
30.15899	7.64792	21.2071
30.17191	7.64190	21.4467
30.18507	7.63826	21.6860
30.18770	7.63625	21.9163
30.19111	7.63515	22.1648
30.20666	7.63467	22.3951
30.20684	7.63541	22.6223
30.21227	7.63599	22.8586
30.21501	7.63689	23.0920
30.22411	7.63794	23.3193
30.23109	7.64000	23.5526
30.23155	7.64306	23.7829
30.23892	7.64565	24.0133
30.24486	7.64876	24.2375
30.24637	7.65272	24.4800
30.24896	7.65621	24.7071
30.24857	7.65911	24.9374
30.25024	7.66101	25.1707
30.26646	7.66143	25.4041
30.27840	7.66112	25.6342
30.28265	7.65974	25.8676
30.28901	7.65700	26.1039
30.31823	7.65420	26.3524
30.34595	7.65821	26.5856
30.33788	7.66841	26.8222
30.32896	7.67416	27.0432
30.33130	7.67242	27.2705
30.34456	7.66592	27.4917
30.36218	7.65916	27.7525
30.38934	7.65431	28.0372
30.39603	7.65309	28.2553
30.39816	7.65167	28.5037
30.40286	7.64887	28.7550
30.40317	7.64644	28.9855
30.41637	7.63995	29.2400
30.42886	7.62924	29.4794
30.43589	7.61926	29.7370
30.44770	7.60782	29.9855
30.46048	7.59822	30.2308
30.46875	7.59084	30.4792
30.47859	7.58394	30.7246
30.49037	7.57656	30.9610
30.50214	7.56792	31.2035
30.51352	7.55912	31.4337
30.52528	7.54853	31.6852
30.53569	7.53695	31.9124
30.54568	7.52653	32.1427
30.55561	7.51474	32.3701
30.56965	7.50085	32.6033
30.58501	7.48555	32.8335
30.59765	7.47146	33.0850
30.61252	7.46063	33.3275
30.62770	7.44624	33.5849
30.64059	7.43017	33.8273
30.64938	7.41747	34.0788
30.65481	7.40571	34.3271
30.65982	7.39369	34.5696
30.66890	7.37964	34.8030
30.68322	7.36155	35.0332
30.70483	7.33802	35.2544
30.72349	7.31702	35.4936
30.73766	7.30131	35.7179
30.74754	7.28933	35.9482
30.76080	7.27902	36.1755
30.77697	7.27196	36.3935
30.79791	7.26882	36.6452
30.80557	7.27029	36.8754
30.80668	7.27259	37.1237
30.80809	7.27411	37.3600
30.80867	7.27484	37.5963
30.80928	7.27499	37.8386
30.81001	7.27489	38.0631
30.81169	7.27400	38.3055
30.81610	7.27290	38.5476
30.82116	7.26898	38.7689
30.81362	7.26197	39.0205
30.82516	7.24336	39.2507
30.84155	7.22277	39.4902
30.85411	7.20784	39.7204
30.86325	7.19823	39.9658
30.86785	7.19259	40.1959
30.87209	7.18847	40.4414
30.87586	7.18586	40.6657
30.88226	7.18194	40.8957
30.88932	7.17610	41.1321
30.89795	7.16822	41.3290
30.90542	7.15904	41.5018
30.91313	7.15059	41.6079
30.91835	7.14527	41.6352
30.92129	7.14266	41.6443
30.92235	7.14334	41.6414
30.91993	7.14642	41.6413
30.91624	7.15054	41.6446
30.91215	7.15361	41.6415
30.91537	7.15002	41.6476
30.92079	7.14397	41.6446
30.92348	7.14021	41.6416
30.92502	7.13813	41.6296
30.92638	7.13662	41.6296
30.92731	7.13557	41.6327
30.92810	7.13469	41.6388
30.92880	7.13323	41.6449
30.93137	7.13036	41.6418
30.93383	7.12833	41.5662
30.93467	7.12895	41.4391
30.93392	7.13292	41.3179
30.92915	7.13703	41.1817
30.92562	7.14001	41.0212
30.92288	7.14240	40.8577
30.91971	7.14454	40.6792
30.91708	7.14689	40.4972
30.91280	7.15012	40.3127
30.90816	7.15450	40.1340
30.90373	7.15878	39.9672
30.89888	7.16212	39.8039
30.89397	7.16582	39.6344
30.89100	7.16952	39.4617
30.88806	7.17260	39.2922
30.88505	7.17464	39.1194
30.88382	7.17646	38.9500
30.88169	7.17819	38.7775
30.88043	7.18006	38.5987
30.88005	7.18231	38.4109
30.87903	7.18617	38.2021
30.87543	7.19358	38.0022
30.86700	7.20387	37.8052
30.85889	7.21410	37.5933
30.84967	7.22528	37.3964
30.84234	7.23359	37.2027
30.83674	7.23996	37.0058
30.83166	7.24577	36.7969
30.82634	7.25146	36.5939
30.82145	7.25638	36.3848
30.81673	7.26067	36.1670
30.80944	7.26417	35.9518
30.80033	7.26657	35.7156
30.79022	7.26741	35.4883
30.78642	7.26746	35.2462
30.78090	7.26757	35.0100
30.77644	7.26835	34.7796
30.77231	7.26982	34.5405
30.76604	7.27264	34.3135
30.75883	7.27756	34.0923
30.75054	7.28483	33.8591
30.74163	7.29535	33.6290
30.73319	7.30655	33.3864
30.72663	7.31571	33.1534
30.71780	7.32728	32.9050
30.70769	7.33985	32.6628
30.69531	7.35327	32.4144
30.68352	7.36632	32.1691
30.67151	7.37927	31.9208
30.65768	7.39322	31.6664
30.64250	7.40833	31.4361
30.62739	7.42518	31.1907
30.61194	7.44130	30.9516
30.59872	7.45528	30.7122
30.58272	7.46957	30.4729
30.56679	7.48560	30.2186
30.55098	7.49933	29.9642
30.53670	7.51237	29.7219
30.52197	7.52490	29.4704
30.50928	7.53653	29.2221
30.49859	7.54658	28.9644
30.48879	7.55570	28.7012
30.47796	7.56486	28.4619
30.46804	7.57313	28.2075
30.45789	7.58251	27.9562
30.44682	7.59242	27.6834
30.43610	7.60255	27.4228
30.42407	7.61167	27.1807
30.40834	7.61953	26.9474
30.39467	7.62760	26.6961
30.37576	7.63361	26.4538
30.37098	7.63884	26.2054
30.36275	7.64401	25.9630
30.34951	7.65003	25.7176
30.33055	7.65515	25.4723
30.31904	7.65679	25.2271
30.30744	7.65663	24.9908
30.29428	7.65652	24.7515
30.28302	7.65652	24.5092
30.27392	7.65705	24.2758
30.26457	7.65763	24.0427
30.25688	7.65821	23.7975
30.24893	7.65864	23.5549
30.24456	7.65842	23.3157
30.24007	7.65774	23.0704
30.23468	7.65673	22.8251
30.22831	7.65541	22.5858
30.21629	7.65357	22.3406
30.21512	7.65072	22.1102
30.21091	7.64797	21.8709
30.20679	7.64549	21.6407
30.20128	7.64348	21.3985
30.19771	7.64121	21.1684
30.19569	7.63926	20.9410
30.19080	7.63768	20.7017
30.18675	7.63641	20.4625
30.18178	7.63515	20.2170
30.17362	7.63446	19.9778
30.16234	7.63472	19.7264
30.14869	7.63636	19.4810
30.13854	7.63979	19.2450
30.12766	7.64370	18.9933
30.12368	7.64765	18.7571
30.11336	7.65098	18.5268
30.10435	7.65446	18.2938
30.09630	7.65842	18.0665
30.08756	7.66244	17.8423
30.07149	7.66666	17.6153
30.05732	7.67242	17.3819
30.04198	7.67855	17.1488
30.03755	7.68457	16.9004
30.00587	7.68985	16.6610
29.97976	7.69805	16.4278
29.93349	7.70872	16.1795
29.88914	7.72279	15.9371
29.83888	7.73908	15.7008
29.75637	7.75776	15.4553
29.69211	7.78053	15.2343
29.63066	7.80495	15.0011
29.59183	7.82812	14.7708
29.53147	7.84647	14.5556
29.48247	7.86451	14.3254
29.42317	7.88219	14.1013
29.33945	7.89939	13.8620
29.24068	7.91916	13.6318
29.16512	7.93978	13.3895
29.07506	7.95749	13.1564
29.01828	7.97362	12.9138
28.92921	7.98980	12.6685
28.85535	8.00897	12.4292
28.73561	8.02559	12.2142
28.64767	8.03902	11.9779
28.56442	8.04947	11.7417
28.50459	8.05869	11.5297
28.40135	8.06947	11.2962
28.27643	8.08307	11.0752
28.15350	8.09743	10.8388
28.06942	8.10886	10.5996
27.98131	8.11494	10.3634
27.93738	8.11671	10.1271
27.85618	8.11649	9.8967
27.73244	8.11617	9.6757
27.68315	8.11799	9.4484
27.54480	8.12290	9.2120
27.43395	8.13006	8.9820
27.36105	8.13727	8.7455
27.25005	8.14144	8.5122
27.10893	8.14406	8.2700
26.90880	8.14700	8.0367
26.65296	8.14892	7.8036
26.38289	8.14818	7.5762
26.25689	8.14379	7.3430
26.06977	8.13754	7.1098
25.97931	8.12942	6.8733
25.78598	8.12162	6.6372
25.58215	8.11126	6.4071
25.47073	8.09850	6.1736
25.37613	8.08750	5.9403
25.32250	8.07913	5.7012
25.25805	8.07347	5.4677
25.19609	8.06995	5.2284
25.08749	8.06808	4.9922
24.93932	8.06563	4.7589
24.77253	8.06173	4.5318
24.69309	8.05672	4.2982
24.52217	8.05086	4.0682
24.38842	8.04334	3.8318
24.17191	8.03289	3.6015
23.88715	8.01488	3.3684
23.75895	7.98735	3.1412
23.51347	7.95643	2.9080
23.33652	7.92229	2.6777
23.27467	7.88898	2.4475
23.19248	7.86106	2.2353
23.13111	7.83618	2.0111
23.05724	7.81412	1.7960
22.95786	7.79541	1.5719
22.90328	7.77868	1.3478
22.89201	7.76374	1.1144
22.82934	7.75210	0.8662
22.68370	7.73861	0.6236
22.59899	7.71993	0.3449
22.53297	7.69937	0.0905
22.47198	7.68003	-0.0852
22.39006	7.66223	-0.1945
22.36494	7.64443	-0.2459
22.38382	7.62913	-0.2428
22.44046	7.62000	-0.2428
22.52031	7.61911	-0.2486
22.60715	7.62823	-0.2578
22.67013	7.64195	-0.2517
22.69333	7.65784	-0.2547
22.79484	7.67231	-0.2578
22.86489	7.68330	-0.2486
22.95137	7.69477	-0.2546
22.28648	7.70693	-0.2546
4.03156	7.71861	-0.2545
3.22680	7.72448	-0.2575
3.22279	7.72596	-0.2606
3.11869	7.72686	-0.2514
2.96909	7.72676	-0.2574
2.95200	7.72691	-0.2514
2.92200	7.72713	-0.2544
2.90096	7.72728	-0.2512
2.81110	7.72755	-0.2572
2.84992	7.72792	-0.2574
2.65073	7.72845	-0.2753
2.30647	7.72945	-0.2723
2.34450	7.73035	-0.2753
2.18830	7.73093	-0.2723
2.13435	7.73136	-0.2661
2.01161	7.73183	-0.2753
1.76935	7.73210	-0.2752
1.57903	7.73273	-0.2691
1.38954	7.73321	-0.2723
1.38667	7.73374	-0.2722
1.54339	7.73406	-0.2751
1.61770	7.73437	-0.2690
1.59849	7.73458	-0.2690
1.68199	7.73469	-0.2720
1.73354	7.73448	-0.2689
1.73909	7.73448	-0.2718
1.69023	7.73358	-0.2718
1.62830	7.72988	-0.2778
1.76774	7.72506	-0.2749
1.92018	7.71972	-0.2687
1.91389	7.71486	-0.2716
1.92255	7.71073	-0.2716
1.80324	7.70730	-0.2746
1.70464	7.70333	-0.2685
1.62928	7.69900	-0.2749
1.57443	7.69392	-0.2716
1.51931	7.68774	-0.2716
1.46362	7.68209	-0.2685
1.41757	7.67691	-0.2748
1.37881	7.67274	-0.2653
1.33690	7.67052	-0.2684
1.29129	7.66946	-0.2745
1.25081	7.66767	-0.2685
