Salinity, Practical [PSU]	Temperature [ITS-90, deg C]	Depth [salt water, m]
0.03779	16.92375	-0.1630
0.03780	16.89340	-0.1661
0.03778	16.85739	-0.1661
0.03783	16.83949	-0.1691
0.03779	16.84004	-0.1691
0.03778	16.83082	-0.1661
0.03778	16.83326	-0.1630
0.03779	16.84525	-0.1661
0.03777	16.86105	-0.1661
0.03777	16.87888	-0.1600
0.03775	16.89605	-0.1661
0.03776	16.91180	-0.1692
0.03779	16.92654	-0.1692
0.03773	16.93992	-0.1661
0.03771	16.95358	-0.1630
0.03772	16.96738	-0.1692
0.03770	16.98017	-0.1661
0.03771	16.99099	-0.1662
0.03772	17.00127	-0.1661
0.03765	17.00896	-0.1662
0.03766	16.98738	-0.1693
0.03772	16.92613	-0.1661
0.03776	16.87068	-0.1662
0.03777	16.82066	-0.1692
0.03776	16.76180	-0.1631
0.03779	16.69852	-0.1632
0.03780	16.64027	-0.1662
0.03783	16.60586	-0.1600
0.03782	16.59247	-0.1631
0.03779	16.58837	-0.1601
0.03779	16.60600	-0.1631
0.03777	16.63245	-0.1631
0.03776	16.66143	-0.1570
0.03778	16.68981	-0.1661
0.03773	16.71748	-0.1630
0.03772	16.74234	-0.1661
0.03771	16.76160	-0.1570
0.03771	16.75889	-0.1662
0.03774	16.70958	-0.1601
0.03771	16.65152	-0.1600
3.48967	16.52970	-0.1085
25.76898	15.07144	0.0005
26.24872	13.24213	0.1156
28.05681	11.93299	0.2367
28.77758	10.99091	0.3609
29.38155	10.35544	0.5002
29.75284	9.96003	0.6366
30.22182	9.72039	0.7214
30.47390	9.60046	0.7425
30.60048	9.60656	0.7425
30.66511	9.68975	0.7485
30.59122	9.76498	0.7455
30.59001	9.79602	0.7577
30.67169	9.78626	0.7546
30.77491	9.76242	0.7546
30.83263	9.73319	0.7455
30.71913	9.68619	0.7335
30.55985	9.61195	0.7123
30.46795	9.54022	0.7123
30.47190	9.49722	0.7244
30.58509	9.46980	0.7486
31.00012	9.46289	0.7546
31.25759	9.46570	0.7577
31.32248	9.44250	0.7426
31.15863	9.49766	0.7243
30.70702	9.55584	0.7153
30.44158	9.54471	0.7153
30.43861	9.48998	0.7184
30.60155	9.44366	0.7425
31.07767	9.42693	0.7547
31.25563	9.41776	0.7577
31.33548	9.45128	0.7517
31.09197	9.58643	0.7456
30.66044	9.71594	0.7305
30.39833	9.72562	0.7395
30.37907	9.63892	0.7486
30.53086	9.56277	0.7516
30.80366	9.52865	0.7546
30.88925	9.51000	0.7487
30.71242	9.47554	0.7427
30.55332	9.41947	0.7335
30.56253	9.35924	0.7335
30.62321	9.32558	0.7335
30.68934	9.32480	0.7365
30.73662	9.34034	0.7305
30.80437	9.34877	0.7365
30.85523	9.34144	0.7396
30.91655	9.32943	0.7274
31.00199	9.32200	0.7336
30.97303	9.32541	0.7306
30.88129	9.32723	0.7275
30.72579	9.31049	0.7366
30.69876	9.28512	0.7366
30.77926	9.26922	0.7427
30.97943	9.28914	0.7456
30.91644	9.34744	0.7457
30.80923	9.37148	0.7487
30.70153	9.36376	0.7457
30.64849	9.33670	0.7517
30.66803	9.30482	0.7487
30.78770	9.28743	0.7487
31.06410	9.30719	0.7487
31.19339	9.36585	0.7397
31.13493	9.39105	0.7365
30.89869	9.38890	0.7336
30.88668	9.38416	0.7367
30.99123	9.37517	0.7457
31.25880	9.37004	0.7518
31.44629	9.37991	0.7549
31.48737	9.38857	0.7488
31.50719	9.39127	0.7427
31.48190	9.43990	0.7367
31.30948	9.54028	0.7245
30.94641	9.58588	0.7185
30.76328	9.56155	0.7276
30.81599	9.51791	0.7277
31.24189	9.50801	0.7337
31.37102	9.52771	0.7427
31.44401	9.54986	0.7519
31.28895	9.72039	0.7489
30.95700	9.94407	0.7427
30.67527	10.08052	0.7397
30.53588	10.09922	0.7368
30.69176	10.03029	0.7367
30.99730	9.98719	0.7337
31.07503	9.96344	0.7277
31.11914	9.97470	0.7216
30.96022	10.05907	0.7217
30.74585	10.11546	0.7217
30.62780	10.14352	0.7459
30.86044	10.11575	0.7489
31.01538	10.09349	0.7611
31.07295	10.09574	0.7490
30.92108	10.27357	0.7187
30.59730	10.50268	0.6975
30.30609	10.63316	0.6914
30.15817	10.61721	0.7006
30.16706	10.39630	0.7188
30.67373	10.18044	0.7521
31.06804	10.04566	0.7641
31.11762	10.01767	0.7642
30.87611	10.24581	0.7461
30.52499	10.51091	0.7218
30.20194	10.70400	0.7037
30.11824	10.77983	0.6947
30.05481	10.58738	0.7097
30.53147	10.33599	0.7310
30.84430	10.18027	0.7552
30.90038	10.13756	0.7613
30.73164	10.31643	0.7673
30.50871	10.53631	0.7523
30.23443	10.67752	0.7280
30.13109	10.74884	0.7190
30.12284	10.66976	0.7129
30.22696	10.43432	0.7251
30.58776	10.25376	0.7341
30.80842	10.16395	0.7433
30.91362	10.11350	0.7433
30.83090	10.21142	0.7494
30.68445	10.36144	0.7555
30.43830	10.48792	0.7524
30.24875	10.56411	0.7373
30.23321	10.57975	0.7283
30.35706	10.45388	0.7162
30.55822	10.29610	0.7223
30.71065	10.23363	0.7434
30.74106	10.23594	0.7495
30.76227	10.22100	0.7556
30.76931	10.24203	0.7495
30.72592	10.32282	0.7496
30.66639	10.40463	0.7405
30.59144	10.48315	0.7405
30.47322	10.55541	0.7315
30.36545	10.60446	0.7345
30.39902	10.57936	0.7255
30.53822	10.53318	0.7286
30.59800	10.51699	0.7407
30.62623	10.50773	0.7468
30.62257	10.52898	0.7559
30.58471	10.57446	0.7559
30.52716	10.60930	0.7469
30.47294	10.62160	0.7317
30.41436	10.62006	0.7257
30.37239	10.60861	0.7287
30.48322	10.50353	0.7349
30.64516	10.43948	0.7500
30.68581	10.43823	0.7531
30.72354	10.42995	0.7531
30.67650	10.49711	0.7502
30.53368	10.62741	0.7471
30.37792	10.74118	0.7472
30.31836	10.78532	0.7563
30.31192	10.80243	0.7563
30.34353	10.81233	0.7564
30.36215	10.82012	0.7503
30.33007	10.81760	0.7473
30.30491	10.80529	0.7533
30.32785	10.77576	0.7594
30.39699	10.73169	0.7687
30.48321	10.69932	0.7839
30.51903	10.69349	0.7959
30.52385	10.69846	0.7929
30.51930	10.71736	0.7869
30.46321	10.76787	0.7809
30.35098	10.80804	0.7749
30.22557	10.81771	0.7688
30.20910	10.74832	0.7628
30.42757	10.52602	0.7780
30.67537	10.38107	0.7841
30.80525	10.30937	0.7993
30.87357	10.29372	0.7994
30.75041	10.44333	0.7964
30.51149	10.61579	0.7843
30.31854	10.70228	0.7752
30.19958	10.72947	0.7661
30.18414	10.72484	0.7662
30.33798	10.62974	0.7722
30.50970	10.55876	0.7723
30.56355	10.53818	0.7723
30.61502	10.53057	0.7634
30.57856	10.57048	0.7633
30.45422	10.62724	0.7544
30.35268	10.67792	0.7604
30.31937	10.68454	0.7574
30.36102	10.66674	0.7635
30.44490	10.65248	0.7515
30.47964	10.65288	0.7545
30.50075	10.64604	0.7545
30.49794	10.64388	0.7576
30.45189	10.65870	0.7516
30.42509	10.67119	0.7608
30.43270	10.67803	0.7517
30.45088	10.68859	0.7518
30.45738	10.70931	0.7427
30.43711	10.72987	0.7457
30.38556	10.73941	0.7397
30.33685	10.73815	0.7459
30.35494	10.73021	0.7458
30.42423	10.72415	0.7489
30.46051	10.72581	0.7550
30.46220	10.74255	0.7430
30.38791	10.79573	0.7431
30.28261	10.83552	0.7400
30.22675	10.84417	0.7340
30.20120	10.84074	0.7340
30.19304	10.83902	0.7280
30.19529	10.83226	0.7372
30.25331	10.77639	0.7433
30.36353	10.70343	0.7525
30.43218	10.68682	0.7585
30.48399	10.69212	0.7586
30.46743	10.74209	0.7495
30.33383	10.83770	0.7405
30.15434	10.91615	0.7314
30.04825	10.94125	0.7254
30.05102	10.81250	0.7315
30.29444	10.55768	0.7497
30.64943	10.36687	0.7649
30.83767	10.25647	0.7680
30.77306	10.33113	0.7651
30.56093	10.53159	0.7499
30.23370	10.69989	0.7318
30.08511	10.80214	0.7228
30.01790	10.72210	0.7258
30.19948	10.46857	0.7320
30.60104	10.27775	0.7472
30.79955	10.15658	0.7564
30.78277	10.18444	0.7564
30.61043	10.36749	0.7534
30.31551	10.53506	0.7384
30.10941	10.63658	0.7323
30.08907	10.65921	0.7294
30.16630	10.50398	0.7415
30.39115	10.31672	0.7567
30.61613	10.21204	0.7719
30.73017	10.14549	0.7780
30.68197	10.21610	0.7690
30.53027	10.36647	0.7600
30.28939	10.49535	0.7358
30.13121	10.56491	0.7237
30.11229	10.54103	0.7298
30.26350	10.34854	0.7389
30.58583	10.16569	0.7512
30.76492	10.04398	0.7633
30.75294	10.08198	0.7664
30.59821	10.25055	0.7695
30.35812	10.40548	0.7513
30.18121	10.49456	0.7514
30.13045	10.51228	0.7332
30.19702	10.43902	0.7394
30.30886	10.32005	0.7304
30.39911	10.23510	0.7425
30.48015	10.19199	0.7487
30.54007	10.18647	0.7578
30.58742	10.17081	0.7700
30.60043	10.18911	0.7670
30.53094	10.27786	0.7671
30.42295	10.36936	0.7550
30.30649	10.43636	0.7429
30.22673	10.46131	0.7401
30.20622	10.43568	0.7370
30.30829	10.30254	0.7400
30.48238	10.15534	0.7432
30.59468	10.10130	0.7523
30.66412	10.06935	0.7585
30.68028	10.09108	0.7676
30.58406	10.21311	0.7646
30.42171	10.34255	0.7526
30.26285	10.43330	0.7467
30.17759	10.45546	0.7405
30.20531	10.38096	0.7345
30.31117	10.25354	0.7316
30.43750	10.15787	0.7347
30.51536	10.12356	0.7469
30.55923	10.10844	0.7530
30.59657	10.08782	0.7653
30.63671	10.08400	0.7682
30.59836	10.14791	0.7653
30.48819	10.25320	0.7624
30.32823	10.34713	0.7503
30.19302	10.39879	0.7413
30.15991	10.34085	0.7323
30.29939	10.15911	0.7293
30.56321	10.02210	0.7444
30.69946	9.94491	0.7384
30.75513	9.92567	0.7658
30.69622	10.00854	0.7690
30.59461	10.13379	0.7720
30.49534	10.25202	0.7691
30.39376	10.34916	0.7600
30.24597	10.40831	0.7479
30.12502	10.40576	0.7298
30.10328	10.32508	0.7269
30.19006	10.13087	0.7240
30.50522	9.94956	0.7361
30.73084	9.84577	0.7574
30.82768	9.81146	0.7635
30.72764	9.94066	0.7666
30.51168	10.11282	0.7636
30.25366	10.24474	0.7606
30.11854	10.31683	0.7607
30.09514	10.35284	0.7577
30.13665	10.33735	0.7578
30.19066	10.30344	0.7458
30.16173	10.29610	0.7459
30.16456	10.27803	0.7428
30.22785	10.20196	0.7491
30.39802	10.09377	0.7613
30.55034	10.02194	0.7703
30.61372	10.00702	0.7734
30.51291	10.10675	0.7614
30.30496	10.23194	0.7584
30.14855	10.30756	0.7524
30.13505	10.27724	0.7556
30.27906	10.13211	0.7555
30.46613	10.02519	0.7648
30.57388	9.96137	0.7649
30.59097	9.96546	0.7618
30.48293	10.04718	0.7589
30.31965	10.12828	0.7590
30.23171	10.15027	0.7652
30.23747	10.14876	0.7682
30.33333	10.13981	0.7743
30.38433	10.12317	0.7714
30.41273	10.10439	0.7745
30.36659	10.11473	0.7685
30.30823	10.12806	0.7716
30.28361	10.13666	0.7687
30.28602	10.14690	0.7657
30.30661	10.15303	0.7688
30.31466	10.15697	0.7689
30.31837	10.15838	0.7659
30.32420	10.15838	0.7721
30.33133	10.15826	0.7751
30.33749	10.15787	0.7752
30.33755	10.15590	0.7784
30.32958	10.15269	0.7754
30.32213	10.15039	0.7724
30.31612	10.14909	0.7604
30.29749	10.14780	0.7665
30.27094	10.14493	0.7696
30.26943	10.13323	0.7727
30.32204	10.11428	0.7818
30.37978	10.10597	0.7789
30.41541	10.10816	0.7789
30.38175	10.13745	0.7669
30.26040	10.18303	0.7580
30.14917	10.21007	0.7581
30.11030	10.20167	0.7702
30.25035	10.10866	0.7823
30.43810	10.02188	0.7976
30.55492	9.97682	0.7916
30.50357	10.03960	0.7826
30.30324	10.15191	0.7705
30.13701	10.23087	0.7584
30.08613	10.25478	0.7555
30.17587	10.15601	0.7617
30.38608	10.01795	0.7738
30.52698	9.93412	0.7891
30.56495	9.92500	0.7892
30.47158	10.02384	0.7922
30.30483	10.12401	0.7833
30.20559	10.17886	0.7802
30.13521	10.20832	0.7683
30.12543	10.21835	0.7622
30.18114	10.18393	0.7654
30.21846	10.15303	0.7655
30.22776	10.13149	0.7746
30.27525	10.09866	0.7808
30.33106	10.07844	0.7808
30.35601	10.07912	0.7839
30.35058	10.09248	0.7871
30.27701	10.12030	0.7780
30.21450	10.14814	0.7751
30.17675	10.16687	0.7752
30.16239	10.17791	0.7722
30.16059	10.18630	0.7723
30.16836	10.19086	0.7844
30.19377	10.19306	0.7846
30.22694	10.19272	0.7877
30.26108	10.18911	0.7756
30.25506	10.19672	0.7605
30.17356	10.21182	0.7424
30.09019	10.22326	0.7365
30.05428	10.18286	0.7486
30.17605	9.98993	0.7851
30.49914	9.83132	0.8155
30.66048	9.74460	0.8186
30.59150	9.82228	0.8036
30.35811	9.98814	0.7642
30.13470	10.11502	0.7188
30.05187	10.16654	0.7068
29.97913	10.02238	0.7220
30.20415	9.83634	0.7555
30.49656	9.72885	0.7979
30.66296	9.64941	0.8221
30.62805	9.69731	0.8162
30.49067	9.83545	0.8073
30.23957	9.97503	0.7801
30.08624	10.06205	0.7377
30.07517	10.08647	0.7256
30.06322	9.96490	0.7196
30.22006	9.79780	0.7349
30.46340	9.69281	0.7593
30.62489	9.61766	0.7927
30.64556	9.61744	0.8078
30.54667	9.72679	0.8049
30.38175	9.84728	0.7898
30.18909	9.93059	0.7808
30.11984	9.98282	0.7536
30.12762	9.97850	0.7386
30.25570	9.85487	0.7417
30.39758	9.76938	0.7509
30.47996	9.71516	0.7630
30.50614	9.70571	0.7753
30.46583	9.75752	0.7935
30.40604	9.82496	0.7996
30.35439	9.88000	0.7937
30.30253	9.91029	0.7907
30.24570	9.91857	0.7817
30.22366	9.90984	0.7788
30.23675	9.88670	0.7728
30.30449	9.86615	0.7729
30.33855	9.85783	0.7547
30.33225	9.85403	0.7488
30.27156	9.86280	0.7459
30.21793	9.87117	0.7672
30.22395	9.86436	0.7823
30.30579	9.84421	0.7976
30.37695	9.82998	0.8008
30.39647	9.83768	0.7948
30.33071	9.89319	0.7736
30.19653	9.95314	0.7495
30.10648	9.99217	0.7283
30.06598	9.96501	0.7284
30.18082	9.81252	0.7467
30.41982	9.68680	0.7679
30.55859	9.60729	0.7862
30.55920	9.62526	0.7923
30.45187	9.73224	0.7924
30.25821	9.83768	0.7925
30.11399	9.90353	0.8199
29.89074	9.88732	0.9350
29.84542	9.72089	1.1047
29.93251	9.54643	1.2805
29.99327	9.40827	1.5018
30.05777	9.30064	1.7319
30.10695	9.22092	1.9471
30.14082	9.16368	2.1835
30.16315	9.12432	2.4259
30.17681	9.09858	2.6925
30.19058	9.08183	2.9319
30.19985	9.07078	3.1683
30.20641	9.06186	3.4109
30.21180	9.05349	3.6440
30.21438	9.04540	3.8894
30.22158	9.03567	4.1348
30.22638	9.02610	4.3863
30.23517	9.01676	4.6409
30.25436	9.00277	4.8802
30.27333	8.98557	5.1348
30.29017	8.96969	5.3772
30.30204	8.95692	5.6257
30.31123	8.94754	5.8650
30.31883	8.94116	6.1104
30.33015	8.93374	6.3590
30.34723	8.92459	6.5983
30.36194	8.91548	6.8467
30.38215	8.90562	7.0951
30.40609	8.89369	7.3346
30.42966	8.88041	7.5800
30.44739	8.86783	7.8285
30.48285	8.85499	8.0708
30.54030	8.83840	8.3133
30.58585	8.82110	8.5497
30.61539	8.80556	8.7982
30.63536	8.79322	9.0405
30.64964	8.78290	9.2829
30.66120	8.77438	9.5283
30.66813	8.76813	9.7707
30.67421	8.76325	10.0069
30.67484	8.75939	10.2463
30.66133	8.75684	10.4948
30.65781	8.75478	10.7283
30.65955	8.75076	10.9766
30.66181	8.74615	11.2190
30.66904	8.74219	11.4675
30.67441	8.73812	11.7038
30.67667	8.73427	11.9372
30.68157	8.73112	12.1764
30.68418	8.72874	12.4189
30.68670	8.72722	12.6583
30.68819	8.72614	12.8946
30.69024	8.72440	13.1369
30.69406	8.72212	13.3854
30.69988	8.71941	13.6339
30.70805	8.71589	13.8764
30.71976	8.71128	14.1217
30.72711	8.70629	14.3641
30.73798	8.70168	14.6066
30.74695	8.69724	14.8520
30.75647	8.69290	15.1004
30.76609	8.68922	15.3489
30.77495	8.68678	15.5974
30.77714	8.68564	15.8397
30.78766	8.68543	16.0882
30.79440	8.68619	16.3367
30.79488	8.68776	16.5942
30.79700	8.68917	16.8396
30.79753	8.69047	17.0911
30.79828	8.69171	17.3546
30.79845	8.69252	17.6032
30.80229	8.69323	17.8606
30.80670	8.69442	18.1029
30.80779	8.69567	18.3456
30.80823	8.69691	18.6000
30.80904	8.69789	18.8485
30.80880	8.69865	19.0848
30.80933	8.69903	19.3423
30.80913	8.69952	19.5908
30.80865	8.69957	19.8332
30.81040	8.69968	20.0846
30.81263	8.69962	20.3301
30.81979	8.69989	20.5754
30.82010	8.70055	20.8240
30.82483	8.70114	21.0695
30.82535	8.70185	21.3178
30.82588	8.70223	21.5783
30.83594	8.70255	21.8208
30.83880	8.70326	22.0754
30.83939	8.70396	22.3298
30.83876	8.70456	22.5782
30.83968	8.70488	22.8238
30.84118	8.70521	23.0752
30.84580	8.70548	23.3206
30.85503	8.70569	23.5751
30.86854	8.70618	23.8205
30.87278	8.70689	24.0659
30.87314	8.70710	24.3175
30.87477	8.70624	24.5598
30.87780	8.70488	24.8083
30.87968	8.70358	25.0537
30.88280	8.70266	25.2991
30.88508	8.70217	25.5416
30.88679	8.70233	25.7899
30.88659	8.70244	26.0322
30.88854	8.70233	26.2747
30.89021	8.70217	26.5201
30.89103	8.70223	26.7685
30.89121	8.70228	27.0109
30.89138	8.70233	27.2623
30.89205	8.70217	27.5441
30.89259	8.70217	27.8078
30.89300	8.70195	28.0531
30.89280	8.70168	28.3108
30.89286	8.70179	28.5562
30.89287	8.70174	28.8015
30.89285	8.70163	29.0530
30.89252	8.70152	29.2924
30.89255	8.70174	29.5348
30.89179	8.70174	29.7833
30.89187	8.70152	30.0347
30.89241	8.70109	30.2711
30.89274	8.70103	30.5225
30.89202	8.70098	30.7769
30.89170	8.70011	31.0132
30.89193	8.69897	31.2587
30.89221	8.69778	31.5041
30.89180	8.69664	31.7435
30.88989	8.69496	31.9888
30.89145	8.69231	32.2312
30.89188	8.69019	32.4797
30.88450	8.68759	32.7250
30.88538	8.68234	32.9766
30.88702	8.67660	33.2250
30.88365	8.67172	33.4734
30.88646	8.66577	33.7219
30.88760	8.66051	33.9673
30.89145	8.65532	34.2097
30.90769	8.65044	34.4611
30.91378	8.64785	34.6973
30.91840	8.64693	34.9489
30.92018	8.64709	35.1852
30.91988	8.64806	35.4336
30.92145	8.64877	35.6761
30.92605	8.65012	35.9184
30.92583	8.65250	36.1578
30.92733	8.65477	36.4093
30.92505	8.65726	36.6515
30.92404	8.65867	36.9000
30.92294	8.65943	37.1484
30.92087	8.65981	37.3938
30.92103	8.65965	37.6393
30.92183	8.65921	37.8847
30.92092	8.65900	38.1573
30.92252	8.65889	38.4633
30.92292	8.65905	38.7026
30.92346	8.65943	38.9601
30.92321	8.65997	39.2086
30.92268	8.66046	39.4479
30.92496	8.66095	39.6995
30.92474	8.66160	39.9508
30.92425	8.66241	40.1901
30.92400	8.66295	40.4416
30.92379	8.66344	40.6962
30.92256	8.66360	40.9415
30.92319	8.66387	41.2051
30.92339	8.66360	41.4474
30.92394	8.66360	41.6959
30.92392	8.66387	41.9443
30.92334	8.66441	42.1897
30.92323	8.66441	42.4413
30.92345	8.66441	42.6835
30.92311	8.66468	42.9412
30.92359	8.66430	43.1895
30.92468	8.66338	43.4349
30.92538	8.66246	43.6802
30.92551	8.66181	43.9377
30.92555	8.66127	44.1891
30.92540	8.66057	44.4345
30.92533	8.65970	44.6829
30.92785	8.65894	44.9406
30.92771	8.65867	45.1920
30.92799	8.65824	45.4312
30.92840	8.65802	45.6797
30.92871	8.65754	45.9280
30.92884	8.65726	46.1765
30.92954	8.65672	46.4190
30.92995	8.65651	46.6643
30.92951	8.65607	46.9037
30.93013	8.65532	47.1491
30.93059	8.65467	47.3974
30.93137	8.65402	47.6489
30.93165	8.65358	47.8852
30.93211	8.65331	48.1336
30.93270	8.65288	48.3820
30.93336	8.65223	48.6427
30.93358	8.65163	48.8758
30.93375	8.65131	49.1334
30.93477	8.65115	49.3696
30.93467	8.65115	49.6181
30.93526	8.65109	49.8635
30.93502	8.65050	50.1210
30.93587	8.64925	50.3571
30.93712	8.64822	50.6117
30.93684	8.64730	50.8480
30.93735	8.64622	51.1056
30.93795	8.64503	51.3600
30.93706	8.64406	51.6054
30.93729	8.64249	51.8447
30.93817	8.64076	52.0991
30.94157	8.63892	52.3475
30.94301	8.63827	52.5960
30.94776	8.63832	52.8473
30.95134	8.63935	53.0839
30.95027	8.64119	53.3382
30.94596	8.64189	53.5745
30.94648	8.63967	53.8320
30.94827	8.63675	54.0803
30.95053	8.63405	54.3287
30.95185	8.63204	54.5832
30.95348	8.63080	54.8287
30.95951	8.63015	55.0801
30.96439	8.63080	55.3316
30.96468	8.63258	55.5860
30.96378	8.63432	55.8314
30.96352	8.63561	56.0768
30.96457	8.63616	56.3343
30.96311	8.63621	56.5737
30.96096	8.63518	56.8280
30.96044	8.63296	57.0704
30.96320	8.63020	57.3248
30.96647	8.62815	57.5672
30.96668	8.62696	57.8126
30.96640	8.62604	58.0639
30.96397	8.62458	58.3123
30.96514	8.62198	58.5820
30.96599	8.61976	58.8395
30.96730	8.61755	59.0757
30.96386	8.61560	59.3212
30.96201	8.61198	59.5695
30.96287	8.60706	59.8211
30.96708	8.60251	60.0603
30.96934	8.59943	60.3057
30.96977	8.59770	60.5482
30.97089	8.59630	60.7993
30.97125	8.59532	61.0328
30.97171	8.59478	61.2115
30.97156	8.59413	61.3571
30.97203	8.59354	61.4661
30.97235	8.59316	61.5086
30.97287	8.59295	61.5028
30.97343	8.59305	61.5057
30.97252	8.59365	61.4937
30.97276	8.59386	61.4000
30.97311	8.59392	61.2337
30.97469	8.59446	61.0369
30.97402	8.59532	60.8431
30.97260	8.59592	60.6465
30.97240	8.59624	60.4467
30.97285	8.59635	60.2470
30.97299	8.59651	60.0534
30.97274	8.59689	59.8537
30.97292	8.59716	59.6568
30.97240	8.59749	59.4510
30.97239	8.59759	59.2482
30.97357	8.59792	59.0425
30.97576	8.59851	58.8336
30.97644	8.60024	58.6036
30.97639	8.60251	58.3615
30.97540	8.60489	58.1162
30.97539	8.60689	57.8680
30.97491	8.60906	57.6288
30.97555	8.61144	57.3777
30.97502	8.61403	57.1355
30.97358	8.61684	56.8813
30.97308	8.61912	56.6239
30.97242	8.62149	56.3727
30.97177	8.62393	56.1094
30.97064	8.62647	55.8641
30.96941	8.62874	55.6190
30.96757	8.63096	55.3678
30.96622	8.63286	55.1165
30.96490	8.63426	54.8624
30.96163	8.63551	54.6109
30.95896	8.63599	54.3568
30.95683	8.63594	54.1056
30.95563	8.63556	53.8604
30.95485	8.63507	53.6032
30.95454	8.63459	53.3516
30.95316	8.63426	53.1006
30.95430	8.63421	52.8493
30.95510	8.63491	52.6011
30.95407	8.63621	52.3528
30.95220	8.63773	52.1016
30.95010	8.63913	51.8565
30.94765	8.64011	51.6022
30.94530	8.64038	51.3539
30.94526	8.64054	51.1025
30.94350	8.64081	50.8454
30.94351	8.64092	50.6002
30.94269	8.64124	50.3459
30.94195	8.64184	50.0945
30.94178	8.64238	49.8494
30.94140	8.64308	49.5952
30.94061	8.64411	49.3468
30.94038	8.64525	49.0926
30.93959	8.64628	48.8474
30.93856	8.64757	48.5960
30.93768	8.64871	48.3326
30.93620	8.64963	48.0844
30.93512	8.65039	47.8332
30.93461	8.65109	47.5820
30.93448	8.65174	47.3275
30.93383	8.65223	47.0854
30.93361	8.65261	46.8282
30.93334	8.65304	46.5799
30.93317	8.65358	46.3346
30.93284	8.65423	46.0894
30.93173	8.65488	45.8382
30.93122	8.65559	45.5840
30.93080	8.65618	45.3416
30.92997	8.65689	45.1025
30.92923	8.65748	44.8544
30.92951	8.65802	44.6121
30.92861	8.65873	44.3549
30.92789	8.65938	44.1125
30.92790	8.65948	43.8674
30.92726	8.65997	43.6192
30.92732	8.66003	43.3709
30.92751	8.66030	43.1286
30.92654	8.66078	42.8775
30.92636	8.66111	42.6352
30.92619	8.66105	42.3778
30.92545	8.66127	42.1356
30.92512	8.66133	41.8904
30.92499	8.66160	41.6483
30.92472	8.66203	41.4000
30.92402	8.66257	41.1608
30.92350	8.66306	40.9217
30.92305	8.66355	40.6793
30.92259	8.66382	40.4403
30.92245	8.66409	40.2012
30.92176	8.66425	39.9589
30.92182	8.66430	39.7228
30.92164	8.66425	39.4776
30.92157	8.66430	39.2414
30.92105	8.66441	39.0022
30.92111	8.66447	38.7570
30.92131	8.66436	38.5116
30.92161	8.66452	38.2542
30.92115	8.66479	38.0061
30.92135	8.66468	37.7640
30.92085	8.66463	37.5217
30.92084	8.66468	37.2765
30.92017	8.66452	37.0433
30.91995	8.66414	36.7983
30.91988	8.66360	36.5559
30.92013	8.66306	36.3136
30.92028	8.66262	36.0777
30.91889	8.66208	35.8443
30.91829	8.66133	35.5992
30.91968	8.66030	35.3690
30.91895	8.65976	35.1299
30.91836	8.65905	34.8876
30.91837	8.65840	34.6575
30.91713	8.65770	34.4152
30.91664	8.65689	34.1701
30.91476	8.65586	33.9369
30.90999	8.65456	33.6917
30.90913	8.65266	33.4555
30.90813	8.65131	33.2134
30.90734	8.65120	32.9682
30.90739	8.65201	32.7349
30.90649	8.65391	32.4956
30.90503	8.65607	32.2535
30.90522	8.65808	32.0083
30.90492	8.66019	31.7661
30.90448	8.66268	31.5178
30.90410	8.66512	31.2757
30.90442	8.66793	31.0364
30.90356	8.67091	30.7911
30.90274	8.67383	30.5490
30.90314	8.67665	30.3036
30.90131	8.67947	30.0613
30.90162	8.68185	29.8192
30.90211	8.68440	29.5801
30.90153	8.68743	29.3348
30.89843	8.69036	29.0925
30.89874	8.69274	28.8533
30.89756	8.69458	28.6111
30.89653	8.69588	28.3627
30.89602	8.69697	28.1205
30.89593	8.69756	27.8814
30.89612	8.69821	27.6331
30.89570	8.69881	27.3907
30.89510	8.69924	27.1456
30.89520	8.69962	26.9034
30.89501	8.69989	26.6610
30.89424	8.70022	26.4128
30.89331	8.70065	26.1735
30.89230	8.70082	25.9283
30.89175	8.70082	25.6922
30.88998	8.70071	25.4529
30.88720	8.70065	25.2046
30.88685	8.70006	24.9563
30.88583	8.69984	24.7261
30.88398	8.69946	24.4810
30.88367	8.69919	24.2416
30.88302	8.69930	23.9965
30.88163	8.69952	23.7634
30.88131	8.69962	23.5210
30.88029	8.69979	23.2817
30.87852	8.70022	23.0395
30.87749	8.70055	22.7973
30.87586	8.70103	22.5520
30.87307	8.70174	22.3128
30.86766	8.70244	22.0736
30.86136	8.70304	21.8313
30.85526	8.70380	21.5891
30.85054	8.70423	21.3528
30.84565	8.70450	21.0986
30.83996	8.70477	20.8653
30.83615	8.70477	20.6201
30.83401	8.70472	20.3870
30.82862	8.70466	20.1386
30.82616	8.70423	19.9025
30.82422	8.70396	19.6632
30.82087	8.70380	19.4210
30.81842	8.70336	19.1787
30.81921	8.70288	18.9394
30.81624	8.70304	18.6942
30.81271	8.70271	18.4579
30.81100	8.70217	18.2157
30.80943	8.70147	17.9855
30.80628	8.70071	17.7343
30.80607	8.69995	17.4828
30.80661	8.69930	17.2405
30.80382	8.69903	17.0044
30.80313	8.69843	16.7652
30.80143	8.69789	16.5138
30.79874	8.69735	16.2746
30.79587	8.69664	16.0382
30.79407	8.69583	15.8021
30.79073	8.69491	15.5569
30.78865	8.69404	15.3146
30.78827	8.69296	15.0724
30.78618	8.69225	14.8361
30.77981	8.69144	14.5969
30.77736	8.69025	14.3546
30.77244	8.68927	14.1183
30.76757	8.68824	13.8731
30.75971	8.68803	13.6279
30.75250	8.68819	13.3855
30.74631	8.68944	13.1432
30.73848	8.69144	12.9010
30.73137	8.69442	12.6527
30.72285	8.69767	12.4164
30.71729	8.70120	12.1712
30.71159	8.70450	11.9349
30.70720	8.70743	11.6956
30.70323	8.71025	11.4565
30.69949	8.71280	11.2203
30.69651	8.71524	10.9719
30.69478	8.71735	10.7326
30.69277	8.71903	10.4874
30.69094	8.72044	10.2452
30.68970	8.72169	9.9997
30.68938	8.72256	9.7636
30.68817	8.72332	9.5273
30.68758	8.72375	9.2820
30.68749	8.72397	9.0368
30.68746	8.72413	8.7914
30.68672	8.72435	8.5489
30.68570	8.72489	8.3189
30.68543	8.72532	8.0675
30.68432	8.72597	7.8313
30.68282	8.72684	7.5951
30.67865	8.72787	7.3498
30.65393	8.73031	7.1044
30.63051	8.73720	6.8561
30.59530	8.74767	6.6077
30.51233	8.76298	6.3655
30.48904	8.78714	6.1202
30.45957	8.80730	5.8778
30.43048	8.82290	5.6356
30.39943	8.83742	5.3933
30.37690	8.85183	5.1539
30.35776	8.86571	4.9117
30.33818	8.87747	4.6723
30.31755	8.88895	4.4271
30.30180	8.90072	4.1879
30.28562	8.91271	3.9426
30.27223	8.92437	3.7153
30.26384	8.93396	3.4640
30.25740	8.94012	3.2276
30.26056	8.94449	2.9855
30.26787	8.94465	2.7462
30.27705	8.94149	2.5038
30.28189	8.93631	2.2555
30.27835	8.93309	2.0103
30.26921	8.93380	1.7557
30.25801	8.93843	1.5226
30.25089	8.94503	1.2741
30.24441	8.95049	1.0440
30.23633	8.95480	0.8168
30.23094	8.95943	0.5837
30.22824	8.96309	0.3718
30.22973	8.96516	0.1596
30.23014	8.96593	-0.0797
28.38427	8.96565	-0.1099
10.77337	8.96527	-0.1098
5.33038	8.96522	-0.1128
5.24162	8.96669	-0.1188
4.84059	8.96974	-0.1187
3.12763	8.97400	-0.1216
3.45285	8.98093	-0.1155
21.76988	8.98803	-0.1185
28.53190	8.98213	-0.1185
19.80797	8.96740	-0.1213
7.25353	8.95763	-0.1184
5.53751	8.95310	-0.1121
4.61700	8.95185	-0.1152
4.01474	8.95070	-0.1151
3.94254	8.94934	-0.1150
3.83816	8.94743	-0.1120
4.11638	8.94629	-0.1179
4.19919	8.94465	-0.1179
3.34278	8.94291	-0.1179
3.06751	8.94225	-0.1269
2.87912	8.94149	-0.1327
2.73511	8.94089	-0.1268
2.81585	8.94029	-0.1297
2.49839	8.93980	-0.1237
2.24876	8.93963	-0.1235
2.08643	8.93952	-0.1206
1.84488	8.93963	-0.1204
1.84027	8.93931	-0.1233
2.10727	8.93876	-0.1294
2.40256	8.93789	-0.1324
2.61537	8.93723	-0.1232
2.47567	8.93653	-0.1232
2.41451	8.93625	-0.1261
2.29419	8.93554	-0.1291
1.89821	8.93511	-0.1291
1.88902	8.93467	-0.1230
1.86662	8.93576	-0.1258
1.76152	8.94094	-0.1228
1.65068	8.94852	-0.1227
1.53137	8.95605	-0.1257
1.45176	8.96342	-0.1257
1.42259	8.97056	-0.1225
1.39916	8.97897	-0.1255
1.30059	8.98863	-0.1195
1.26100	8.99660	-0.1284
1.29961	9.00490	-0.1285
1.23444	9.01479	-0.1252
1.51116	9.02801	-0.1313
1.65141	9.04004	-0.1222
