Scan Count	Temperature [ITS-90, deg C]	Conductivity [S/m]	Depth [salt water, m]	Oxygen Saturation, Weiss [ml/l]	Salinity, Practical [PSU]
1	14.14786	0.0001111	-0.0325	7.179308	0.00740
2	14.14855	0.0001173	-0.0324	7.179199	0.00741
3	14.14975	0.0001111	-0.0355	7.179011	0.00740
4	14.14636	0.0001111	-0.0264	7.179546	0.00740
5	14.13808	0.0001111	-0.0263	7.180852	0.00739
6	14.13608	0.0001111	-0.0263	7.181169	0.00739
7	14.13213	0.0001019	-0.0294	7.181794	0.00737
8	14.11220	0.0001204	-0.0234	7.184941	0.00740
9	14.08226	0.0001111	-0.0293	7.189676	0.00737
10	14.05473	0.0001111	-0.0295	7.194035	0.00735
11	14.02778	0.0001111	-0.0294	7.198306	0.00734
12	13.99779	0.0001975	-0.0263	7.203053	0.00757
13	13.97363	0.0002005	-0.0234	7.206890	0.00757
14	13.96452	0.0002067	-0.0234	7.208337	0.00759
15	13.97007	0.0002221	-0.0325	7.207452	0.00764
16	13.97981	0.0002160	-0.0294	7.205906	0.00762
17	13.98243	0.0002129	-0.0354	7.205490	0.00761
18	13.97076	0.0002005	-0.0264	7.207346	0.00757
19	13.96265	0.0002067	-0.0294	7.208635	0.00758
20	13.95647	0.0002036	-0.0263	7.209617	0.00757
21	13.95005	0.0002067	-0.0295	7.210638	0.00758
22	13.93907	0.0002129	-0.0294	7.212383	0.00759
23	13.92698	0.0002067	-0.0295	7.214309	0.00757
24	13.91402	0.0002005	-0.0233	7.216374	0.00754
25	13.90374	0.0002129	-0.0264	7.218010	0.00758
26	13.89533	0.0002005	-0.0264	7.219351	0.00753
27	13.88885	0.0002036	-0.0264	7.220383	0.00754
28	13.87977	0.0002005	-0.0263	7.221833	0.00753
29	13.87043	0.0002160	-0.0234	7.223320	0.00757
30	13.86551	0.0002036	-0.0294	7.224106	0.00753
31	13.86950	0.0002067	-0.0234	7.223470	0.00754
32	13.88008	0.0002129	-0.0263	7.221781	0.00757
33	13.89396	0.0002067	-0.0234	7.219569	0.00755
34	13.90673	0.0002067	-0.0295	7.217534	0.00756
35	13.91819	0.0002129	-0.0294	7.215707	0.00758
36	13.92866	0.0002067	-0.0264	7.214041	0.00757
37	13.93820	0.0002005	-0.0233	7.212524	0.00755
38	13.94624	0.0002036	-0.0263	7.211244	0.00757
39	13.95223	0.0002005	-0.0295	7.210292	0.00756
40	13.95710	0.0002036	-0.0293	7.209518	0.00757
41	13.95822	0.0001820	-0.0263	7.209343	0.00750
42	13.95541	0.0001913	-0.0264	7.209788	0.00753
43	13.95198	0.0001882	-0.0324	7.210334	0.00752
44	13.95211	0.0001913	-0.0202	7.210313	0.00753
45	13.94699	0.0001975	-0.0232	7.211126	0.00755
46	13.93839	0.0001913	-0.0293	7.212496	0.00752
47	13.92978	0.0001913	-0.0263	7.213865	0.00752
48	13.92866	0.0001728	-0.0202	7.214046	0.00746
49	13.93477	0.0001728	-0.0324	7.213074	0.00746
50	13.94244	0.0001574	-0.0263	7.211856	0.00742
51	13.95005	0.0001728	-0.0293	7.210643	0.00747
52	13.95591	0.0001728	-0.0233	7.209711	0.00747
53	13.95934	0.0001666	-0.0293	7.209166	0.00746
54	13.96402	0.0001728	-0.0263	7.208421	0.00748
55	13.96895	0.0001728	-0.0201	7.207638	0.00748
56	13.97469	0.0001635	-0.0232	7.206727	0.00745
57	13.97937	0.0001728	-0.0201	7.205982	0.00748
58	13.98168	0.0001574	-0.0262	7.205617	0.00744
59	13.98349	0.0001635	-0.0233	7.205328	0.00746
60	13.98536	0.0001543	-0.0232	7.205032	0.00743
61	13.98599	0.0001420	-0.0232	7.204935	0.00740
62	13.98924	0.0001635	-0.0262	7.204416	0.00746
63	13.99411	0.0001574	-0.0232	7.203644	0.00745
64	13.99810	0.0001543	-0.0232	7.203010	0.00744
65	14.00160	0.0001543	-0.0263	7.202454	0.00744
66	14.00497	0.0001574	-0.0232	7.201919	0.00745
67	14.00835	0.0001543	-0.0262	7.201384	0.00744
68	14.01228	0.0001574	-0.0232	7.200759	0.00745
69	14.01666	0.0001450	-0.0232	7.200066	0.00742
70	14.02009	0.1130315	0.0192	7.167845	0.72235
71	13.81291	2.2289347	0.1828	6.491701	17.50186
72	13.16569	2.3904619	0.3405	6.512740	19.21614
73	12.64698	2.2279070	0.4647	6.634677	18.03507
74	12.34130	2.3158007	0.5284	6.640220	18.96793
75	12.18872	2.3200254	0.5133	6.657580	19.08308
76	12.11241	2.1792836	0.4557	6.720045	17.85667
77	12.07277	2.4142388	0.4164	6.636512	19.99521
78	12.02980	2.3984720	0.4194	6.647752	19.87494
79	11.99315	2.4424416	0.4952	6.635640	20.29444
80	11.96515	2.4440693	0.6164	6.638459	20.32443
81	11.93953	2.4456185	0.7861	6.641017	20.35244
82	11.92024	2.4375511	0.9559	6.646452	20.28927
83	11.91328	2.4380069	1.1347	6.647137	20.29715
84	11.90621	2.4396053	1.2166	6.647400	20.31556
85	11.93959	2.4391210	1.2074	6.643480	20.29302
86	11.99977	2.4317800	1.1832	6.638868	20.19359
87	12.03832	2.4292840	1.0862	6.635077	20.15015
88	12.06187	2.4382589	0.8983	6.628801	20.21910
89	12.07520	2.4399921	0.6862	6.626515	20.22773
90	12.05785	2.4467612	0.5529	6.626085	20.29868
91	12.00911	2.4520315	0.5923	6.630059	20.37310
92	11.95045	2.4531034	0.8226	6.636840	20.41477
93	11.90580	2.4541246	1.0378	6.641931	20.44843
94	11.88493	2.4554729	1.1529	6.643980	20.47214
95	11.89619	2.4505554	1.2075	6.644469	20.42103
96	11.92703	2.4471455	1.2197	6.641978	20.37306
97	11.97040	2.4460521	1.1590	6.637069	20.33950
98	12.00786	2.4524883	1.0196	6.630043	20.37782
99	12.03164	2.4534355	0.8317	6.626775	20.37356
100	12.03146	2.4538415	0.7226	6.626643	20.37739
101	11.99208	2.4552689	0.7196	6.630920	20.41183
102	11.94236	2.4560873	0.8136	6.636699	20.44642
103	11.90686	2.4578988	0.9165	6.640365	20.48236
104	11.88983	2.4581078	1.0106	6.642376	20.49358
105	11.88906	2.4580570	1.0893	6.642490	20.49352
106	11.90509	2.4583616	1.1166	6.640408	20.48750
107	11.92160	2.4587171	1.1439	6.638250	20.48170
108	11.93552	2.4593096	1.1409	6.636319	20.47949
109	11.94844	2.4599191	1.1075	6.634505	20.47798
110	11.96078	2.4616578	1.0226	6.632335	20.48712
111	11.97117	2.4637076	0.9075	6.630286	20.50016
112	11.97684	2.4615560	0.7590	6.630405	20.47747
113	11.96586	2.4580281	0.6924	6.633085	20.45132
114	11.93841	2.4570352	0.7742	6.636824	20.45724
115	11.90768	2.4570355	0.9530	6.640592	20.47401
116	11.88405	2.4590503	1.0864	6.642726	20.50534
117	11.87186	2.4591803	1.1500	6.644174	20.51321
118	11.88087	2.4589488	1.1803	6.643156	20.50614
119	11.91228	2.4589485	1.1651	6.639304	20.48891
120	11.94172	2.4594619	1.0925	6.635502	20.47750
121	11.96680	2.4612004	0.9924	6.631771	20.47966
122	11.98352	2.4612002	0.8560	6.629725	20.47055
123	11.98665	2.4595631	0.7561	6.629960	20.45394
124	11.96592	2.4571591	0.7561	6.633407	20.44334
125	11.93528	2.4562904	0.8410	6.637490	20.45213
126	11.90727	2.4579270	0.9682	6.640304	20.48238
127	11.89165	2.4595131	1.0379	6.641618	20.50542
128	11.89248	2.4593607	1.0895	6.641575	20.50356
129	11.91959	2.4599475	1.1198	6.638028	20.49404
130	11.94673	2.4605626	1.1047	6.634470	20.48480
131	11.96798	2.4610706	1.0592	6.631676	20.47781
132	11.98677	2.4616068	1.0168	6.629175	20.47244
133	12.00124	2.4623237	0.9682	6.627134	20.47107
134	12.01123	2.4636282	0.9198	6.625420	20.47751
135	12.01732	2.4640122	0.8865	6.624531	20.47769
136	12.02022	2.4635264	0.9047	6.624360	20.47167
137	12.01857	2.4630916	0.9471	6.624727	20.46861
138	11.99628	2.4637865	1.0107	6.627188	20.48711
139	11.97844	2.4636850	1.0470	6.629408	20.49594
140	11.97584	2.4622223	1.0623	6.630279	20.48402
141	12.00775	2.4627077	1.0501	6.626195	20.47099
142	12.04205	2.4616571	1.0198	6.622402	20.44270
143	12.06584	2.4606350	0.9653	6.619883	20.42043
144	12.07845	2.4609172	0.9471	6.618238	20.41614
145	12.08621	2.4612502	0.9502	6.617167	20.41494
146	12.09249	2.4616341	1.0017	6.616257	20.41500
147	12.09510	2.4605614	1.0442	6.616343	20.40381
148	12.09676	2.4571355	1.0714	6.617430	20.37176
149	12.10867	2.4538128	1.0684	6.617227	20.33510
150	12.12071	2.4460734	1.0381	6.618667	20.25830
151	12.13417	2.4421366	0.9623	6.618501	20.21533
152	12.15090	2.4377011	0.9078	6.618121	20.16611
153	12.16758	2.4355969	0.8654	6.616872	20.13809
154	12.18136	2.4397550	0.8624	6.613632	20.16838
155	12.19074	2.4527970	0.9260	6.607605	20.28151
156	12.19496	2.4543986	1.0200	6.606493	20.29372
157	12.19645	2.4526391	1.0866	6.606971	20.27695
158	12.19817	2.4383592	1.1079	6.612106	20.14664
159	12.20150	2.4335270	1.1199	6.613509	20.10110
160	12.20786	2.4302887	1.0988	6.613944	20.06839
161	12.21249	2.4229294	1.0200	6.616129	19.99935
162	12.21208	2.4229294	0.9382	6.616179	19.99959
163	12.21172	2.4227610	0.8867	6.616285	19.99827
164	12.21261	2.4241367	0.8746	6.615662	20.01024
165	12.21130	2.4295580	0.9140	6.613794	20.05998
166	12.20994	2.4303167	0.9716	6.613678	20.06757
167	12.21059	2.4251982	1.0353	6.615514	20.02088
168	12.21279	2.4228059	1.0625	6.616140	19.99806
169	12.21868	2.4260013	1.0534	6.614226	20.02383
170	12.21440	2.4293837	1.0171	6.613483	20.05673
171	12.19603	2.4305417	0.9686	6.615292	20.07703
172	12.17548	2.4310758	0.9171	6.617603	20.09288
173	12.16337	2.4323127	0.9080	6.618619	20.11057
174	12.15951	2.4362045	0.9566	6.617632	20.14790
175	12.15951	2.4366546	1.0384	6.617464	20.15196
176	12.16307	2.4344102	1.0839	6.617871	20.12969
177	12.17126	2.4332742	1.1082	6.617296	20.11500
178	12.17946	2.4333978	1.0838	6.616248	20.11174
179	12.16776	2.4354226	1.0234	6.616918	20.13637
180	12.14693	2.4359009	0.9506	6.619283	20.15190
181	12.13316	2.4366885	0.8899	6.620669	20.16646
182	12.12444	2.4370937	0.8779	6.621583	20.17483
183	12.11917	2.4370937	0.9294	6.622229	20.17765
184	12.11899	2.4370937	0.9809	6.622251	20.17773
185	12.12332	2.4373188	1.0325	6.621638	20.17743
186	12.13032	2.4380558	1.0658	6.620506	20.18035
187	12.14105	2.4385903	1.0870	6.618993	20.17942
188	12.14693	2.4408416	1.0628	6.617430	20.19668
189	12.14188	2.4423674	1.0234	6.617473	20.21325
190	12.12172	2.4425196	1.0113	6.619879	20.22550
191	12.10452	2.4429307	0.9962	6.621825	20.23851
192	12.09356	2.4429984	0.9719	6.623139	20.24505
193	12.07928	2.4428972	0.9417	6.624923	20.25185
194	12.06620	2.4432576	0.9114	6.626388	20.26221
195	12.05483	2.4439166	0.8871	6.627530	20.27435
196	12.04939	2.4440912	0.8993	6.628131	20.27888
197	12.05004	2.4427228	0.9630	6.628568	20.26607
198	12.05394	2.4414053	1.0448	6.628588	20.25195
199	12.05868	2.4421654	1.1083	6.627722	20.25629
200	12.06389	2.4456458	1.1570	6.625773	20.28510
201	12.07537	2.4469922	1.1599	6.623861	20.29112
202	12.07727	2.4461527	1.1236	6.623945	20.28248
203	12.05850	2.4470430	1.0388	6.625904	20.30076
204	12.04063	2.4471952	0.9418	6.628032	20.31185
205	12.02803	2.4473982	0.8479	6.629497	20.32056
206	12.01975	2.4469644	0.7872	6.630673	20.32112
207	12.01768	2.4447786	0.7843	6.631753	20.30234
208	12.02040	2.4471165	0.8510	6.630537	20.32213
209	12.01537	2.4499682	0.9480	6.630076	20.35080
210	11.99155	2.4516483	1.0419	6.632358	20.37904
211	11.96781	2.4511919	1.1147	6.635441	20.38779
212	11.95488	2.4484920	1.1511	6.638049	20.37020
213	11.95370	2.4461762	1.1633	6.639072	20.34972
214	11.98027	2.4464802	1.1360	6.635698	20.33805
215	12.00922	2.4468631	1.0845	6.632004	20.32583
216	12.02537	2.4479842	0.9815	6.629603	20.32730
217	12.03282	2.4495114	0.8815	6.628113	20.33719
218	12.03098	2.4503908	0.7967	6.628004	20.34621
219	12.02608	2.4503232	0.7725	6.628630	20.34827
220	12.02359	2.4502217	0.8452	6.628973	20.34867
221	12.00172	2.4540223	0.9634	6.630215	20.39516
222	11.95860	2.4581072	1.0482	6.633948	20.45591
223	11.92620	2.4540229	1.1028	6.639467	20.43633
224	11.91063	2.4513671	1.1300	6.642386	20.42057
225	11.92998	2.4513951	1.1120	6.640002	20.41027
226	11.96728	2.4517500	1.0636	6.635294	20.39318
227	11.99439	2.4522121	1.0090	6.631797	20.38264
228	12.00792	2.4528717	0.9575	6.629890	20.38130
229	12.01082	2.4536387	0.9303	6.629246	20.38671
230	12.00662	2.4540730	0.9302	6.629595	20.39296
231	12.00101	2.4544566	0.9485	6.630137	20.39950
232	11.99663	2.4546822	0.9909	6.630588	20.40393
233	11.99338	2.4546315	1.0212	6.631005	20.40523
234	11.98872	2.4547105	1.0364	6.631547	20.40849
235	11.98115	2.4549926	1.0274	6.632365	20.41519
236	11.97324	2.4550942	0.9909	6.633296	20.42044
237	11.96680	2.4554214	0.9606	6.633960	20.42695
238	11.96131	2.4558051	0.9273	6.634486	20.43346
239	11.95765	2.4561662	0.9273	6.634798	20.43875
240	11.95494	2.4563693	0.9669	6.635054	20.44208
241	11.95110	2.4564427	1.0214	6.635497	20.44483
242	11.94815	2.4567023	1.0790	6.635760	20.44879
243	11.95051	2.4559857	1.0912	6.635743	20.44096
244	11.95293	2.4557826	1.0790	6.635523	20.43779
245	11.94703	2.4560647	1.0305	6.636139	20.44360
246	11.94012	2.4562171	0.9670	6.636926	20.44878
247	11.93505	2.4566233	0.9064	6.637393	20.45528
248	11.93251	2.4569562	0.8822	6.637578	20.45972
249	11.93068	2.4566008	0.8943	6.637937	20.45747
250	11.93198	2.4565500	0.9397	6.637798	20.45628
251	11.93552	2.4575205	1.0065	6.636996	20.46319
252	11.94360	2.4575205	1.0520	6.636006	20.45875
253	11.95476	2.4573398	1.0822	6.634709	20.45100
254	11.95364	2.4568771	1.0944	6.635022	20.44739
255	11.94290	2.4571086	1.0672	6.636250	20.45538
256	11.93245	2.4574415	1.0369	6.637403	20.46414
257	11.92549	2.4576730	1.0006	6.638167	20.47007
258	11.92166	2.4578479	0.9612	6.638570	20.47378
259	11.91824	2.4581301	0.9309	6.638882	20.47824
260	11.91612	2.4584123	0.9067	6.639035	20.48198
261	11.91311	2.4585421	0.8916	6.639354	20.48482
262	11.91134	2.4587453	0.8977	6.639494	20.48764
263	11.91040	2.4591517	0.9401	6.639455	20.49186
264	11.90987	2.4593605	1.0158	6.639442	20.49404
265	11.90886	2.4590276	1.0977	6.639692	20.49153
266	11.91181	2.4601000	1.1372	6.638924	20.49970
267	11.92325	2.4598177	1.1372	6.637629	20.49085
268	11.91989	2.4597669	1.1008	6.638060	20.49224
269	11.90874	2.4599984	1.0372	6.639337	20.50048
270	11.89973	2.4601226	0.9432	6.640395	20.50659
271	11.89424	2.4604049	0.8645	6.640958	20.51220
272	11.89136	2.4601791	0.8312	6.641398	20.51173
273	11.88994	2.4585649	0.8585	6.642186	20.49774
274	11.89041	2.4595131	0.9131	6.641768	20.50613
275	11.89242	2.4598969	0.9919	6.641377	20.50852
276	11.89566	2.4599985	1.0555	6.640942	20.50765
277	11.90102	2.4606138	1.1041	6.640051	20.51032
278	11.91494	2.4603032	1.1284	6.638464	20.49984
279	11.91883	2.4604330	1.1163	6.637937	20.49890
280	11.91211	2.4610202	1.0860	6.638538	20.50796
281	11.89861	2.4612010	1.0466	6.640123	20.51703
282	11.88823	2.4611728	0.9862	6.641405	20.52248
283	11.88140	2.4611220	0.9315	6.642262	20.52579
284	11.87763	2.4610487	0.8801	6.642751	20.52720
285	11.87474	2.4608906	0.8498	6.643165	20.52735
286	11.87333	2.4607382	0.8650	6.643397	20.52673
287	11.87392	2.4607382	0.9165	6.643325	20.52639
288	11.87569	2.4608906	1.0014	6.643051	20.52679
289	11.87928	2.4610713	1.0711	6.642543	20.52645
290	11.88222	2.4607382	1.1106	6.642309	20.52177
291	11.88482	2.4605857	1.1318	6.642049	20.51895
292	11.89472	2.4598687	1.1348	6.641108	20.50696
293	11.89454	2.4593325	1.0985	6.641333	20.50217
294	11.88729	2.4591519	1.0471	6.642290	20.50451
295	11.88228	2.4592817	0.9895	6.642854	20.50846
296	11.87987	2.4588979	0.9197	6.643296	20.50629
297	11.87946	2.4589262	0.8774	6.643335	20.50679
298	11.87940	2.4590503	0.8743	6.643295	20.50796
299	11.87845	2.4590786	0.9167	6.643400	20.50872
300	11.87851	2.4597672	0.9835	6.643132	20.51497
301	11.87946	2.4597672	1.0441	6.643017	20.51443
302	11.88169	2.4588754	1.0684	6.643082	20.50504
303	11.89106	2.4583109	1.0835	6.642148	20.49474
304	11.89525	2.4578256	1.0715	6.641819	20.48801
305	11.88965	2.4577748	1.0351	6.642524	20.49063
306	11.88270	2.4581078	0.9928	6.643250	20.49750
307	11.87745	2.4583110	0.9867	6.643816	20.50223
308	11.87427	2.4584634	0.9899	6.644149	20.50537
309	11.87186	2.4583619	1.0020	6.644484	20.50576
310	11.87044	2.4585933	1.0110	6.644569	20.50865
311	11.87262	2.4586441	1.0294	6.644283	20.50792
312	11.87362	2.4585425	1.0385	6.644199	20.50644
313	11.87162	2.4584917	1.0445	6.644464	20.50707
314	11.86944	2.4585143	1.0506	6.644723	20.50847
315	11.86709	2.4584917	1.0354	6.645020	20.50956
316	11.86550	2.4584917	1.0112	6.645215	20.51044
317	11.86379	2.4586441	0.9810	6.645366	20.51278
318	11.86285	2.4587683	0.9720	6.645435	20.51444
319	11.86314	2.4587457	0.9659	6.645407	20.51407
320	11.86361	2.4587683	0.9780	6.645341	20.51401
321	11.86402	2.4589263	1.0054	6.645230	20.51523
322	11.86455	2.4588473	1.0265	6.645196	20.51421
323	11.86538	2.4585425	1.0448	6.645211	20.51096
324	11.86461	2.4583111	1.0509	6.645393	20.50926
325	11.86385	2.4582321	1.0570	6.645517	20.50896
326	11.86232	2.4582604	1.0510	6.645694	20.51006
327	11.86173	2.4582829	1.0540	6.645758	20.51059
328	11.86232	2.4582322	1.0540	6.645705	20.50980
329	11.86285	2.4581080	1.0420	6.645687	20.50838
330	11.86249	2.4579782	1.0298	6.645780	20.50739
331	11.86143	2.4577976	0.9935	6.645978	20.50633
332	11.86114	2.4577242	0.9542	6.646042	20.50583
333	11.86102	2.4578484	0.9390	6.646009	20.50703
334	11.86032	2.4580064	0.9482	6.646035	20.50886
335	11.86055	2.4580798	0.9754	6.645979	20.50940
336	11.86049	2.4582096	1.0391	6.645937	20.51060
337	11.85996	2.4575719	1.0786	6.646246	20.50505
338	11.86185	2.4581588	1.1028	6.645791	20.50937
339	11.86985	2.4578258	1.0968	6.644935	20.50193
340	11.86909	2.4574138	1.0726	6.645185	20.49859
341	11.86461	2.4573631	1.0423	6.645754	20.50059
342	11.86108	2.4574929	0.9848	6.646138	20.50373
343	11.85896	2.4576227	0.9393	6.646348	20.50610
344	11.85802	2.4577976	0.9213	6.646397	20.50822
345	11.85861	2.4578484	0.9394	6.646305	20.50836
346	11.85814	2.4580064	0.9698	6.646303	20.51005
347	11.85772	2.4576227	1.0214	6.646501	20.50675
348	11.86120	2.4582096	1.0607	6.645851	20.51021
349	11.86915	2.4581305	1.0850	6.644905	20.50511
350	11.86932	2.4580289	1.0910	6.644922	20.50408
351	11.86408	2.4583619	1.0880	6.645439	20.51001
352	11.85961	2.4585934	1.0638	6.645900	20.51459
353	11.85584	2.4587684	1.0336	6.646296	20.51827
354	11.85302	2.4590280	0.9881	6.646543	20.52221
355	11.85148	2.4593610	0.9608	6.646604	20.52610
356	11.85184	2.4595868	0.9488	6.646474	20.52798
357	11.85143	2.4595642	0.9640	6.646534	20.52799
358	11.85084	2.4591804	0.9822	6.646752	20.52480
359	11.85107	2.4602021	1.0126	6.646334	20.53401
360	11.85561	2.4604843	1.0308	6.645671	20.53410
361	11.85896	2.4603036	1.0551	6.645328	20.53059
362	11.85737	2.4602020	1.0794	6.645562	20.53053
363	11.85549	2.4602021	1.0673	6.645793	20.53157
364	11.85237	2.4602811	1.0491	6.646146	20.53401
365	11.84907	2.4604336	1.0340	6.646492	20.53723
366	11.84666	2.4604053	1.0248	6.646799	20.53830
367	11.84542	2.4605634	1.0129	6.646890	20.54043
368	11.84578	2.4609417	1.0038	6.646703	20.54370
369	11.84589	2.4610715	0.9977	6.646639	20.54482
370	11.84442	2.4609981	1.0098	6.646848	20.54496
371	11.84330	2.4609417	1.0191	6.647006	20.54505
372	11.84283	2.4609191	1.0161	6.647073	20.54511
373	11.84224	2.4608909	1.0161	6.647156	20.54517
374	11.84089	2.4609699	1.0313	6.647292	20.54664
375	11.83977	2.4607893	1.0434	6.647498	20.54559
376	11.83818	2.4612240	1.0434	6.647528	20.55045
377	11.83736	2.4613031	1.0404	6.647599	20.55163
378	11.83736	2.4610998	1.0314	6.647676	20.54977
379	11.83612	2.4608175	1.0162	6.647935	20.54787
380	11.83554	2.4605070	1.0192	6.648126	20.54535
381	11.83642	2.4604337	1.0164	6.648046	20.54419
382	11.83724	2.4603546	1.0345	6.647975	20.54301
383	11.83765	2.4602022	1.0316	6.647982	20.54139
384	11.83736	2.4599199	1.0164	6.648126	20.53897
385	11.83671	2.4597675	1.0013	6.648263	20.53793
386	11.83607	2.4594627	1.0044	6.648459	20.53550
387	11.83565	2.4591523	1.0135	6.648628	20.53288
388	11.83618	2.4593611	1.0165	6.648484	20.53450
389	11.83771	2.4592821	1.0257	6.648326	20.53293
390	11.83871	2.4590281	1.0347	6.648300	20.53006
391	11.83960	2.4587967	1.0409	6.648280	20.52745
392	11.84118	2.4586443	1.0531	6.648143	20.52518
393	11.84307	2.4584411	1.0501	6.647989	20.52229
394	11.84377	2.4583113	1.0349	6.647952	20.52071
395	11.84236	2.4583339	1.0227	6.648116	20.52170
396	11.84095	2.4581307	1.0047	6.648367	20.52062
397	11.84042	2.4579558	0.9835	6.648499	20.51932
398	11.84124	2.4579276	0.9805	6.648408	20.51861
399	11.84130	2.4577470	0.9957	6.648470	20.51692
400	11.84089	2.4574931	1.0169	6.648618	20.51481
401	11.84154	2.4574931	1.0291	6.648538	20.51445
402	11.84183	2.4573633	1.0231	6.648552	20.51311
403	11.84189	2.4570868	1.0201	6.648650	20.51054
404	11.84171	2.4568780	1.0141	6.648751	20.50873
405	11.84160	2.4567257	1.0049	6.648823	20.50741
406	11.84124	2.4566241	1.0111	6.648906	20.50667
407	11.84213	2.4565508	1.0233	6.648825	20.50551
408	11.84230	2.4564718	1.0384	6.648834	20.50468
409	11.84177	2.4563928	1.0625	6.648929	20.50425
410	11.84213	2.4566523	1.0747	6.648787	20.50642
411	11.84295	2.4566015	1.0749	6.648705	20.50551
412	11.84277	2.4564436	1.0568	6.648787	20.50416
413	11.84224	2.4562912	1.0356	6.648910	20.50307
414	11.84171	2.4561897	1.0114	6.649013	20.50243
415	11.84142	2.4562404	0.9689	6.649030	20.50307
416	11.84166	2.4563928	0.9447	6.648942	20.50434
417	11.84124	2.4565000	0.9296	6.648952	20.50555
418	11.84154	2.4565733	0.9417	6.648888	20.50606
419	11.84195	2.4564210	0.9781	6.648896	20.50443
420	11.84195	2.4560148	1.0207	6.649051	20.50070
421	11.84183	2.4563195	1.0843	6.648950	20.50354
422	11.84313	2.4566749	1.1208	6.648656	20.50607
423	11.84578	2.4567031	1.1298	6.648320	20.50487
424	11.84507	2.4566015	1.1117	6.648445	20.50433
425	11.84307	2.4566015	1.0753	6.648691	20.50544
426	11.84154	2.4566749	1.0238	6.648850	20.50697
427	11.84042	2.4567764	0.9785	6.648948	20.50852
428	11.84018	2.4568554	0.9451	6.648947	20.50939
429	11.84036	2.4569288	0.9421	6.648897	20.50996
430	11.84042	2.4567539	0.9603	6.648957	20.50832
431	11.84124	2.4568272	0.9877	6.648828	20.50853
432	11.84401	2.4571658	1.0029	6.648359	20.51011
433	11.84695	2.4572617	1.0179	6.647961	20.50937
434	11.84707	2.4573124	1.0513	6.647928	20.50976
435	11.84536	2.4574140	1.0575	6.648099	20.51162
436	11.84313	2.4574931	1.0635	6.648344	20.51357
437	11.84130	2.4574931	1.0606	6.648568	20.51458
438	11.83989	2.4575721	1.0484	6.648711	20.51608
439	11.83871	2.4575721	1.0546	6.648856	20.51672
440	11.83854	2.4575947	1.0637	6.648869	20.51702
441	11.83895	2.4576737	1.0728	6.648788	20.51752
442	11.83883	2.4578768	1.0699	6.648725	20.51944
443	11.83771	2.4581082	1.0303	6.648774	20.52219
444	11.83565	2.4582323	0.9638	6.648979	20.52447
445	11.83436	2.4583621	0.9033	6.649087	20.52639
446	11.83377	2.4576737	0.8761	6.649422	20.52042
447	11.83365	2.4577245	0.9125	6.649418	20.52094
448	11.83383	2.4584920	0.9973	6.649104	20.52784
449	11.83336	2.4586670	1.0912	6.649096	20.52968
450	11.83301	2.4583622	1.1519	6.649257	20.52707
451	11.83330	2.4579277	1.1610	6.649386	20.52292
452	11.83536	2.4580574	1.1369	6.649084	20.52299
453	11.83771	2.4582324	1.0732	6.648727	20.52331
454	11.83918	2.4585145	0.9914	6.648438	20.52511
455	11.83960	2.4587459	0.9218	6.648298	20.52702
456	11.83918	2.4586669	0.9007	6.648378	20.52653
457	11.83907	2.4585145	0.9249	6.648451	20.52519
458	11.83936	2.4586161	0.9703	6.648377	20.52595
459	11.83971	2.4585935	1.0159	6.648343	20.52553
460	11.84054	2.4589773	1.0522	6.648096	20.52858
461	11.84230	2.4591523	1.0705	6.647812	20.52921
462	11.84260	2.4591523	1.0645	6.647776	20.52905
463	11.84095	2.4591297	1.0464	6.647987	20.52975
464	11.83854	2.4590789	1.0432	6.648302	20.53062
465	11.83642	2.4590507	1.0434	6.648573	20.53152
466	11.83459	2.4589774	1.0464	6.648826	20.53185
467	11.83342	2.4590507	1.0374	6.648942	20.53317
468	11.83348	2.4590790	1.0372	6.648924	20.53340
469	11.83395	2.4589773	1.0222	6.648905	20.53222
470	11.83336	2.4587685	1.0162	6.649057	20.53063
471	11.83295	2.4586161	1.0132	6.649165	20.52946
472	11.83277	2.4585936	1.0162	6.649196	20.52935
473	11.83248	2.4584638	1.0224	6.649281	20.52832
474	11.83230	2.4584412	1.0224	6.649312	20.52821
475	11.83289	2.4585146	1.0164	6.649211	20.52856
476	11.83336	2.4583340	1.0044	6.649222	20.52665
477	11.83301	2.4581816	0.9770	6.649323	20.52546
478	11.83324	2.4581590	0.9771	6.649303	20.52512
479	11.83348	2.4581816	0.9894	6.649266	20.52520
480	11.83371	2.4582324	1.0470	6.649218	20.52552
481	11.83383	2.4583114	1.1136	6.649174	20.52616
482	11.83477	2.4579277	1.1500	6.649205	20.52212
483	11.83718	2.4579559	1.1560	6.648898	20.52105
484	11.83789	2.4578260	1.1168	6.648861	20.51948
485	11.83654	2.4576737	1.0440	6.649084	20.51885
486	11.83512	2.4576962	0.9683	6.649248	20.51986
487	11.83418	2.4577752	0.8773	6.649333	20.52112
488	11.83371	2.4579784	0.8349	6.649313	20.52325
489	11.83354	2.4583339	0.8623	6.649199	20.52660
490	11.83295	2.4585145	0.9442	6.649203	20.52855
491	11.82942	2.4594120	1.0413	6.649296	20.53868
492	11.82601	2.4592822	1.1230	6.649765	20.53935
493	11.82430	2.4582099	1.1716	6.650385	20.53045
494	11.82318	2.4578262	1.1928	6.650669	20.52755
495	11.82542	2.4578769	1.1777	6.650375	20.52679
496	11.82883	2.4578261	1.1202	6.649974	20.52446
497	11.83154	2.4578486	1.0292	6.649632	20.52321
498	11.83365	2.4578768	0.9353	6.649360	20.52233
499	11.83483	2.4580574	0.8566	6.649145	20.52335
500	11.83512	2.4586669	0.8506	6.648877	20.52877
501	11.83536	2.4584411	0.8991	6.648934	20.52656
502	11.83418	2.4582606	0.9779	6.649149	20.52554
503	11.82989	2.4584638	1.0749	6.649600	20.52973
504	11.82642	2.4585429	1.1295	6.649997	20.53235
505	11.82453	2.4582325	1.1599	6.650347	20.53053
506	11.82336	2.4580801	1.1690	6.650550	20.52978
507	11.82553	2.4580801	1.1356	6.650282	20.52859
508	11.82883	2.4581308	1.0751	6.649857	20.52726
509	11.83136	2.4581308	1.0054	6.649546	20.52589
510	11.83330	2.4581308	0.9266	6.649306	20.52485
511	11.83459	2.4583621	0.9145	6.649059	20.52626
512	11.83524	2.4584920	0.9571	6.648930	20.52708
513	11.83536	2.4584412	0.9964	6.648936	20.52654
514	11.83536	2.4584130	1.0298	6.648947	20.52627
515	11.83583	2.4583114	1.0572	6.648928	20.52507
516	11.83636	2.4583114	1.0784	6.648863	20.52478
517	11.83777	2.4583114	1.0754	6.648690	20.52400
518	11.83865	2.4583621	1.0694	6.648562	20.52398
519	11.83877	2.4583847	1.0633	6.648539	20.52413
520	11.83877	2.4583113	1.0420	6.648566	20.52346
521	11.83848	2.4583847	1.0269	6.648574	20.52430
522	11.83789	2.4585145	1.0300	6.648597	20.52581
523	11.83736	2.4585145	1.0786	6.648663	20.52609
524	11.83689	2.4585146	1.1574	6.648721	20.52632
525	11.83671	2.4585654	1.2544	6.648725	20.52686
526	11.83518	2.4584130	1.3696	6.648972	20.52627
527	11.83336	2.4581817	1.4727	6.649286	20.52513
528	11.83177	2.4576964	1.5939	6.649668	20.52153
529	11.83048	2.4571096	1.7485	6.650052	20.51682
530	11.82918	2.4564721	1.8940	6.650456	20.51166
531	11.82777	2.4562408	2.0426	6.650720	20.51027
532	11.82783	2.4556823	2.2033	6.650928	20.50508
533	11.83048	2.4547121	2.3305	6.650974	20.49471
534	11.83348	2.4550167	2.4942	6.650491	20.49581
535	11.83489	2.4553495	2.6761	6.650192	20.49803
536	11.83512	2.4556542	2.8671	6.650049	20.50064
537	11.83371	2.4559363	3.0550	6.650117	20.50394
538	11.83042	2.4574937	3.2489	6.649930	20.51995
539	11.82418	2.4628622	3.4430	6.648650	20.57249
540	11.80942	2.4727690	3.6371	6.646682	20.67137
541	11.78814	2.4846271	3.8189	6.644762	20.79191
542	11.76464	2.4940261	4.0068	6.644046	20.89130
543	11.73658	2.5059147	4.1978	6.642927	21.01632
544	11.69928	2.5242923	4.4009	6.640435	21.20663
545	11.61712	2.5573841	4.6343	6.637715	21.55938
546	11.47508	2.6095508	4.8646	6.634770	22.12709
547	11.32278	2.6472109	5.0769	6.638511	22.57062
548	11.15787	2.6780385	5.2859	6.646313	22.96179
549	11.01209	2.6969490	5.4769	6.656428	23.23170
550	10.88930	2.7095754	5.6588	6.666234	23.42933
551	10.80049	2.7168446	5.8467	6.674066	23.55529
552	10.73930	2.7244018	6.0286	6.678435	23.66675
553	10.69522	2.7295282	6.2013	6.681707	23.74422
554	10.65911	2.7362299	6.3863	6.683372	23.83178
555	10.62913	2.7440413	6.5862	6.683840	23.92615
556	10.59508	2.7500743	6.7863	6.685517	24.00630
557	10.54837	2.7607127	7.0198	6.686845	24.13923
558	10.44958	2.7815449	7.2349	6.690288	24.40563
559	10.30814	2.7997136	7.4592	6.699921	24.67667
560	10.16813	2.8214013	7.6624	6.707876	24.98318
561	10.04304	2.8357180	7.8745	6.717037	25.20952
562	9.94034	2.8392084	8.0715	6.728006	25.31533
563	9.88024	2.8336636	8.2685	6.737631	25.30282
564	9.85165	2.8342581	8.4535	6.740857	25.32864
565	9.83971	2.8120436	8.6323	6.751690	25.11834
566	9.82849	2.8015819	8.8172	6.757483	25.02316
567	9.81505	2.7840300	8.9930	6.766553	24.85982
568	9.80239	2.7990267	9.1748	6.761763	25.01599
569	9.79163	2.8259683	9.3688	6.751679	25.28873
570	9.78104	2.8543038	9.5749	6.740976	25.57561
571	9.70845	2.8774664	9.7842	6.739951	25.85631
572	9.49055	2.9275903	10.0083	6.744864	26.51329
573	9.23808	2.9741703	10.2205	6.755131	27.16968
574	9.00089	3.0074059	10.4387	6.769102	27.68831
575	8.77207	3.0261652	10.6419	6.788318	28.05903
576	8.57833	3.0377449	10.8481	6.806487	28.33210
577	8.43842	3.0429373	11.0450	6.821047	28.49818
578	8.35097	3.0409432	11.2208	6.832546	28.54820
579	8.31225	2.9988519	11.3966	6.856461	28.14302
580	8.30399	3.0118308	11.5906	6.851547	28.28409
581	8.29015	3.0279485	11.7633	6.845873	28.46240
582	8.27878	3.0555616	11.9695	6.834637	28.75844
583	8.25160	3.0703772	12.1755	6.831153	28.93481
584	8.19885	3.0735500	12.3968	6.836078	29.01126
585	8.14275	3.0719766	12.6179	6.843592	29.04111
586	8.08950	3.0731163	12.8180	6.849521	29.09705
587	8.04555	3.0767802	13.0153	6.853159	29.17185
588	8.00367	3.0732888	13.2061	6.859862	29.17004
589	7.96912	3.0761806	13.3820	6.862720	29.22913
590	7.94093	3.0807100	13.5668	6.864042	29.30021
591	7.90829	3.0853892	13.7577	6.865830	29.37672
592	7.88312	3.0866777	13.9426	6.868290	29.41138
593	7.85918	3.0914278	14.1365	6.868983	29.48152
594	7.83515	3.0921034	14.3366	6.871589	29.50885
595	7.81039	3.0899615	14.5518	6.875604	29.50708
596	7.78887	3.0900231	14.7579	6.878195	29.52583
597	7.77150	3.0901952	14.9610	6.880232	29.54227
598	7.75377	3.0935656	15.1731	6.880811	29.59284
599	7.74308	3.0952484	15.3612	6.881324	29.61963
600	7.73667	3.0933694	15.5337	6.882990	29.60511
601	7.73794	3.0852443	15.7006	6.886659	29.51802
602	7.75631	3.0819939	15.8611	6.885951	29.46806
603	7.76446	3.0820552	16.0370	6.884932	29.46175
604	7.76382	3.1013367	16.2220	6.875960	29.66602
605	7.75922	3.1130470	16.4159	6.871025	29.79374
606	7.74287	3.1086539	16.6158	6.875074	29.76112
607	7.72229	3.1049027	16.8372	6.879340	29.73887
608	7.71118	3.1030770	17.0615	6.881553	29.72891
609	7.70664	3.1018109	17.2918	6.882706	29.71928
610	7.69675	3.1016635	17.5130	6.883981	29.72605
611	7.67757	3.1029914	17.7130	6.885692	29.75642
612	7.65122	3.1064411	17.9222	6.887273	29.81546
613	7.62404	3.1108704	18.1039	6.888489	29.88571
614	7.60584	3.1154867	18.2677	6.888520	29.95034
615	7.59477	3.1193972	18.4497	6.888017	30.00138
616	7.59113	3.1224530	18.6193	6.887015	30.03695
617	7.59245	3.1261077	18.7981	6.885128	30.07462
618	7.59271	3.1267613	18.9678	6.884790	30.08127
619	7.58897	3.1238766	19.1436	6.886613	30.05374
620	7.57711	3.1232544	19.3317	6.888351	30.05728
621	7.54756	3.1197060	19.5255	6.893628	30.04496
622	7.49651	3.1208832	19.7286	6.899281	30.10161
623	7.43230	3.1224550	19.9286	6.906353	30.17407
624	7.37033	3.1261659	20.1317	6.912133	30.26769
625	7.31616	3.1278927	20.3227	6.917915	30.33350
626	7.27330	3.1302119	20.5166	6.922033	30.39591
627	7.24078	3.1314336	20.7015	6.925418	30.43756
628	7.20818	3.1357222	20.8835	6.927331	30.51235
629	7.19705	3.1362346	21.0744	6.928445	30.52761
630	7.17409	3.1370373	21.2562	6.930865	30.55648
631	7.13821	3.1362662	21.4471	6.935628	30.57984
632	7.09658	3.1361617	21.6349	6.940776	30.61555
633	7.05613	3.1360882	21.8260	6.945768	30.65060
634	7.02472	3.1377860	22.0108	6.948792	30.69684
635	6.99650	3.1378172	22.1988	6.952240	30.72225
636	6.96773	3.1396574	22.3836	6.954872	30.76780
637	6.94074	3.1414918	22.5594	6.957288	30.81177
638	6.92502	3.1462798	22.7232	6.956870	30.87776
639	6.93021	3.1515836	22.8867	6.953636	30.93062
640	6.93586	3.1556349	23.0473	6.950961	30.96946
641	6.93436	3.1566743	23.2263	6.950639	30.98202
642	6.92595	3.1504709	23.4021	6.954714	30.92212
643	6.90667	3.1477450	23.5748	6.958419	30.90977
644	6.87226	3.1452920	23.7446	6.963850	30.91397
645	6.82050	3.1441743	23.9173	6.970763	30.94834
646	6.78497	3.1421794	24.0809	6.976122	30.95857
647	6.74819	3.1427172	24.2447	6.980389	30.99757
648	6.72640	3.1471476	24.4113	6.980879	31.06559
649	6.73213	3.1532002	24.5598	6.977176	31.12643
650	6.74044	3.1546476	24.7237	6.975441	31.13462
651	6.73564	3.1532003	24.8902	6.976751	31.12309
652	6.71871	3.1504735	25.0508	6.980189	31.10860
653	6.68451	3.1461595	25.2266	6.986547	31.09240
654	6.64627	3.1332116	25.4267	6.997718	30.98534
655	6.58085	3.1199455	25.6298	7.012457	30.89916
656	6.52210	3.1326022	25.8086	7.013415	31.09117
657	6.49864	3.1329048	25.9662	7.016178	31.11578
658	6.46539	3.1445245	26.1117	7.014464	31.27388
659	6.43888	3.1516144	26.2390	7.014180	31.37622
660	6.45641	3.1554304	26.3784	7.010093	31.40207
661	6.64514	3.1548532	26.5027	6.987099	31.22277
662	6.92041	3.1550051	26.6481	6.953236	30.97488
663	7.09965	3.1529931	26.7967	6.932324	30.79230
664	7.18547	3.1499623	26.9513	6.923338	30.68311
665	7.22385	3.1483423	27.1060	6.919450	30.63154
666	7.18317	3.1513969	27.2606	6.922930	30.70047
667	7.13310	3.1535990	27.4242	6.927965	30.76872
668	7.10178	3.1571628	27.5757	6.930053	30.83510
669	7.08569	3.1617060	27.7243	6.929808	30.89855
670	7.07861	3.1634832	27.8758	6.929809	30.92405
671	7.05743	3.1655334	28.0214	6.931393	30.96518
672	7.03272	3.1653789	28.1699	6.934480	30.98565
673	7.01993	3.1648092	28.3062	6.936318	30.99092
674	7.05738	3.1651681	28.4608	6.931586	30.96107
675	7.12851	3.1664992	28.6093	6.922290	30.91160
676	7.18578	3.1684254	28.7638	6.914407	30.88108
677	7.20917	3.1681836	28.9306	6.911691	30.85750
678	7.21392	3.1663312	29.0913	6.912012	30.83322
679	7.24224	3.1677001	29.2549	6.907922	30.82264
680	7.27612	3.1692736	29.4064	6.903064	30.80932
681	7.29679	3.1704509	29.5642	6.900000	30.80351
682	7.29747	3.1710831	29.7248	6.899617	30.80963
683	7.27099	3.1722922	29.8885	6.902241	30.84615
684	7.23508	3.1739479	30.0491	6.905793	30.89597
685	7.20886	3.1743760	30.2128	6.908765	30.92396
686	7.18364	3.1757964	30.3735	6.911136	30.96179
687	7.16084	3.1772852	30.5311	6.913181	30.99824
688	7.14519	3.1772854	30.6947	6.915080	31.01222
689	7.12684	3.1739555	30.8553	6.918922	30.99264
690	7.08918	3.1735033	31.0281	6.923717	31.02152
691	7.04089	3.1732311	31.2071	6.929721	31.06198
692	6.97801	3.1721159	31.3767	6.937921	31.10656
693	6.89827	3.1674627	31.5555	6.949928	31.12804
694	6.80731	3.1590917	31.7343	6.965183	31.11921
695	6.71721	3.1467915	31.9223	6.982345	31.06655
696	6.62068	3.1405469	32.1071	6.997366	31.08575
697	6.53977	3.1370163	32.2890	7.009148	31.12053
698	6.47344	3.1340361	32.4678	7.018876	31.14816
699	6.42171	3.1335307	32.6497	7.025563	31.18976
700	6.37777	3.1297560	32.8195	7.032941	31.18828
701	6.33915	3.1301388	33.0163	7.037564	31.22778
702	6.30562	3.1253793	33.1984	7.044166	31.20588
703	6.27278	3.1262427	33.3771	7.047834	31.24547
704	6.24848	3.1227052	33.5771	7.052676	31.22855
705	6.22328	3.1188491	33.7772	7.057801	31.20892
706	6.19983	3.1147915	33.9955	7.062817	31.18541
707	6.18159	3.1129390	34.2014	7.066058	31.18153
708	6.16616	3.1122807	34.4077	7.068338	31.18830
709	6.15037	3.1109518	34.6168	7.071007	31.18796
710	6.13500	3.1114442	34.8108	7.072691	31.20746
711	6.12243	3.1111860	35.0198	7.074409	31.21605
712	6.11043	3.1114815	35.2078	7.075771	31.23028
713	6.09965	3.1124725	35.4018	7.076623	31.25112
714	6.09075	3.1124911	35.5986	7.077738	31.25943
715	6.08267	3.1116912	35.8048	7.079170	31.25789
716	6.07657	3.1108852	36.0170	7.080357	31.25446
717	6.07098	3.1107131	36.2323	7.081155	31.25759
718	6.06626	3.1089413	36.4504	7.082666	31.24215
719	6.06199	3.1080495	36.6778	7.083668	31.23606
720	6.05940	3.1059032	36.8990	7.085104	31.21448
721	6.05625	3.1053683	37.1233	7.085782	31.21133
722	6.05021	3.1045261	37.3475	7.086983	31.20742
723	6.03929	3.1029524	37.5688	7.089177	31.19986
724	6.02716	3.1027743	37.7840	7.090806	31.20895
725	6.01685	3.1028175	38.0053	7.092089	31.21882
726	6.00843	3.1027747	38.2385	7.093181	31.22599
727	6.00168	3.1023077	38.4751	7.094280	31.22690
728	5.99803	3.1018529	38.7115	7.094982	31.22509
729	5.99626	3.1013613	38.9600	7.095465	31.22113
730	5.99301	3.1016564	39.1873	7.095728	31.22730
731	5.98789	3.1014169	39.4268	7.096505	31.22925
732	5.98348	3.1016874	39.6541	7.096928	31.23622
733	5.98170	3.1018965	39.8874	7.097050	31.24007
734	5.97952	3.1015401	40.1177	7.097515	31.23801
735	5.97699	3.1012759	40.3421	7.097977	31.23729
736	5.97618	3.1013374	40.5784	7.098053	31.23862
737	5.97511	3.1009196	40.8179	7.098409	31.23483
738	5.97308	3.1009197	41.0602	7.098671	31.23659
739	5.97009	3.1004220	41.3119	7.099312	31.23368
740	5.96802	3.1002992	41.5513	7.099644	31.23412
741	5.96619	3.0997770	41.8059	7.100151	31.22986
742	5.96350	3.0995682	42.0695	7.100604	31.22988
743	5.95955	3.0992426	42.3121	7.101279	31.22979
744	5.95413	3.0990953	42.5575	7.102047	31.23303
745	5.94891	3.0987759	42.8059	7.102879	31.23417
746	5.94339	3.0982170	43.0666	7.103873	31.23291
747	5.93351	3.0974492	43.3122	7.105528	31.23335
748	5.91782	3.0973327	43.5666	7.107584	31.24642
749	5.90187	3.0963563	43.8273	7.110118	31.25013
750	5.88639	3.0962153	44.0759	7.112161	31.26274
751	5.87081	3.0955399	44.3334	7.114496	31.26948
752	5.85564	3.0947418	44.6030	7.116843	31.27447
753	5.84189	3.0944534	44.8760	7.118746	31.28384
754	5.82855	3.0943738	45.1457	7.120489	31.29518
755	5.81724	3.0941038	45.4122	7.122074	31.30251
756	5.80764	3.0942513	45.6761	7.123223	31.31293
757	5.79982	3.0938462	45.9428	7.124436	31.31553
758	5.79578	3.0940121	46.1972	7.124869	31.32101
759	5.79250	3.0938096	46.4610	7.125398	31.32166
760	5.78725	3.0936930	46.7215	7.126133	31.32510
761	5.78251	3.0935151	46.9853	7.126835	31.32738
762	5.77902	3.0931652	47.2428	7.127467	31.32657
763	5.77539	3.0928215	47.5096	7.128115	31.32597
764	5.77029	3.0923674	47.7823	7.129008	31.32548
765	5.76359	3.0920176	48.0671	7.130052	31.32765
766	5.75602	3.0918643	48.3430	7.131102	31.33283
767	5.74946	3.0917846	48.6308	7.131985	31.33788
768	5.74397	3.0917111	48.9096	7.132730	31.34203
769	5.74009	3.0917849	49.1733	7.133192	31.34634
770	5.73620	3.0915517	49.4370	7.133815	31.34721
771	5.73005	3.0911529	49.6975	7.134814	31.34832
772	5.72547	3.0910486	49.9643	7.135459	31.35129
773	5.72103	3.0909935	50.2340	7.136060	31.35467
774	5.71730	3.0905947	50.5130	7.136751	31.35352
775	5.71302	3.0903186	50.7979	7.137448	31.35427
776	5.70803	3.0898768	51.0825	7.138323	31.35382
777	5.70330	3.0897297	51.3858	7.139011	31.35642
778	5.69932	3.0895273	51.6736	7.139632	31.35771
779	5.69579	3.0893249	51.9707	7.140195	31.35858
780	5.69167	3.0894662	52.2433	7.140654	31.36388
781	5.68749	3.0895276	52.5130	7.141161	31.36833
782	5.68305	3.0892946	52.7677	7.141855	31.36971
783	5.67661	3.0890001	53.0221	7.142838	31.37228
784	5.66961	3.0890003	53.2860	7.143738	31.37867
785	5.66247	3.0886445	53.5526	7.144844	31.38120
786	5.65432	3.0881477	53.8406	7.146153	31.38307
787	5.64808	3.0880558	54.1253	7.147005	31.38772
788	5.64446	3.0879700	54.4163	7.147520	31.38999
789	5.63641	3.0869148	54.7254	7.149112	31.38547
790	5.61670	3.0862035	55.0254	7.152015	31.39570
791	5.59358	3.0859523	55.3193	7.155114	31.41430
792	5.57434	3.0857440	55.6162	7.157694	31.42978
793	5.56008	3.0858915	55.9041	7.159449	31.44463
794	5.54623	3.0857751	56.1739	7.161293	31.45615
795	5.53123	3.0855545	56.4407	7.163339	31.46757
796	5.51467	3.0854873	56.6982	7.165503	31.48219
797	5.49963	3.0850766	56.9711	7.167657	31.49151
798	5.48841	3.0848743	57.2347	7.169212	31.49963
799	5.48019	3.0844574	57.5317	7.170496	31.50248
800	5.46746	3.0839057	57.8257	7.172430	31.50804
801	5.44878	3.0834828	58.1287	7.175062	31.52065
802	5.43146	3.0834095	58.4257	7.177335	31.53595
803	5.42030	3.0834219	58.7227	7.178770	31.54643
804	5.41329	3.0834344	59.0166	7.179671	31.55302
805	5.40889	3.0832321	59.3135	7.180352	31.55472
806	5.40519	3.0831771	59.6015	7.180864	31.55744
807	5.40199	3.0833182	59.8741	7.181207	31.56192
808	5.40074	3.0833919	60.1469	7.181335	31.56380
809	5.40024	3.0833797	60.4136	7.181412	31.56400
810	5.39954	3.0833185	60.6865	7.181541	31.56383
811	5.39949	3.0833002	60.9621	7.181563	31.56354
812	5.39909	3.0830856	61.2409	7.181736	31.56135
813	5.39799	3.0828527	61.5441	7.182009	31.55960
814	5.39604	3.0828099	61.8411	7.182290	31.56081
815	5.39364	3.0826751	62.1319	7.182677	31.56140
816	5.39184	3.0826507	62.4198	7.182928	31.56268
817	5.39074	3.0827060	62.6744	7.183046	31.56421
818	5.39019	3.0828225	62.9379	7.183061	31.56592
819	5.38974	3.0827122	63.2046	7.183184	31.56497
820	5.38914	3.0827062	63.4563	7.183270	31.56534
821	5.38884	3.0826817	63.7138	7.183328	31.56522
822	5.38799	3.0825592	63.9683	7.183508	31.56451
823	5.38679	3.0824121	64.2502	7.183748	31.56384
824	5.38574	3.0822221	64.5230	7.183991	31.56254
825	5.38479	3.0822100	64.8139	7.184126	31.56316
826	5.38449	3.0822530	65.0926	7.184149	31.56379
827	5.38404	3.0822715	65.3745	7.184203	31.56429
828	5.38309	3.0822102	65.6474	7.184364	31.56435
829	5.38279	3.0823452	65.9049	7.184337	31.56604
830	5.38304	3.0823882	66.1503	7.184287	31.56617
831	5.38209	3.0823883	66.3898	7.184415	31.56695
832	5.38139	3.0823761	66.6324	7.184517	31.56735
833	5.38174	3.0823271	66.8807	7.184504	31.56635
834	5.38264	3.0821616	67.1505	7.184483	31.56350
835	5.38269	3.0820943	67.4202	7.184518	31.56256
836	5.38269	3.0818920	67.7110	7.184633	31.56012
837	5.38269	3.0818492	67.9959	7.184663	31.55950
838	5.38204	3.0820945	68.2656	7.184621	31.56276
839	5.38084	3.0821007	68.5353	7.184779	31.56383
840	5.38044	3.0819475	68.8020	7.184918	31.56234
841	5.38064	3.0820335	69.0565	7.184852	31.56300
842	5.38044	3.0820703	69.3110	7.184864	31.56348
843	5.38034	3.0820643	69.5657	7.184886	31.56339
844	5.38024	3.0820092	69.8172	7.184934	31.56273
845	5.38029	3.0819786	70.0688	7.184950	31.56222
846	5.38029	3.0819480	70.3203	7.184972	31.56175
847	5.37934	3.0819174	70.5689	7.185117	31.56218
848	5.37829	3.0818623	70.8173	7.185287	31.56242
849	5.37709	3.0818318	71.0688	7.185464	31.56308
850	5.37649	3.0817889	71.3205	7.185569	31.56304
851	5.37664	3.0818319	71.5962	7.185533	31.56325
852	5.37744	3.0818810	71.8538	7.185410	31.56293
853	5.37729	3.0817708	72.1174	7.185494	31.56169
854	5.37614	3.0817157	72.3871	7.185678	31.56202
855	5.37359	3.0816667	72.6476	7.186039	31.56374
856	5.36969	3.0817465	72.9025	7.186504	31.56819
857	5.36389	3.0816670	73.1477	7.187299	31.57262
858	5.35740	3.0816303	73.3782	7.188161	31.57821
859	5.35415	3.0817163	73.6175	7.188539	31.58213
860	5.35615	3.0817286	73.8600	7.188281	31.58027
861	5.35964	3.0817163	74.1083	7.187842	31.57672
862	5.36174	3.0816306	74.3447	7.187623	31.57365
863	5.36239	3.0815754	74.6116	7.187575	31.57229
864	5.36084	3.0814223	74.8780	7.187863	31.57188
865	5.35835	3.0813611	75.1508	7.188224	31.57341
866	5.35615	3.0813673	75.4177	7.188510	31.57542
867	5.35400	3.0813674	75.6692	7.188792	31.57732
868	5.35175	3.0814840	75.9237	7.189025	31.58064
869	5.35000	3.0814841	76.1540	7.189256	31.58217
870	5.34840	3.0814841	76.3904	7.189468	31.58356
871	5.34795	3.0815149	76.6178	7.189514	31.58423
872	5.34710	3.0813372	76.8451	7.189724	31.58290
873	5.34466	3.0813924	77.0905	7.190016	31.58571
874	5.34451	3.0813925	77.3420	7.190041	31.58573
875	5.34481	3.0813619	77.5967	7.190024	31.58498
876	5.34236	3.0812210	77.8391	7.190421	31.58557
877	5.33986	3.0812518	78.0816	7.190732	31.58816
878	5.34031	3.0813009	78.3299	7.190653	31.58817
879	5.34011	3.0813071	78.5601	7.190681	31.58831
880	5.33936	3.0811907	78.8119	7.190846	31.58758
881	5.33836	3.0809578	79.0938	7.191106	31.58574
882	5.33746	3.0810744	79.3573	7.191165	31.58778
883	5.33437	3.0811174	79.5998	7.191547	31.59107
884	5.32992	3.0809581	79.8543	7.192212	31.59333
885	5.32623	3.0808724	80.1090	7.192740	31.59572
886	5.32383	3.0809890	80.3606	7.192992	31.59918
887	5.32268	3.0810136	80.5939	7.193133	31.60043
888	5.32104	3.0809278	80.8211	7.193396	31.60090
889	5.31729	3.0810138	81.0514	7.193839	31.60529
890	5.31190	3.0810752	81.2727	7.194506	31.61096
891	5.30786	3.0811489	81.4848	7.194993	31.61551
892	5.30392	3.0810448	81.7091	7.195563	31.61794
893	5.30067	3.0809590	81.9544	7.196033	31.61991
894	5.29698	3.0809285	82.2001	7.196532	31.62293
895	5.29319	3.0809286	82.4455	7.197027	31.62639
896	5.29035	3.0809594	82.7000	7.197383	31.62930
897	5.28810	3.0809288	82.9517	7.197695	31.63095
898	5.28675	3.0808982	83.2030	7.197892	31.63176
899	5.28586	3.0808983	83.4486	7.198013	31.63249
900	5.28561	3.0808984	83.6758	7.198051	31.63261
901	5.28566	3.0809291	83.9002	7.198033	31.63280
902	5.28606	3.0809905	84.1215	7.197953	31.63302
903	5.28625	3.0809599	84.3576	7.197949	31.63236
904	5.28645	3.0812113	84.5760	7.197794	31.63492
905	5.28571	3.0812543	84.7910	7.197872	31.63601
906	5.28446	3.0812421	85.0183	7.198045	31.63694
907	5.28341	3.0812238	85.2549	7.198195	31.63761
908	5.28291	3.0811380	85.5003	7.198312	31.63699
909	5.28221	3.0810891	85.7459	7.198434	31.63697
910	5.28132	3.0810769	85.9883	7.198562	31.63756
911	5.28057	3.0811199	86.2367	7.198641	31.63864
912	5.27937	3.0811935	86.4762	7.198762	31.64049
913	5.27817	3.0812243	86.7094	7.198905	31.64185
914	5.27658	3.0813347	86.9428	7.199057	31.64450
915	5.27508	3.0813961	87.1518	7.199222	31.64651
916	5.27428	3.0815188	87.3610	7.199264	31.64856
917	5.27404	3.0814882	87.5854	7.199318	31.64834
918	5.27389	3.0814576	87.8033	7.199359	31.64802
919	5.27413	3.0813964	88.0399	7.199365	31.64698
920	5.27433	3.0813965	88.2792	7.199344	31.64667
921	5.27483	3.0813720	88.5368	7.199299	31.64580
922	5.27543	3.0814272	88.7795	7.199198	31.64574
923	5.27678	3.0814886	89.0218	7.198997	31.64505
924	5.27748	3.0814580	89.2672	7.198928	31.64392
925	5.27768	3.0813723	89.5248	7.198955	31.64263
926	5.27748	3.0815747	89.7490	7.198877	31.64501
927	5.27703	3.0818568	89.9582	7.198788	31.64854
928	5.27608	3.0817526	90.1674	7.198971	31.64815
929	5.27508	3.0816730	90.3825	7.199148	31.64808
930	5.27443	3.0816914	90.6157	7.199227	31.64879
931	5.27349	3.0817222	90.8490	7.199338	31.64992
932	5.27234	3.0817345	91.1007	7.199485	31.65102
933	5.26975	3.0816917	91.3461	7.199849	31.65287
934	5.26511	3.0817654	91.5914	7.200414	31.65797
935	5.26107	3.0818084	91.8251	7.200918	31.66216
936	5.25788	3.0819005	92.0614	7.201286	31.66611
937	5.25374	3.0823237	92.2613	7.201597	31.67474
938	5.24647	3.0827776	92.4764	7.202298	31.68668
939	5.23969	3.0829494	92.6948	7.203086	31.69494
940	5.23441	3.0830660	92.8979	7.203710	31.70117
941	5.23022	3.0831826	93.1101	7.204193	31.70636
942	5.22703	3.0831889	93.3190	7.204606	31.70935
943	5.22514	3.0830970	93.5584	7.204906	31.70998
944	5.22434	3.0829805	93.7920	7.205077	31.70930
945	5.22415	3.0828518	94.0160	7.205177	31.70791
946	5.22479	3.0827170	94.2554	7.205172	31.70565
947	5.22609	3.0826619	94.4948	7.205040	31.70368
948	5.22728	3.0826006	94.7252	7.204924	31.70174
949	5.22813	3.0825700	94.9586	7.204836	31.70047
950	5.22793	3.0826620	95.1918	7.204818	31.70159
951	5.22778	3.0828031	95.4103	7.204766	31.70323
952	5.22689	3.0829259	95.6313	7.204821	31.70537
953	5.22529	3.0830670	95.8405	7.204956	31.70838
954	5.22190	3.0833308	96.0556	7.205256	31.71449
955	5.21777	3.0834964	96.2709	7.205706	31.72019
956	5.21379	3.0836253	96.4861	7.206157	31.72533
957	5.20851	3.0841529	96.7102	7.206559	31.73623
958	5.20134	3.0844229	96.9436	7.207346	31.74599
959	5.19437	3.0849137	97.1618	7.207987	31.75809
960	5.18282	3.0858156	97.4012	7.208998	31.77922
961	5.16979	3.0863495	97.6224	7.210400	31.79759
962	5.15909	3.0865521	97.8588	7.211679	31.80996
963	5.15054	3.0866811	98.0889	7.212721	31.81946
964	5.14447	3.0866444	98.3166	7.213531	31.82470
965	5.14025	3.0866997	98.5587	7.214053	31.82924
966	5.13463	3.0874545	98.7679	7.214376	31.84310
967	5.12578	3.0882277	98.9951	7.215107	31.86025
968	5.11689	3.0885408	99.2315	7.216093	31.87219
969	5.11028	3.0886637	99.4679	7.216887	31.87979
970	5.10635	3.0886638	99.6680	7.217400	31.88343
971	5.10367	3.0887559	99.8742	7.217702	31.88695
972	5.10079	3.0889279	100.0953	7.217986	31.89155
973	5.09826	3.0890200	100.3194	7.218269	31.89491
974	5.09592	3.0890385	100.5497	7.218567	31.89724
975	5.09453	3.0890447	100.7891	7.218749	31.89852
976	5.09319	3.0890387	101.0437	7.218932	31.89961
977	5.09011	3.0892229	101.2892	7.219236	31.90453
978	5.08396	3.0894869	101.5193	7.219895	31.91332
979	5.07656	3.0896528	101.7316	7.220768	31.92219
980	5.07343	3.0896651	101.9377	7.221171	31.92522
981	5.07442	3.0895731	102.1315	7.221097	31.92312
982	5.07701	3.0896529	102.3226	7.220724	31.92147
983	5.07854	3.0899844	102.4802	7.220348	31.92371
984	5.07919	3.0910155	102.5864	7.219707	31.93483
985	5.07988	3.0923170	102.6563	7.218912	31.94900
986	5.08058	3.0926546	102.6716	7.218639	31.95219
987	5.08982	3.0927221	102.6656	7.217407	31.94412
988	5.10407	3.0930105	102.6688	7.215407	31.93378
989	5.11395	3.0934525	102.6931	7.213890	31.92937
990	5.11952	3.0938085	102.7085	7.212978	31.92811
991	5.12399	3.0935936	102.6783	7.212516	31.92139
992	5.13175	3.0936549	102.6603	7.211481	31.91469
993	5.13826	3.0936548	102.6483	7.210639	31.90848
994	5.14005	3.0933294	102.6273	7.210584	31.90307
995	5.14054	3.0934215	102.5971	7.210469	31.90366
996	5.14169	3.0936548	102.5792	7.210195	31.90524
997	5.14099	3.0938635	102.5702	7.210171	31.90829
998	5.13915	3.0937408	102.5522	7.210475	31.90865
999	5.13816	3.0938697	102.5521	7.210534	31.91107
1000	5.14015	3.0940969	102.5524	7.210154	31.91177
1001	5.14159	3.0943671	102.5646	7.209822	31.91347
1002	5.14184	3.0943609	102.5710	7.209793	31.91316
1003	5.14243	3.0942135	102.5771	7.209796	31.91090
1004	5.14328	3.0941153	102.5711	7.209740	31.90898
1005	5.14457	3.0940047	102.5683	7.209633	31.90648
1006	5.14890	3.0941275	102.5413	7.209007	31.90377
1007	5.15059	3.0940845	102.5111	7.208811	31.90168
1008	5.14671	3.0939494	102.4748	7.209384	31.90386
1009	5.14288	3.0938635	102.4418	7.209924	31.90655
1010	5.14278	3.0939617	102.4177	7.209884	31.90777
1011	5.14467	3.0942135	102.4087	7.209503	31.90885
1012	5.14750	3.0947108	102.4088	7.208868	31.91182
1013	5.15004	3.0950793	102.4181	7.208341	31.91359
1014	5.15133	3.0950670	102.4334	7.208181	31.91221
1015	5.15233	3.0949564	102.4396	7.208113	31.91000
1016	5.15511	3.0941274	102.4246	7.208202	31.89789
1017	5.16024	3.0941273	102.3732	7.207539	31.89302
1018	5.16486	3.0938079	102.2643	7.207112	31.88502
1019	5.16317	3.0934211	102.1313	7.207536	31.88229
1020	5.16198	3.0930650	101.9921	7.207880	31.87944
1021	5.16223	3.0928746	101.8379	7.207947	31.87710
1022	5.16213	3.0929175	101.6837	7.207933	31.87776
1023	5.16178	3.0929789	101.5201	7.207941	31.87888
1024	5.16257	3.0929665	101.3599	7.207841	31.87806
1025	5.16347	3.0928621	101.1782	7.207778	31.87610
1026	5.16506	3.0928743	101.0025	7.207562	31.87481
1027	5.16700	3.0928312	100.8120	7.207330	31.87256
1028	5.16964	3.0928005	100.6123	7.207002	31.86979
1029	5.17242	3.0927820	100.4186	7.206647	31.86702
1030	5.17451	3.0927143	100.2220	7.206410	31.86436
1031	5.17705	3.0927143	100.0221	7.206077	31.86204
1032	5.18023	3.0927817	99.8253	7.205625	31.85987
1033	5.18272	3.0928307	99.6347	7.205273	31.85815
1034	5.18451	3.0927754	99.4257	7.205067	31.85591
1035	5.18670	3.0927815	99.2232	7.204776	31.85400
1036	5.18934	3.0928305	99.0266	7.204405	31.85214
1037	5.19133	3.0927445	98.8237	7.204190	31.84936
1038	5.19402	3.0928426	98.6088	7.203785	31.84803
1039	5.19765	3.0929162	98.3727	7.203271	31.84552
1040	5.19880	3.0928117	98.1429	7.203174	31.84335
1041	5.19945	3.0926827	97.9096	7.203155	31.84138
1042	5.20134	3.0926274	97.6645	7.202935	31.83907
1043	5.20433	3.0927193	97.4224	7.202494	31.83739
1044	5.20637	3.0928605	97.1921	7.202149	31.83717
1045	5.20741	3.0929157	96.9774	7.201980	31.83691
1046	5.20776	3.0931857	96.7535	7.201784	31.83976
1047	5.20811	3.0928296	96.5385	7.201926	31.83548
1048	5.20881	3.0925102	96.3326	7.202004	31.83128
1049	5.21040	3.0924119	96.1025	7.201846	31.82876
1050	5.21349	3.0924794	95.8818	7.201406	31.82670
1051	5.21882	3.0925959	95.6398	7.200650	31.82307
1052	5.22235	3.0928291	95.3974	7.200063	31.82248
1053	5.22315	3.0929149	95.1432	7.199908	31.82283
1054	5.22335	3.0926570	94.8888	7.200015	31.81983
1055	5.22395	3.0926508	94.6498	7.199936	31.81931
1056	5.22439	3.0926507	94.4075	7.199873	31.81900
1057	5.22509	3.0928103	94.1775	7.199691	31.82026
1058	5.22469	3.0930067	93.9416	7.199631	31.82299
1059	5.22454	3.0924479	93.7175	7.199947	31.81689
1060	5.22489	3.0922207	93.4905	7.200019	31.81408
1061	5.22783	3.0924170	93.2452	7.199528	31.81364
1062	5.23102	3.0926871	93.0093	7.198966	31.81380
1063	5.23072	3.0928282	92.7579	7.198923	31.81581
1064	5.22878	3.0929448	92.5006	7.199105	31.81911
1065	5.22644	3.0928404	92.2464	7.199457	31.82027
1066	5.22420	3.0927728	91.9922	7.199776	31.82176
1067	5.22146	3.0927420	91.7409	7.200140	31.82414
1068	5.21892	3.0926560	91.5017	7.200509	31.82570
1069	5.21702	3.0927727	91.2869	7.200685	31.82893
1070	5.21553	3.0927726	91.0718	7.200873	31.83046
1071	5.21458	3.0927480	90.8509	7.201003	31.83118
1072	5.21408	3.0925944	90.6359	7.201145	31.83002
1073	5.21384	3.0926251	90.4151	7.201155	31.83071
1074	5.21249	3.0928706	90.1668	7.201191	31.83491
1075	5.21025	3.0928890	89.9126	7.201464	31.83737
1076	5.20731	3.0928091	89.6462	7.201879	31.83939
1077	5.20562	3.0928274	89.3678	7.202081	31.84135
1078	5.20398	3.0927967	89.0982	7.202304	31.84270
1079	5.20204	3.0927782	88.8256	7.202558	31.84447
1080	5.20059	3.0927720	88.5866	7.202742	31.84589
1081	5.19965	3.0928272	88.3475	7.202829	31.84754
1082	5.19930	3.0929008	88.1325	7.202829	31.84881
1083	5.19940	3.0926797	87.9024	7.202930	31.84631
1084	5.20024	3.0925323	87.6814	7.202895	31.84393
1085	5.20054	3.0927164	87.4574	7.202752	31.84586
1086	5.19925	3.0928576	87.2395	7.202838	31.84881
1087	5.19860	3.0926549	86.9972	7.203025	31.84723
1088	5.19810	3.0926241	86.7490	7.203100	31.84748
1089	5.19656	3.0926486	86.4948	7.203280	31.84935
1090	5.19517	3.0924705	86.2314	7.203550	31.84878
1091	5.19387	3.0923845	85.9529	7.203757	31.84917
1092	5.19273	3.0924151	85.6804	7.203882	31.85074
1093	5.19183	3.0924089	85.4260	7.203995	31.85165
1094	5.19103	3.0922677	85.1779	7.204168	31.85092
1095	5.19004	3.0920036	84.9508	7.204434	31.84897
1096	5.18999	3.0917580	84.7357	7.204568	31.84633
1097	5.19093	3.0915063	84.5210	7.204577	31.84266
1098	5.19238	3.0912913	84.3030	7.204501	31.83895
1099	5.19357	3.0909168	84.0730	7.204544	31.83365
1100	5.19482	3.0904503	83.8429	7.204630	31.82727
1101	5.19750	3.0902046	83.6037	7.204410	31.82203
1102	5.20159	3.0896890	83.3585	7.204156	31.81239
1103	5.20582	3.0895109	83.1041	7.203700	31.80646
1104	5.21020	3.0892469	82.8439	7.203270	31.79942
1105	5.21438	3.0889522	82.5956	7.202884	31.79221
1106	5.21842	3.0887741	82.3504	7.202453	31.78647
1107	5.22205	3.0885347	82.1018	7.202107	31.78041
1108	5.22529	3.0883382	81.8780	7.201790	31.77521
1109	5.22858	3.0881295	81.6631	7.201474	31.76981
1110	5.23162	3.0878410	81.4453	7.201232	31.76375
1111	5.23431	3.0876017	81.2331	7.201009	31.75858
1112	5.23710	3.0874482	81.0243	7.200726	31.75429
1113	5.23974	3.0873376	80.8065	7.200440	31.75063
1114	5.24193	3.0872210	80.5853	7.200215	31.74733
1115	5.24392	3.0870798	80.3522	7.200028	31.74395
1116	5.24562	3.0869263	80.1101	7.199887	31.74071
1117	5.24687	3.0867054	79.8648	7.199839	31.73714
1118	5.24821	3.0866071	79.6106	7.199713	31.73487
1119	5.24976	3.0864046	79.3561	7.199616	31.73122
1120	5.25165	3.0860916	79.1110	7.199535	31.72599
1121	5.25399	3.0859934	78.8657	7.199280	31.72277
1122	5.25604	3.0857540	78.6204	7.199139	31.71823
1123	5.25783	3.0855331	78.3814	7.199021	31.71414
1124	5.25953	3.0854349	78.1421	7.198850	31.71153
1125	5.26142	3.0852876	77.8970	7.198679	31.70818
1126	5.26346	3.0851096	77.6577	7.198505	31.70434
1127	5.26611	3.0849684	77.4065	7.198234	31.70036
1128	5.26865	3.0846678	77.1459	7.198062	31.69466
1129	5.27114	3.0844408	76.8888	7.197856	31.68984
1130	5.27319	3.0845143	76.6374	7.197547	31.68887
1131	5.27468	3.0839990	76.3890	7.197625	31.68172
1132	5.27623	3.0839437	76.1439	7.197450	31.67975
1133	5.27832	3.0838026	75.9047	7.197250	31.67628
1134	5.27997	3.0836492	75.6654	7.197115	31.67309
1135	5.28142	3.0834712	75.4111	7.197018	31.66983
1136	5.28276	3.0833362	75.1629	7.196911	31.66714
1137	5.28451	3.0832993	74.9238	7.196700	31.66519
1138	5.28556	3.0830908	74.6934	7.196672	31.66194
1139	5.28700	3.0829435	74.4544	7.196558	31.65902
1140	5.28880	3.0829189	74.2243	7.196335	31.65715
1141	5.29099	3.0828146	74.0003	7.196102	31.65400
1142	5.29324	3.0827102	73.7581	7.195863	31.65081
1143	5.29523	3.0825630	73.5188	7.195679	31.64737
1144	5.29708	3.0824157	73.2645	7.195514	31.64408
1145	5.29878	3.0822991	73.0102	7.195352	31.64128
1146	5.29987	3.0821948	72.7558	7.195261	31.63918
1147	5.30137	3.0821272	72.4833	7.195098	31.63713
1148	5.30327	3.0819800	72.2380	7.194926	31.63379
1149	5.30496	3.0819186	72.0019	7.194735	31.63160
1150	5.30676	3.0818940	71.7628	7.194511	31.62975
1151	5.30831	3.0818203	71.5478	7.194346	31.62755
1152	5.30971	3.0818325	71.3209	7.194154	31.62648
1153	5.31165	3.0818018	71.1027	7.193914	31.62440
1154	5.31365	3.0817894	70.8786	7.193658	31.62249
1155	5.31560	3.0815993	70.6425	7.193504	31.61861
1156	5.31809	3.0816053	70.3913	7.193173	31.61644
1157	5.32024	3.0815684	70.1369	7.192910	31.61412
1158	5.32169	3.0814518	69.8703	7.192780	31.61156
1159	5.32298	3.0814211	69.6130	7.192623	31.61011
1160	5.32458	3.0813352	69.3616	7.192457	31.60775
1161	5.32633	3.0812676	69.1164	7.192262	31.60546
1162	5.32813	3.0812491	68.8771	7.192035	31.60367
1163	5.32972	3.0812736	68.6378	7.191810	31.60256
1164	5.33067	3.0812367	68.4108	7.191702	31.60136
1165	5.33172	3.0811876	68.1778	7.191588	31.59992
1166	5.33317	3.0811875	67.9475	7.191396	31.59867
1167	5.33487	3.0811445	67.7204	7.191195	31.59669
1168	5.33672	3.0810709	67.4844	7.190991	31.59423
1169	5.33856	3.0811137	67.2358	7.190724	31.59309
1170	5.34021	3.0811013	66.9937	7.190513	31.59152
1171	5.34236	3.0810399	66.7272	7.190262	31.58893
1172	5.34511	3.0808927	66.4608	7.189981	31.58480
1173	5.34755	3.0811317	66.2063	7.189532	31.58532
1174	5.34910	3.0809231	65.9521	7.189438	31.58162
1175	5.34925	3.0807208	65.6976	7.189521	31.57931
1176	5.34940	3.0808065	65.4493	7.189450	31.58026
1177	5.35075	3.0808003	65.2101	7.189274	31.57904
1178	5.35285	3.0807205	64.9828	7.189041	31.57627
1179	5.35505	3.0807082	64.7589	7.188759	31.57417
1180	5.35690	3.0807203	64.5409	7.188510	31.57267
1181	5.35870	3.0806896	64.3108	7.188289	31.57074
1182	5.36034	3.0807079	64.0806	7.188061	31.56950
1183	5.36169	3.0806588	63.8475	7.187908	31.56779
1184	5.36334	3.0806280	63.5901	7.187706	31.56601
1185	5.36409	3.0805850	63.3358	7.187627	31.56495
1186	5.36474	3.0805727	63.0724	7.187544	31.56432
1187	5.36584	3.0805849	62.8210	7.187390	31.56355
1188	5.36659	3.0805419	62.5723	7.187311	31.56248
1189	5.36674	3.0804560	62.3273	7.187332	31.56148
1190	5.36749	3.0805540	62.0820	7.187177	31.56200
1191	5.36829	3.0804865	61.8519	7.187105	31.56060
1192	5.36864	3.0805232	61.6248	7.187035	31.56079
1193	5.36904	3.0805109	61.4006	7.186985	31.56039
1194	5.37019	3.0805108	61.1616	7.186831	31.55942
1195	5.37164	3.0804923	60.9254	7.186649	31.55796
1196	5.37264	3.0804248	60.6890	7.186551	31.55637
1197	5.37349	3.0804308	60.4591	7.186433	31.55575
1198	5.37359	3.0803695	60.2136	7.186447	31.55508
1199	5.37389	3.0804246	59.9743	7.186374	31.55554
1200	5.37469	3.0804000	59.7171	7.186278	31.55463
1201	5.37519	3.0803692	59.4596	7.186224	31.55394
1202	5.37614	3.0803998	59.2051	7.186079	31.55352
1203	5.37684	3.0803384	58.9508	7.186016	31.55229
1204	5.37729	3.0803935	58.7145	7.185923	31.55260
1205	5.37764	3.0803076	58.4814	7.185919	31.55141
1206	5.37824	3.0803075	58.2573	7.185837	31.55096
1207	5.37914	3.0803381	58.0392	7.185699	31.55056
1208	5.37979	3.0802767	57.8121	7.185643	31.54937
1209	5.38059	3.0802767	57.5911	7.185535	31.54872
1210	5.38124	3.0802459	57.3549	7.185462	31.54788
1211	5.38169	3.0802213	57.1034	7.185412	31.54730
1212	5.38189	3.0802213	56.8489	7.185380	31.54723
1213	5.38199	3.0801844	56.5918	7.185381	31.54684
1214	5.38234	3.0802211	56.3313	7.185311	31.54706
1215	5.38244	3.0801229	56.0678	7.185344	31.54598
1216	5.38274	3.0801596	55.8255	7.185280	31.54623
1217	5.38329	3.0801289	55.5923	7.185221	31.54548
1218	5.38364	3.0801227	55.3681	7.185174	31.54519
1219	5.38414	3.0801043	55.1440	7.185114	31.54462
1220	5.38494	3.0801226	54.9139	7.184996	31.54418
1221	5.38549	3.0800428	54.6928	7.184963	31.54287
1222	5.38599	3.0800427	54.4596	7.184893	31.54251
1223	5.38619	3.0799630	54.2265	7.184904	31.54153
1224	5.38634	3.0800119	53.9902	7.184854	31.54206
1225	5.38664	3.0799628	53.7449	7.184836	31.54134
1226	5.38684	3.0799566	53.5028	7.184808	31.54120
1227	5.38704	3.0798953	53.2514	7.184809	31.54044
1228	5.38724	3.0799626	52.9998	7.184741	31.54114
1229	5.38764	3.0799564	52.7515	7.184687	31.54081
1230	5.38814	3.0799012	52.5032	7.184647	31.53984
1231	5.38914	3.0799256	52.2611	7.184499	31.53929
1232	5.38994	3.0798949	52.0306	7.184408	31.53830
1233	5.39079	3.0799009	51.8035	7.184290	31.53768
1234	5.39164	3.0798641	51.5734	7.184195	31.53658
1235	5.39274	3.0798640	51.3463	7.184048	31.53565
1236	5.39439	3.0798700	51.1130	7.183827	31.53428
1237	5.39659	3.0798393	50.8889	7.183555	31.53198
1238	5.39899	3.0798392	50.6467	7.183240	31.52983
1239	5.40129	3.0798391	50.4166	7.182939	31.52778
1240	5.40309	3.0798635	50.1710	7.182688	31.52649
1241	5.40494	3.0798696	49.9290	7.182441	31.52493
1242	5.40719	3.0798633	49.6777	7.182149	31.52287
1243	5.40929	3.0798694	49.4352	7.181870	31.52108
1244	5.41104	3.0798938	49.1897	7.181625	31.51983
1245	5.41279	3.0799244	48.9447	7.181378	31.51865
1246	5.41424	3.0798691	48.7144	7.181216	31.51677
1247	5.41570	3.0798936	48.4810	7.181011	31.51580
1248	5.41710	3.0798996	48.2570	7.180822	31.51466
1249	5.41900	3.0798934	48.0208	7.180575	31.51292
1250	5.42085	3.0799239	47.7876	7.180315	31.51164
1251	5.42205	3.0798687	47.5514	7.180185	31.51000
1252	5.42280	3.0798625	47.3059	7.180086	31.50935
1253	5.42335	3.0798992	47.0637	7.179990	31.50936
1254	5.42405	3.0798930	46.8153	7.179897	31.50875
1255	5.42595	3.0799235	46.5760	7.179631	31.50743
1256	5.42796	3.0799602	46.3458	7.179348	31.50608
1257	5.43016	3.0799847	46.1066	7.179047	31.50440
1258	5.43231	3.0799907	45.8825	7.178761	31.50256
1259	5.43486	3.0800090	45.6583	7.178418	31.50048
1260	5.43757	3.0800089	45.4341	7.178065	31.49805
1261	5.44017	3.0800211	45.2009	7.177719	31.49586
1262	5.44337	3.0800700	44.9524	7.177275	31.49352
1263	5.44673	3.0800822	44.7132	7.176831	31.49063
1264	5.44978	3.0801004	44.4619	7.176423	31.48809
1265	5.45269	3.0801249	44.2286	7.176031	31.48576
1266	5.45554	3.0802106	43.9893	7.175613	31.48416
1267	5.45910	3.0802718	43.7530	7.175118	31.48164
1268	5.46300	3.0803023	43.5198	7.174594	31.47843
1269	5.46656	3.0804555	43.2897	7.174050	31.47694
1270	5.46946	3.0805044	43.0535	7.173645	31.47488
1271	5.47307	3.0805472	42.8141	7.173154	31.47210
1272	5.48054	3.0808291	42.5718	7.172039	31.46841
1273	5.48996	3.0809454	42.3387	7.170761	31.46101
1274	5.49853	3.0811046	42.1174	7.169571	31.45488
1275	5.50836	3.0811229	41.8993	7.168294	31.44600
1276	5.52119	3.0813189	41.6813	7.166537	31.43630
1277	5.53293	3.0814106	41.4511	7.164977	31.42647
1278	5.54367	3.0815882	41.2148	7.163500	31.41855
1279	5.55270	3.0817168	40.9876	7.162268	31.41167
1280	5.56204	3.0818209	40.7604	7.161010	31.40423
1281	5.57279	3.0820599	40.5241	7.159501	31.39700
1282	5.58012	3.0823172	40.2788	7.158420	31.39318
1283	5.58981	3.0824949	40.0335	7.157078	31.38625
1284	5.59976	3.0826419	39.7790	7.155720	31.37875
1285	5.60851	3.0827276	39.5519	7.154550	31.37167
1286	5.61685	3.0828746	39.3368	7.153399	31.36565
1287	5.62509	3.0830768	39.1097	7.152232	31.36035
1288	5.63334	3.0833097	38.8915	7.151048	31.35540
1289	5.64154	3.0834138	38.6734	7.149940	31.34904
1290	5.64868	3.0835179	38.4462	7.148966	31.34367
1291	5.65452	3.0837201	38.2099	7.148108	31.34063
1292	5.66191	3.0838488	37.9768	7.147089	31.33530
1293	5.66866	3.0839836	37.7464	7.146150	31.33065
1294	5.67470	3.0840632	37.5072	7.145331	31.32605
1295	5.68069	3.0843329	37.2648	7.144418	31.32362
1296	5.68587	3.0845106	37.0226	7.143656	31.32091
1297	5.69292	3.0845902	36.7862	7.142708	31.31537
1298	5.70179	3.0845962	36.5621	7.141568	31.30731
1299	5.70814	3.0847739	36.3380	7.140659	31.30352
1300	5.71317	3.0848965	36.1228	7.139946	31.30032
1301	5.71957	3.0851847	35.9138	7.138973	31.29771
1302	5.72607	3.0851723	35.7080	7.138145	31.29163
1303	5.73298	3.0853868	35.4868	7.137147	31.28774
1304	5.74069	3.0856198	35.2507	7.136035	31.28331
1305	5.74699	3.0857914	35.0172	7.135136	31.27950
1306	5.75420	3.0860305	34.7749	7.134085	31.27561
1307	5.76288	3.0863861	34.5326	7.132787	31.27167
1308	5.76974	3.0866252	34.2872	7.131782	31.26811
1309	5.77499	3.0869073	34.0479	7.130960	31.26652
1310	5.78256	3.0870912	33.8086	7.129894	31.26168
1311	5.79507	3.0871708	33.5875	7.128253	31.25109
1312	5.80699	3.0872626	33.3693	7.126682	31.24119
1313	5.81446	3.0875263	33.1784	7.125588	31.23732
1314	5.81835	3.0877287	32.9755	7.124983	31.23608
1315	5.82588	3.0879372	32.7756	7.123912	31.23155
1316	5.83366	3.0881702	32.5634	7.122795	31.22707
1317	5.83826	3.0883480	32.3393	7.122113	31.22491
1318	5.84386	3.0886363	32.1122	7.121244	31.22306
1319	5.85261	3.0887528	31.8729	7.120066	31.21639
1320	5.86090	3.0889919	31.6335	7.118881	31.21152
1321	5.86601	3.0891943	31.3761	7.118121	31.20919
1322	5.87157	3.0892555	31.1245	7.117377	31.20486
1323	5.87774	3.0892247	30.8732	7.116603	31.19894
1324	5.88087	3.0894087	30.6488	7.116104	31.19820
1325	5.88300	3.0894271	30.4369	7.115819	31.19655
1326	5.88730	3.0893779	30.2460	7.115294	31.19212
1327	5.89140	3.0896662	30.0553	7.114620	31.19165
1328	5.89499	3.0898073	29.8614	7.114086	31.19001
1329	5.89894	3.0900281	29.6492	7.113465	31.18893
1330	5.90354	3.0901937	29.4281	7.112789	31.18664
1331	5.91022	3.0903347	29.1948	7.111862	31.18216
1332	5.91680	3.0905556	28.9404	7.110907	31.17868
1333	5.92131	3.0907212	28.6798	7.110243	31.17650
1334	5.92531	3.0908929	28.4193	7.109640	31.17485
1335	5.93098	3.0910217	28.1708	7.108848	31.17118
1336	5.93655	3.0911013	27.9404	7.108095	31.16705
1337	5.94055	3.0911749	27.7194	7.107544	31.16428
1338	5.94268	3.0913651	27.5227	7.107172	31.16454
1339	5.94592	3.0914817	27.3379	7.106696	31.16294
1340	5.94992	3.0915736	27.1469	7.106136	31.16037
1341	5.95378	3.0917147	26.9470	7.105571	31.15849
1342	5.95621	3.0918927	26.7198	7.105165	31.15834
1343	5.95899	3.0919478	26.4838	7.104778	31.15651
1344	5.96229	3.0919231	26.2261	7.104367	31.15332
1345	5.96665	3.0921563	25.9774	7.103689	31.15203
1346	5.97030	3.0921930	25.7321	7.103202	31.14919
1347	5.97349	3.0923894	25.4868	7.102690	31.14856
1348	5.97780	3.0925366	25.2595	7.102063	31.14634
1349	5.98201	3.0926531	25.0354	7.101464	31.14387
1350	5.98601	3.0928311	24.8296	7.100860	31.14227
1351	5.99022	3.0929047	24.6293	7.100285	31.13931
1352	5.99423	3.0930642	24.4204	7.099690	31.13750
1353	5.99834	3.0932421	24.2145	7.099074	31.13581
1354	6.00387	3.0931561	23.9931	7.098413	31.12987
1355	6.01340	3.0931252	23.7598	7.097216	31.12087
1356	6.02259	3.0928303	23.5234	7.096201	31.10927
1357	6.02909	3.0926583	23.2962	7.095462	31.10150
1358	6.03330	3.0924801	23.0660	7.095016	31.09576
1359	6.03731	3.0919766	22.8419	7.094763	31.08659
1360	6.04066	3.0915100	22.6147	7.094575	31.07843
1361	6.04279	3.0908899	22.3874	7.094620	31.06969
1362	6.04528	3.0902392	22.1816	7.094636	31.06028
1363	6.05071	3.0896868	21.9632	7.094228	31.04926
1364	6.05681	3.0893368	21.7359	7.093632	31.03990
1365	6.06224	3.0888764	21.5180	7.093176	31.02991
1366	6.06682	3.0883118	21.2967	7.092884	31.01956
1367	6.07037	3.0878392	21.0574	7.092671	31.01117
1368	6.07464	3.0875200	20.8394	7.092291	31.00382
1369	6.07850	3.0871641	20.6151	7.091980	30.99645
1370	6.08181	3.0868388	20.3967	7.091725	30.98992
1371	6.08562	3.0865811	20.1881	7.091370	30.98367
1372	6.09004	3.0862865	19.9607	7.090957	30.97647
1373	6.09487	3.0861269	19.7454	7.090423	30.97039
1374	6.10112	3.0859673	19.5181	7.089709	30.96302
1375	6.10885	3.0858444	19.2910	7.088789	30.95471
1376	6.11552	3.0858750	19.0547	7.087926	30.94908
1377	6.11882	3.0859914	18.8245	7.087443	30.94747
1378	6.12401	3.0862183	18.5942	7.086665	30.94536
1379	6.13169	3.0864328	18.3790	7.085579	30.94083
1380	6.14085	3.0866658	18.1700	7.084297	30.93517
1381	6.15068	3.0872362	17.9671	7.082758	30.93263
1382	6.16086	3.0883650	17.7548	7.080889	30.93596
1383	6.17660	3.0894510	17.5488	7.078342	30.93375
1384	6.20065	3.0902976	17.3368	7.074869	30.92133
1385	6.22874	3.0912978	17.1126	7.070812	30.90694
1386	6.25756	3.0927769	16.8824	7.066422	30.89720
1387	6.28600	3.0938264	16.6398	7.062304	30.88309
1388	6.31870	3.0949375	16.4036	7.057623	30.86580
1389	6.35429	3.0959074	16.1704	7.052656	30.84436
1390	6.38422	3.0967608	15.9432	7.048463	30.82678
1391	6.41408	3.0974362	15.7188	7.044373	30.80733
1392	6.43770	3.0982345	15.4947	7.041006	30.79488
1393	6.45934	3.0988486	15.2797	7.037983	30.78220
1394	6.49258	3.0991124	15.0644	7.033687	30.75523
1395	6.52996	3.0992901	14.8523	7.028920	30.72364
1396	6.57730	3.0989332	14.6432	7.023183	30.67731
1397	6.61398	3.0985211	14.4339	7.018807	30.64002
1398	6.63571	3.0979249	14.2160	7.016391	30.61416
1399	6.67167	3.0974331	14.0040	7.012149	30.57675
1400	6.71819	3.0964620	13.7795	7.006834	30.52478
1401	6.76384	3.0957490	13.5585	7.001503	30.47651
1402	6.80762	3.0949624	13.3220	6.996445	30.42921
1403	6.85180	3.0937644	13.0918	6.991542	30.37718
1404	6.90122	3.0928490	12.8524	6.985853	30.32372
1405	6.95407	3.0919091	12.6190	6.979756	30.26709
1406	7.00346	3.0906318	12.3978	6.974259	30.21000
1407	7.03943	3.0896739	12.1707	6.970269	30.16823
1408	7.07544	3.0892071	11.9586	6.966038	30.13180
1409	7.10293	3.0884949	11.7677	6.962982	30.10021
1410	7.12601	3.0878258	11.5738	6.960451	30.07296
1411	7.14744	3.0872426	11.3707	6.958083	30.04811
1412	7.16345	3.0867639	11.1646	6.956334	30.02913
1413	7.18359	3.0859538	10.9464	6.954235	30.00301
1414	7.20614	3.0854015	10.7254	6.951715	29.97760
1415	7.23022	3.0850147	10.4949	6.948926	29.95267
1416	7.25740	3.0845176	10.2555	6.945810	29.92392
1417	7.27827	3.0842843	10.0101	6.943346	29.90348
1418	7.29663	3.0838424	9.7708	6.941292	29.88298
1419	7.31029	3.0833577	9.5313	6.939837	29.86611
1420	7.32108	3.0829958	9.3101	6.938679	29.85303
1421	7.33674	3.0822904	9.0861	6.937086	29.83208
1422	7.34648	3.0811989	8.8769	6.936406	29.81211
1423	7.35487	3.0804508	8.6708	6.935729	29.79699
1424	7.37536	3.0796904	8.4709	6.933567	29.77133
1425	7.39986	3.0787891	8.2587	6.930981	29.74076
1426	7.41754	3.0781699	8.0557	6.929098	29.71908
1427	7.43508	3.0772627	7.8224	6.927371	29.69449
1428	7.46818	3.0762390	7.5860	6.923787	29.65537
1429	7.50051	3.0754238	7.3405	6.920199	29.61919
1430	7.52445	3.0740206	7.0951	6.917922	29.58397
1431	7.54145	3.0717482	6.8526	6.916911	29.54545
1432	7.55699	3.0691275	6.6102	6.916244	29.50450
1433	7.58270	3.0641824	6.3798	6.915429	29.43030
1434	7.62056	3.0580602	6.1404	6.913673	29.33350
1435	7.66289	3.0500125	5.9314	6.912271	29.21276
1436	7.72208	3.0420398	5.7131	6.908747	29.07906
1437	7.80403	3.0343429	5.5254	6.902281	28.92984
1438	7.87786	3.0240537	5.3434	6.898013	28.76072
1439	7.95114	3.0142701	5.1465	6.893556	28.59808
1440	8.05563	3.0031441	4.9527	6.885862	28.39679
1441	8.15157	2.9918092	4.7345	6.879290	28.20136
1442	8.23263	2.9803029	4.5162	6.874602	28.01704
1443	8.30061	2.9671874	4.2859	6.872236	27.82728
1444	8.35398	2.9482305	4.0496	6.874308	27.58943
1445	8.42862	2.9357699	3.7980	6.870757	27.40285
1446	8.53453	2.9198794	3.5767	6.864864	27.15782
1447	8.59616	2.9035599	3.3738	6.864601	26.94357
1448	8.61649	2.8926673	3.1858	6.866985	26.81681
1449	8.60681	2.8823883	3.0192	6.872814	26.71916
1450	8.67982	2.8706353	2.8677	6.869019	26.54437
1451	8.76083	2.8595081	2.7101	6.863924	26.37074
1452	8.81792	2.8501476	2.5406	6.860998	26.23348
1453	8.84571	2.8392764	2.3676	6.862377	26.10290
1454	8.88675	2.8309444	2.1799	6.860965	25.98857
1455	8.96437	2.8235407	1.9674	6.854570	25.85732
1456	9.04870	2.8144193	1.7495	6.848088	25.70450
1457	9.11262	2.8059187	1.5434	6.843863	25.57323
1458	9.11728	2.7996992	1.3161	6.846010	25.50757
1459	9.06779	2.7956192	1.1191	6.853976	25.50206
1460	9.04094	2.8327425	0.9372	6.840968	25.89483
1461	9.03536	2.8622598	0.8008	6.828653	26.19641
1462	9.10966	2.8418664	0.7069	6.828436	25.93678
1463	9.38253	2.8244563	0.6191	6.802333	25.56606
1464	9.61879	2.8171286	0.5222	6.776437	25.32592
1465	9.72547	2.8088378	0.3918	6.766891	25.16925
1466	9.60442	2.7959215	0.2314	6.787264	25.12621
1467	9.45827	2.7956745	0.0980	6.805406	25.22619
1468	9.35507	2.7130424	0.0404	6.854024	24.47724
1469	9.40708	2.6420527	0.0465	6.878222	23.73952
1470	9.70773	2.5902764	0.0467	6.862160	23.03554
1471	10.05185	2.5619992	0.0499	6.830326	22.54398
1472	10.32702	2.5555738	0.0497	6.798178	22.31235
1473	10.50286	1.6326715	0.0497	7.154582	13.61474
1474	10.55002	0.7231807	0.0470	7.516381	5.64643
1475	10.47210	0.6943920	0.0470	7.540869	5.41727
1476	10.36773	0.6054636	0.0410	7.593977	4.69119
1477	10.26681	0.5727476	0.0532	7.624294	4.43284
1478	10.14916	0.5098306	0.0472	7.669787	3.92735
1479	10.08278	0.4390856	0.0471	7.709642	3.35520
1480	10.04315	0.4535068	0.0471	7.710859	3.47651
1481	10.00850	0.4785318	0.0503	7.706917	3.68488
1482	9.97432	0.4251796	0.0380	7.734338	3.25184
1483	9.93643	0.3442300	0.0475	7.773320	2.60057
1484	9.89807	0.3212453	0.0413	7.789305	2.41925
1485	9.86259	0.2802884	0.0445	7.811861	2.09576
1486	9.82882	0.2401837	0.0444	7.833712	1.78164
1487	9.79709	0.2293830	0.0415	7.843721	1.69860
1488	9.76923	0.2621312	0.0415	7.835971	1.95738
1489	9.74540	0.2763713	0.0447	7.834694	2.07143
1490	9.72041	0.2997372	0.0447	7.829971	2.25891
1491	9.69333	0.2818293	0.0447	7.842021	2.11780
1492	9.66587	0.2548236	0.0417	7.857743	1.90513
1493	9.64071	0.2555590	0.0448	7.862063	1.91227
1494	9.61663	0.2195426	0.0479	7.880708	1.62984
1495	9.59200	0.2253242	0.0481	7.882973	1.67632
1496	9.56617	0.2191461	0.0419	7.890177	1.62900
1497	9.53997	0.2117867	0.0451	7.897925	1.57247
1498	9.51351	0.2033608	0.0512	7.906149	1.50767
1499	9.48314	0.2415270	0.0452	7.896650	1.80932
1500	9.45119	0.2515035	0.0452	7.898572	1.89007
1501	9.42214	0.2660484	0.0482	7.898105	2.00748
1502	9.39769	0.2530104	0.0452	7.907868	1.90486
1503	9.37629	0.2645168	0.0422	7.907201	1.99779
1504	9.35689	0.2312995	0.0395	7.924149	1.73452
1505	9.33771	0.2143425	0.0453	7.934502	1.60142
1506	9.31690	0.2138589	0.0454	7.938581	1.59853
1507	9.29582	0.1971791	0.0425	7.949178	1.46820
1508	9.27497	0.2271219	0.0394	7.941097	1.70533
1509	9.25495	0.2406864	0.0456	7.939368	1.81409
1510	9.23671	0.2577700	0.0395	7.935855	1.95147
1511	9.21957	0.2238880	0.0425	7.952759	1.68228
1512	9.20321	0.2084712	0.0457	7.962029	1.56099
1513	9.18811	0.1908920	0.0488	7.971915	1.42316
1514	9.17418	0.1744845	0.0456	7.981092	1.29516
1515	9.16063	0.1750005	0.0459	7.983444	1.29968
1516	9.14736	0.1970616	0.0489	7.977117	1.47333
1517	9.13486	0.2101252	0.0398	7.974212	1.57705
1518	9.12445	0.2848270	0.0428	7.945734	2.17567
1519	9.12916	0.2273532	0.0490	7.968315	1.71408
1520	9.13903	0.2585682	0.0490	7.953766	1.96318
1521	9.15421	0.2505534	0.0492	7.954192	1.89809
1522	9.17149	0.2322667	0.0400	7.958382	1.75117
1523	9.17950	0.2106554	0.0369	7.965604	1.57929
1524	9.16907	0.1907547	0.0370	7.975555	1.42283
1525	9.14259	0.1737889	0.0401	7.987336	1.29085
1526	9.11311	0.1584372	0.0371	7.999032	1.17217
1527	9.08453	0.1469572	0.0371	8.009018	1.08396
1528	9.05942	0.1382683	0.0402	8.017240	1.01749
1529	9.03580	0.1323537	0.0433	8.024085	0.97251
1530	9.01356	0.1268389	0.0462	8.030513	0.93064
1531	8.99018	0.1261830	0.0434	8.035243	0.92619
1532	8.96966	0.1670666	0.0404	8.022849	1.24434
1533	8.95035	0.1959502	0.0463	8.014846	1.47262
1534	8.93039	0.1957085	0.0435	8.018738	1.47153
1535	8.91300	0.1959032	0.0434	8.021966	1.47378
1536	8.89688	0.1797460	0.0344	8.031605	1.34664
1537	8.88081	0.1631175	0.0346	8.041404	1.21643
1538	8.86312	0.1503165	0.0314	8.049953	1.11685
1539	8.84593	0.1426106	0.0435	8.056351	1.05730
1540	8.83374	0.1360004	0.0345	8.061345	1.00627
1541	8.82200	0.1302058	0.0436	8.065927	0.96166
1542	8.81129	0.1254557	0.0436	8.069890	0.92518
1543	8.79928	0.1220598	0.0436	8.073562	0.89925
1544	8.78619	0.1186428	0.0375	8.077454	0.87321
1545	8.77256	0.1154905	0.0377	8.081345	0.84925
1546	8.75866	0.1159160	0.0378	8.083863	0.85286
1547	8.74650	0.1366819	0.0377	8.077881	1.01402
1548	8.73571	0.1824896	0.0377	8.061335	1.37446
1549	8.72621	0.1875539	0.0438	8.061080	1.41503
1550	8.71629	0.1905439	0.0408	8.061756	1.43921
1551	8.70621	0.1947117	0.0378	8.061975	1.47282
1552	8.69688	0.1873398	0.0408	8.066801	1.41449
1553	8.68805	0.1754269	0.0348	8.073393	1.32027
1554	8.67982	0.1699256	0.0380	8.077234	1.27703
1555	8.67207	0.1674882	0.0379	8.079726	1.25804
1556	8.66579	0.1644896	0.0377	8.082165	1.23457
1557	8.66065	0.1592179	0.0407	8.085313	1.19318
1558	8.65707	0.1540864	0.0378	8.088099	1.15290
1559	8.65442	0.1502276	0.0409	8.090185	1.12267
1560	8.65123	0.1467468	0.0411	8.092220	1.09546
1561	8.64733	0.1435011	0.0410	8.094294	1.07015
1562	8.64267	0.1405518	0.0411	8.096394	1.04721
1563	8.63775	0.1368360	0.0410	8.098857	1.01831
1564	8.63223	0.1439974	0.0380	8.097017	1.07449
1565	8.62715	0.1787857	0.0350	8.083752	1.34919
1566	8.62212	0.2038732	0.0350	8.074345	1.54961
1567	8.61752	0.1962795	0.0410	8.078380	1.48901
1568	8.61352	0.2065355	0.0350	8.074893	1.57134
1569	8.61022	0.2072875	0.0320	8.075215	1.57752
1570	8.60741	0.1964843	0.0411	8.080243	1.49107
1571	8.60519	0.1877447	0.0443	8.084290	1.42136
1572	8.60238	0.1791959	0.0350	8.088365	1.35339
1573	8.59913	0.1698791	0.0412	8.092831	1.27955
1574	8.59589	0.1606341	0.0441	8.097258	1.20652
1575	8.59319	0.1529249	0.0382	8.100940	1.14582
1576	8.59200	0.1466415	0.0442	8.103740	1.09645
1577	8.59194	0.1424859	0.0380	8.105446	1.06384
1578	8.59275	0.1389900	0.0381	8.106713	1.03644
1579	8.59346	0.1380128	0.0321	8.106974	1.02877
1580	8.59389	0.1372326	0.0352	8.107207	1.02266
1581	8.59448	0.1661311	0.0321	8.095272	1.25003
1582	8.59513	0.2173109	0.0383	8.073940	1.65881
1583	8.59594	0.2174802	0.0442	8.073713	1.66013
1584	8.59703	0.2297547	0.0412	8.068375	1.75916
1585	8.59875	0.2305987	0.0443	8.067689	1.76590
1586	8.60027	0.2352184	0.0383	8.065464	1.80321
1587	8.60200	0.2239088	0.0383	8.069865	1.71169
1588	8.60308	0.2170299	0.0414	8.072530	1.65618
1589	8.60335	0.1969243	0.0322	8.080842	1.49476
1590	8.60308	0.1791759	0.0443	8.088237	1.35320
1591	8.60243	0.1663468	0.0414	8.093646	1.25146
1592	8.60178	0.1578258	0.0382	8.097268	1.18416
1593	8.60124	0.1484685	0.0413	8.101201	1.11051
1594	8.60081	0.1401974	0.0383	8.104657	1.04566
1595	8.60005	0.1349885	0.0445	8.106923	1.00494
1596	8.60038	0.1810074	0.0384	8.088003	1.36787
1597	8.60146	0.2135889	0.0353	8.074276	1.62855
1598	8.60330	0.2115407	0.0474	8.074776	1.61200
1599	8.60497	0.2264121	0.0413	8.068248	1.73176
1600	8.60757	0.2291627	0.0384	8.066600	1.75385
1601	8.60989	0.2210350	0.0415	8.069550	1.68813
1602	8.61216	0.2116725	0.0383	8.073016	1.61265
1603	8.61481	0.2046784	0.0385	8.075415	1.55638
1604	8.61687	0.1974248	0.0355	8.078030	1.49820
1605	8.61919	0.1918040	0.0386	8.079910	1.45318
1606	8.62109	0.1857075	0.0417	8.082066	1.40449
1607	8.62266	0.1799463	0.0415	8.084140	1.35858
1608	8.62368	0.1752105	0.0444	8.085893	1.32093
1609	8.62444	0.1718666	0.0417	8.087122	1.29439
1610	8.62541	0.1690254	0.0385	8.088102	1.27185
1611	8.62590	0.1687896	0.0415	8.088105	1.26996
1612	8.62612	0.1945876	0.0386	8.077424	1.47513
1613	8.62660	0.2325294	0.0386	8.061541	1.78013
