Scan Count	Temperature [ITS-90, deg C]	Conductivity [S/m]	Pressure, Strain Gauge [db]	Depth [salt water, m]	Oxygen Saturation, Weiss [ml/l]	Salinity, Practical [PSU]
1	17.48768	0.0038912	0.0419	0.0417	6.683708	0.02595
2	17.48726	0.0038758	0.0389	0.0387	6.683769	0.02587
3	17.48699	0.0038696	0.0389	0.0387	6.683808	0.02584
4	17.48713	0.0038480	0.0389	0.0387	6.683793	0.02573
5	17.48733	0.0038449	0.0419	0.0417	6.683765	0.02571
6	17.48740	0.0038325	0.0419	0.0417	6.683758	0.02565
7	17.48747	0.0038233	0.0449	0.0447	6.683750	0.02561
8	17.48754	0.0038202	0.0419	0.0417	6.683741	0.02559
9	17.48775	0.0038140	0.0449	0.0447	6.683714	0.02556
10	17.48775	0.0037985	0.0388	0.0386	6.683717	0.02548
11	17.48747	0.0037955	0.0480	0.0477	6.683756	0.02547
12	17.48782	0.0037862	0.0449	0.0447	6.683710	0.02542
13	17.48782	0.0037738	0.0450	0.0447	6.683712	0.02536
14	17.48754	0.0037677	0.0419	0.0416	6.683752	0.02533
15	17.48706	0.0037584	0.0480	0.0477	6.683821	0.02528
16	17.48637	0.0037522	0.0449	0.0447	6.683918	0.02525
17	17.48568	0.0037337	0.0480	0.0477	6.684018	0.02516
18	17.48471	0.0037152	0.0449	0.0447	6.684156	0.02506
19	17.48360	0.0037152	0.0480	0.0477	6.684310	0.02506
20	17.48298	0.0037183	0.0419	0.0416	6.684396	0.02508
21	17.48291	0.0037059	0.0449	0.0447	6.684408	0.02502
22	17.48222	0.0036935	0.0419	0.0417	6.684506	0.02496
23	17.48139	0.0036874	0.0419	0.0417	6.684623	0.02492
24	17.47939	0.0036781	0.0480	0.0477	6.684903	0.02488
25	17.47677	0.0036534	0.0419	0.0417	6.685273	0.02475
26	17.47566	0.0036441	0.0419	0.0416	6.685429	0.02471
27	17.47421	0.0036380	0.0449	0.0447	6.685631	0.02468
28	17.47242	0.0036349	0.0449	0.0447	6.685882	0.02466
29	17.47028	0.0036781	0.0449	0.0447	6.686171	0.02488
30	17.46904	0.0036781	0.0479	0.0477	6.686344	0.02488
31	17.46814	0.0036441	0.0510	0.0507	6.686475	0.02471
32	17.46842	0.0036225	0.0480	0.0478	6.686441	0.02460
33	17.46855	0.0036071	0.0449	0.0447	6.686425	0.02452
34	17.46862	0.0037059	0.0419	0.0416	6.686396	0.02502
35	17.46642	0.0039962	0.0510	0.0508	6.686644	0.02648
36	17.46214	0.0047345	0.0449	0.0447	6.687088	0.03024
37	17.46020	0.0057513	0.0510	0.0507	6.687146	0.03548
38	17.46089	0.0067098	0.0449	0.0446	6.686849	0.04048
39	17.46200	0.0069944	0.0419	0.0416	6.686636	0.04197
40	17.45710	0.0068799	0.0419	0.0417	6.687341	0.04137
41	17.43758	0.0067098	0.0449	0.0447	6.690095	0.04049
42	17.41435	0.0073532	0.0450	0.0447	6.693195	0.04389
43	17.40615	0.0075450	0.0480	0.0477	6.694297	0.04491
44	17.40477	0.0076719	0.0480	0.0477	6.694462	0.04558
45	17.40147	0.0077337	0.0480	0.0477	6.694910	0.04591
46	17.39561	0.0077833	0.0450	0.0447	6.695715	0.04618
47	17.38997	0.0076719	0.0449	0.0446	6.696527	0.04559
48	17.39010	0.0076255	0.0419	0.0417	6.696518	0.04535
49	17.39128	0.0074089	0.0449	0.0447	6.696400	0.04420
50	17.39245	0.0071862	0.0419	0.0417	6.696285	0.04302
51	17.39369	0.0070562	0.0480	0.0478	6.696139	0.04234
52	17.39403	0.0070067	0.0419	0.0417	6.696102	0.04207
53	17.39424	0.0068181	0.0450	0.0447	6.696113	0.04108
54	17.39382	0.0066480	0.0419	0.0417	6.696207	0.04019
55	17.39066	0.0065397	0.0449	0.0447	6.696671	0.03962
56	17.38584	0.0064532	0.0511	0.0508	6.697362	0.03917
57	17.38184	0.0063789	0.0450	0.0447	6.697935	0.03878
58	17.37723	0.0062862	0.0450	0.0447	6.698598	0.03830
59	17.37647	0.0062089	0.0511	0.0508	6.698720	0.03790
60	17.37757	0.0061007	0.0449	0.0447	6.698589	0.03733
61	17.37042	0.0060667	0.0420	0.0417	6.699596	0.03716
62	17.35666	0.0060574	0.0450	0.0448	6.701519	0.03711
63	17.35466	0.0059337	0.0450	0.0447	6.701824	0.03647
64	17.35604	0.0058781	0.0449	0.0447	6.701644	0.03618
65	17.35487	0.0058379	0.0450	0.0447	6.701815	0.03597
66	17.34868	0.0058502	0.0450	0.0448	6.702678	0.03604
67	17.33953	0.0058162	0.0510	0.0508	6.703963	0.03586
68	17.33637	0.0057513	0.0419	0.0417	6.704419	0.03553
69	17.33603	0.0058410	0.0420	0.0417	6.704448	0.03599
70	17.33603	0.0058719	0.0420	0.0417	6.704441	0.03615
71	17.33685	0.0058162	0.0480	0.0478	6.704338	0.03586
72	17.33527	0.0057204	0.0450	0.0447	6.704579	0.03536
73	17.32194	0.0055999	0.0450	0.0447	6.706469	0.03474
74	17.30359	0.0055102	0.0450	0.0447	6.709054	0.03428
75	17.29789	0.0054484	0.0481	0.0478	6.709865	0.03396
76	17.29975	0.0054762	0.0480	0.0477	6.709600	0.03411
77	17.30373	0.0053866	0.0420	0.0417	6.709061	0.03364
78	17.30716	0.0053062	0.0450	0.0448	6.708597	0.03322
79	17.30318	0.0052166	0.0512	0.0509	6.709174	0.03276
80	17.28546	0.0051239	0.0451	0.0448	6.711673	0.03229
81	17.27709	0.0050466	0.0451	0.0448	6.712863	0.03189
82	17.27901	0.0049632	0.0450	0.0448	6.712611	0.03146
83	17.28292	0.0049045	0.0451	0.0448	6.712075	0.03115
84	17.28718	0.0048520	0.0481	0.0478	6.711490	0.03088
85	17.29233	0.0047871	0.0450	0.0448	6.710782	0.03055
86	17.29810	0.0047345	0.0450	0.0447	6.709985	0.03028
87	17.30304	0.0047253	0.0511	0.0508	6.709295	0.03023
88	17.30723	0.0046975	0.0481	0.0478	6.708715	0.03008
89	17.30984	0.0046295	0.0481	0.0478	6.708363	0.02973
90	17.31293	0.0045986	0.0450	0.0448	6.707937	0.02957
91	17.31575	0.0046264	0.0451	0.0448	6.707537	0.02972
92	17.31706	0.0046388	0.0420	0.0418	6.707352	0.02978
93	17.31857	0.0045986	0.0450	0.0448	6.707149	0.02957
94	17.32042	0.0046079	0.0481	0.0479	6.706887	0.02962
95	17.32310	0.0045739	0.0421	0.0418	6.706519	0.02945
96	17.32688	0.0045523	0.0390	0.0388	6.705995	0.02933
97	17.33101	0.0045275	0.0451	0.0448	6.705424	0.02921
98	17.33231	0.0044997	0.0481	0.0478	6.705247	0.02906
99	17.33431	0.0044966	0.0512	0.0509	6.704969	0.02905
100	17.33623	0.0044750	0.0481	0.0478	6.704704	0.02894
101	17.33802	0.0044565	0.0482	0.0479	6.704458	0.02884
102	17.33891	0.0044287	0.0481	0.0479	6.704339	0.02870
103	17.33898	0.0044194	0.0481	0.0478	6.704331	0.02865
104	17.34049	0.0044071	0.0512	0.0509	6.704122	0.02859
105	17.34256	0.0044040	0.0481	0.0479	6.703834	0.02857
106	17.34496	0.0043916	0.0481	0.0479	6.703500	0.02851
107	17.34682	0.0043576	0.0482	0.0479	6.703248	0.02833
108	17.34634	0.0043576	0.0481	0.0479	6.703315	0.02834
109	17.34579	0.0043144	0.0482	0.0479	6.703401	0.02811
110	17.34228	0.0043051	0.0481	0.0478	6.703893	0.02807
111	17.33389	0.0042989	0.0451	0.0449	6.705067	0.02804
112	17.33307	0.0042588	0.0481	0.0478	6.705191	0.02783
113	17.32757	0.0042248	0.0482	0.0479	6.705967	0.02766
114	17.31919	0.0042155	0.0481	0.0479	6.707141	0.02762
115	17.31403	0.0041877	0.0421	0.0419	6.707868	0.02748
116	17.30984	0.0041630	0.0482	0.0479	6.708460	0.02735
117	17.30716	0.0041445	0.0421	0.0419	6.708838	0.02726
118	17.30538	0.0041229	0.0390	0.0388	6.709093	0.02715
119	17.27853	0.0040981	0.0421	0.0419	6.712857	0.02703
120	17.24835	0.0040734	0.0482	0.0479	6.717094	0.02690
121	17.23765	0.0040580	0.0451	0.0448	6.718598	0.02683
122	17.23690	0.0040456	0.0451	0.0448	6.718706	0.02676
123	17.23505	0.0040024	0.0451	0.0449	6.718975	0.02655
124	17.23614	0.0039839	0.0482	0.0479	6.718825	0.02645
125	17.23731	0.0039561	0.0451	0.0449	6.718667	0.02631
126	17.23820	0.0039406	0.0482	0.0479	6.718545	0.02623
127	17.23875	0.0039128	0.0482	0.0479	6.718474	0.02609
128	17.21456	0.0038912	0.0482	0.0479	6.721874	0.02598
129	17.18238	0.0038758	0.0452	0.0449	6.726400	0.02591
130	17.17273	0.0038696	0.0421	0.0419	6.727758	0.02588
131	17.17335	0.0038387	0.0482	0.0479	6.727678	0.02572
132	17.17403	0.0038325	0.0482	0.0480	6.727583	0.02569
133	17.18046	0.0037986	0.0512	0.0510	6.726686	0.02552
134	17.18710	0.0037677	0.0512	0.0509	6.725758	0.02536
135	17.19367	0.0037491	0.0452	0.0449	6.724838	0.02527
136	17.20025	0.0037337	0.0421	0.0419	6.723918	0.02519
137	17.19751	0.0037152	0.0483	0.0480	6.724306	0.02509
138	17.18915	0.0037028	0.0483	0.0480	6.725483	0.02503
139	17.18559	0.0036874	0.0512	0.0509	6.725987	0.02495
140	17.18518	0.0036719	0.0513	0.0510	6.726047	0.02488
141	17.18375	0.0036441	0.0543	0.0540	6.726255	0.02474
142	17.17725	0.0036441	0.0482	0.0480	6.727170	0.02474
143	17.18039	0.0036225	0.0452	0.0450	6.726731	0.02463
144	17.18340	0.0095942	0.0543	0.0540	6.725034	0.05605
145	16.31041	0.0869691	0.0879	0.0874	6.830565	0.51929
146	14.35423	1.2602887	0.1579	0.1571	6.750301	9.28600
147	12.85062	3.0359131	0.2646	0.2631	6.317575	25.19820
148	11.87639	3.0639482	0.3590	0.3570	6.414082	26.12318
149	11.23398	3.0832421	0.4169	0.4146	6.478252	26.76411
150	10.80318	3.1013321	0.4901	0.4874	6.519585	27.25484
151	10.51041	3.1083013	0.5571	0.5540	6.549941	27.54206
152	10.32696	3.1164328	0.6241	0.6207	6.567497	27.76110
153	10.21707	3.1244422	0.6941	0.6903	6.576735	27.92423
154	10.14320	3.1358405	0.7185	0.7146	6.580455	28.09396
155	10.11385	3.1530718	0.7186	0.7147	6.576669	28.28755
156	10.10227	3.1641374	0.7034	0.6995	6.573402	28.40641
157	10.09525	3.1599521	0.6911	0.6873	6.575933	28.37037
158	10.07391	3.1508213	0.6851	0.6813	6.582146	28.29641
159	10.04579	3.1496036	0.6820	0.6783	6.585855	28.30630
160	10.04534	3.1576380	0.6698	0.6662	6.582568	28.38649
161	10.05606	3.1638963	0.6516	0.6480	6.578750	28.44030
162	10.06178	3.1657357	0.6363	0.6328	6.577336	28.45409
163	10.05959	3.1704384	0.6242	0.6207	6.575633	28.50256
164	10.06324	3.1748336	0.6089	0.6056	6.573395	28.54339
165	10.06594	3.1713742	0.5937	0.5905	6.574524	28.50688
166	10.05656	3.1667888	0.5876	0.5844	6.577491	28.46868
167	10.04080	3.1614569	0.5967	0.5934	6.581497	28.42805
168	10.03423	3.1642557	0.5998	0.5965	6.581081	28.46104
169	10.05017	3.1825760	0.6059	0.6026	6.571664	28.63072
170	10.08727	3.1863812	0.6059	0.6026	6.565887	28.63922
171	10.10143	3.1800870	0.6059	0.6026	6.566892	28.56550
172	10.09076	3.1695952	0.6089	0.6056	6.572447	28.46968
173	10.08188	3.1668195	0.6089	0.6056	6.574604	28.44908
174	10.08402	3.1610045	0.6089	0.6056	6.576772	28.38965
175	10.08273	3.1043207	0.6029	0.5995	6.600429	27.82848
176	10.06863	3.0522104	0.6151	0.6117	6.623698	27.32357
177	10.05454	3.0596240	0.6120	0.6087	6.622250	27.40753
178	10.05134	3.0850265	0.6029	0.5995	6.612056	27.66141
179	10.04444	3.0455914	0.6028	0.5995	6.629260	27.27636
180	10.03137	3.1486208	0.5998	0.5965	6.587906	28.30783
181	10.02352	3.1653707	0.5937	0.5904	6.581835	28.48056
182	10.03154	3.1668820	0.5816	0.5784	6.580295	28.48929
183	10.03709	3.1652838	0.5785	0.5753	6.580328	28.46902
184	10.02896	3.1606770	0.5847	0.5814	6.583168	28.42960
185	10.01814	3.1633332	0.5846	0.5814	6.583294	28.46452
186	10.01898	3.1689639	0.5847	0.5814	6.580857	28.51989
187	10.03479	3.1726143	0.5785	0.5753	6.577543	28.54375
188	10.04983	3.1754911	0.5786	0.5754	6.574643	28.56051
189	10.05252	3.1661880	0.5785	0.5753	6.578199	28.46588
190	10.04063	3.1550209	0.5785	0.5753	6.584190	28.36421
191	10.02863	3.1618409	0.5876	0.5844	6.582722	28.44143
192	10.05539	3.1936995	0.5876	0.5844	6.566457	28.73728
193	10.11638	3.2102470	0.5907	0.5874	6.552727	28.85341
194	10.12077	3.2081984	0.5846	0.5814	6.553081	28.82956
195	10.10919	3.2085659	0.5785	0.5753	6.554231	28.84243
196	10.09935	3.2191755	0.5754	0.5723	6.550947	28.95582
197	10.09654	3.2124208	0.5755	0.5723	6.554059	28.89085
198	10.09525	3.1142435	0.5694	0.5662	6.594876	27.91715
199	10.09138	3.1362174	0.5663	0.5632	6.586209	28.13795
200	10.08020	3.1070632	0.5664	0.5633	6.599581	27.85761
201	10.08761	3.1990333	0.5664	0.5633	6.560607	28.76478
202	10.12819	3.2017759	0.5725	0.5693	6.554900	28.75984
203	10.28849	3.1420809	0.5634	0.5603	6.561357	28.04339
204	10.52763	3.1665424	0.5694	0.5663	6.524388	28.09973
205	10.67171	3.2210087	0.5694	0.5663	6.486349	28.52204
206	10.71211	3.2173552	0.5663	0.5632	6.483339	28.45481
207	10.69305	3.2128443	0.5603	0.5572	6.487261	28.42549
208	10.67046	3.2127511	0.5664	0.5633	6.489805	28.44214
209	10.64349	3.2266725	0.5694	0.5663	6.487199	28.59960
210	10.63585	3.2411917	0.5573	0.5542	6.482204	28.74804
211	10.61705	3.2442238	0.5512	0.5482	6.483061	28.79262
212	10.66048	3.2407852	0.5481	0.5451	6.479648	28.72470
213	10.72725	3.2309592	0.5451	0.5421	6.476215	28.57614
214	10.75713	3.2362043	0.5511	0.5481	6.470819	28.60411
215	10.77732	3.2504267	0.5481	0.5451	6.462916	28.72742
216	10.80387	3.2524477	0.5513	0.5482	6.459193	28.72636
217	10.84561	3.2452468	0.5513	0.5482	6.457476	28.62337
218	10.91507	3.2423639	0.5542	0.5511	6.450996	28.54116
219	10.97252	3.2561768	0.5512	0.5482	6.439238	28.63092
220	11.01330	3.2565208	0.5482	0.5452	6.434646	28.60251
221	11.10793	3.2534710	0.5481	0.5451	6.425523	28.49949
222	11.27221	3.2470997	0.5604	0.5573	6.410128	28.31132
223	11.36250	3.2466359	0.5604	0.5573	6.400502	28.23777
224	11.40237	3.2544631	0.5604	0.5573	6.393152	28.28261
225	11.40464	3.2570489	0.5665	0.5634	6.391908	28.30573
226	11.37342	3.2482808	0.5634	0.5603	6.398680	28.24526
227	11.28398	3.2392350	0.5573	0.5543	6.411907	28.22647
228	11.17764	3.2422361	0.5543	0.5513	6.422323	28.33695
229	11.09420	3.2559000	0.5604	0.5573	6.426066	28.53367
230	11.05517	3.2544042	0.5696	0.5665	6.430910	28.54942
231	10.99564	3.2428569	0.5696	0.5665	6.441969	28.48342
232	11.08514	3.2476021	0.5696	0.5665	6.430313	28.46021
233	11.19573	3.2405358	0.5726	0.5695	6.421014	28.30661
234	11.23688	3.2448988	0.5757	0.5726	6.414829	28.31718
235	11.26572	3.2659970	0.5666	0.5635	6.403479	28.49872
236	11.29830	3.2681220	0.5666	0.5635	6.399124	28.49409
237	11.31327	3.2689934	0.5818	0.5786	6.397167	28.49095
238	11.31054	3.2712512	0.5910	0.5877	6.396585	28.51483
239	11.30834	3.2675889	0.5910	0.5878	6.398246	28.48120
240	11.30143	3.2593547	0.5941	0.5908	6.402191	28.40709
241	11.22281	3.2570821	0.6063	0.6029	6.411608	28.44568
242	11.10700	3.2634102	0.6002	0.5969	6.421724	28.59656
243	11.04342	3.2696861	0.6032	0.5999	6.426178	28.70698
244	11.00651	3.2736320	0.6032	0.5999	6.428640	28.77419
245	10.96470	3.2761989	0.6154	0.6121	6.432180	28.83195
246	10.91352	3.2750197	0.6154	0.6120	6.438224	28.86066
247	10.88724	3.2730686	0.6124	0.6090	6.441865	28.86229
248	11.03800	3.2723455	0.6186	0.6152	6.425720	28.73705
249	11.27633	3.2727508	0.6369	0.6334	6.399704	28.55572
250	11.44899	3.2735332	0.6399	0.6364	6.380760	28.43021
251	11.55949	3.2749375	0.6308	0.6273	6.368330	28.35902
252	11.63362	3.2729666	0.6277	0.6243	6.361125	28.28359
253	11.66342	3.2665884	0.6399	0.6364	6.360360	28.19997
254	11.61168	3.2659307	0.6430	0.6395	6.366169	28.23298
255	11.54519	3.2689282	0.6491	0.6455	6.372172	28.31235
256	11.50225	3.2719642	0.6308	0.6273	6.375628	28.37431
257	11.43798	3.2694310	0.6339	0.6304	6.383527	28.39922
258	11.30207	3.2589789	0.6400	0.6365	6.402269	28.40295
259	11.11491	3.2608162	0.6614	0.6578	6.421882	28.56525
260	11.01221	3.2740649	0.6706	0.6669	6.427850	28.77392
261	10.94838	3.2745989	0.6827	0.6790	6.434591	28.82914
262	11.02349	3.2706270	0.6706	0.6669	6.427977	28.73166
263	11.16527	3.2530635	0.6767	0.6730	6.419438	28.45118
264	11.20268	3.2353376	0.6828	0.6790	6.422290	28.25102
265	11.10395	3.2388621	0.6828	0.6790	6.431693	28.36094
266	11.02643	3.2545297	0.6859	0.6821	6.434000	28.57291
267	10.99880	3.2593579	0.6890	0.6852	6.435113	28.64133
268	10.93046	3.2517956	0.6920	0.6882	6.445574	28.62099
269	10.87645	3.2358033	0.6890	0.6852	6.457843	28.50719
270	10.77595	3.2269207	0.6921	0.6883	6.472455	28.49864
271	10.68614	3.2230103	0.6890	0.6852	6.483949	28.53035
272	10.62810	3.2248260	0.6921	0.6883	6.489648	28.59348
273	10.57129	3.2264923	0.6951	0.6913	6.495277	28.65436
274	10.51683	3.2296006	0.7074	0.7035	6.500064	28.72774
275	10.46881	3.2297260	0.7074	0.7035	6.505348	28.76684
276	10.43133	3.2229506	0.7074	0.7035	6.512270	28.72961
277	10.39116	3.2161621	0.7105	0.7066	6.519512	28.69430
278	10.34556	3.2200645	0.7166	0.7126	6.523011	28.76885
279	10.31617	3.2352845	0.7257	0.7218	6.520069	28.94273
280	10.30696	3.2406327	0.7258	0.7218	6.518907	29.00302
281	10.29927	3.2341106	0.7289	0.7249	6.522432	28.94455
282	10.28126	3.2171604	0.7319	0.7279	6.531387	28.79101
283	10.24904	3.2015320	0.7320	0.7279	6.541411	28.66173
284	10.21679	3.1968059	0.7411	0.7370	6.546978	28.64035
285	10.19409	3.2092686	0.7411	0.7371	6.544401	28.78189
286	10.19510	3.2195112	0.7503	0.7462	6.540070	28.88273
287	10.20028	3.2194488	0.7503	0.7462	6.539515	28.87798
288	10.19842	3.2227411	0.7504	0.7463	6.538368	28.91214
289	10.19499	3.2247994	0.7626	0.7584	6.537905	28.93531
290	10.19493	3.2123326	0.7687	0.7645	6.543045	28.81161
291	10.19234	3.2017753	0.7778	0.7736	6.547684	28.70892
292	10.17911	3.1915358	0.7809	0.7766	6.553393	28.61782
293	10.15277	3.1906538	0.7840	0.7797	6.556727	28.62985
294	10.13775	3.2038539	0.7810	0.7767	6.552968	28.77281
295	10.13707	3.2045819	0.7841	0.7798	6.552743	28.78058
296	10.13353	3.1914120	0.7841	0.7798	6.558584	28.65257
297	10.12105	3.1913562	0.7993	0.7950	6.560016	28.66188
298	10.11216	3.2073083	0.8085	0.8041	6.554420	28.82746
299	10.11627	3.2257235	0.8177	0.8132	6.546345	29.00736
300	10.12285	3.2356551	0.8207	0.8162	6.541504	29.10093
301	10.19392	3.2442596	0.8238	0.8193	6.530016	29.12944
302	10.35834	3.2484167	0.8238	0.8193	6.510015	29.03904
303	10.55662	3.2491591	0.8238	0.8193	6.487752	28.88876
304	10.71720	3.2437914	0.8239	0.8194	6.472190	28.70953
305	10.80696	3.2376594	0.8300	0.8255	6.464753	28.57934
306	10.84155	3.2310829	0.8301	0.8256	6.463564	28.48823
307	10.84470	3.2243310	0.8362	0.8316	6.465903	28.41993
308	10.80667	3.2150237	0.8363	0.8317	6.473811	28.35859
309	10.73273	3.2082481	0.8423	0.8377	6.484706	28.34965
310	10.64132	3.2065061	0.8576	0.8529	6.495556	28.40350
311	10.56401	3.2051936	0.8546	0.8500	6.504689	28.45079
312	10.50559	3.2036634	0.8729	0.8681	6.511823	28.48133
313	10.45434	3.2012562	0.8760	0.8712	6.518523	28.49768
314	10.41048	3.1983895	0.8761	0.8713	6.524596	28.50376
315	10.36360	3.1965247	0.8791	0.8743	6.530608	28.52207
316	10.31255	3.1975324	0.8730	0.8682	6.535923	28.57210
317	10.27584	3.2024152	0.8670	0.8622	6.538041	28.64928
318	10.26140	3.2031806	0.8609	0.8561	6.539349	28.66825
319	10.25604	3.1946671	0.8458	0.8411	6.543445	28.58821
320	10.22964	3.1820591	0.8549	0.8502	6.551598	28.48414
321	10.17691	3.1677231	0.8671	0.8624	6.563462	28.38346
322	10.12290	3.1603728	0.8732	0.8684	6.572622	28.35284
323	10.07717	3.1595500	0.8824	0.8776	6.578158	28.38047
324	10.04899	3.1627509	0.8764	0.8716	6.580033	28.43438
325	10.05050	3.1712877	0.8795	0.8746	6.576316	28.51806
326	10.08329	3.1836993	0.8764	0.8716	6.567453	28.61560
327	10.11009	3.1954953	0.8764	0.8716	6.559542	28.71165
328	10.10284	3.2039476	0.8735	0.8687	6.556862	28.80144
329	10.07582	3.2066987	0.8583	0.8535	6.558766	28.85031
330	10.04495	3.2088717	0.8553	0.8506	6.561343	28.89657
331	10.03171	3.1976224	0.8736	0.8688	6.567508	28.79504
332	10.03407	3.1618162	0.9133	0.9082	6.582119	28.43679
333	10.01309	3.1414230	0.9559	0.9507	6.592992	28.25043
334	9.96592	3.1308941	1.0138	1.0082	6.602779	28.18249
335	9.89695	3.1254133	1.0626	1.0568	6.612986	28.18168
336	9.82464	3.1220677	1.1114	1.1053	6.622710	28.20475
337	9.75074	3.1190745	1.1632	1.1568	6.632494	28.23265
338	9.68304	3.1226360	1.1846	1.1781	6.638808	28.32146
339	9.64060	3.1385556	1.1907	1.1842	6.636956	28.51471
340	9.64715	3.1515183	1.1817	1.1752	6.630701	28.63973
341	9.64693	3.1569801	1.1848	1.1782	6.628409	28.69480
342	9.62961	3.1569803	1.1756	1.1692	6.630399	28.70862
343	9.61280	3.1487860	1.1726	1.1662	6.635815	28.63963
344	9.59976	3.1405010	1.1727	1.1662	6.640840	28.56669
345	9.58867	3.1362042	1.1788	1.1724	6.643949	28.53228
346	9.56966	3.1300656	1.1788	1.1723	6.648761	28.48562
347	9.54412	3.1275499	1.1819	1.1755	6.652791	28.48055
348	9.52972	3.1279816	1.1759	1.1694	6.654274	28.49632
349	9.54152	3.1294985	1.1820	1.1755	6.652261	28.50223
350	9.55204	3.1328662	1.1759	1.1695	6.649606	28.52779
351	9.56041	3.1355009	1.1790	1.1726	6.647515	28.54766
352	9.57415	3.1342975	1.1821	1.1756	6.646439	28.52463
353	9.58917	3.1334026	1.1882	1.1817	6.645084	28.50371
354	9.60719	3.1291154	1.2004	1.1938	6.644825	28.44633
355	9.62667	3.1255085	1.2066	1.2000	6.644106	28.39470
356	9.64421	3.1249228	1.2127	1.2060	6.642327	28.37497
357	9.66087	3.1252493	1.2128	1.2062	6.640262	28.36511
358	9.67498	3.1259457	1.2189	1.2122	6.638337	28.36097
359	9.68237	3.1255141	1.2281	1.2213	6.637666	28.35082
360	9.68354	3.1248299	1.2251	1.2184	6.637821	28.34304
361	9.68415	3.1247128	1.2190	1.2123	6.637800	28.34139
362	9.68610	3.1247251	1.2160	1.2093	6.637570	28.33998
363	9.68410	3.1243245	1.2100	1.2033	6.637971	28.33754
364	9.67232	3.1235543	1.2191	1.2124	6.639659	28.33909
365	9.65726	3.1232586	1.2223	1.2156	6.641524	28.34798
366	9.64721	3.1243804	1.2284	1.2217	6.642211	28.36716
367	9.64499	3.1280113	1.2315	1.2247	6.640926	28.40535
368	9.65137	3.1324149	1.2224	1.2156	6.638320	28.44451
369	9.66515	3.1324764	1.2316	1.2248	6.636704	28.43424
370	9.67893	3.1323282	1.2316	1.2249	6.635177	28.42187
371	9.68777	3.1357218	1.2287	1.2219	6.632721	28.44893
372	9.69494	3.1417228	1.2409	1.2341	6.629354	28.50344
373	9.70495	3.1473573	1.2470	1.2402	6.625819	28.55202
374	9.71535	3.1519072	1.2440	1.2372	6.622700	28.58940
375	9.72069	3.1555069	1.2379	1.2311	6.620566	28.62126
376	9.71958	3.1575177	1.2410	1.2342	6.619844	28.64231
377	9.71540	3.1583594	1.2411	1.2342	6.619967	28.65407
378	9.71346	3.1584460	1.2411	1.2343	6.620153	28.65649
379	9.71791	3.1580623	1.2381	1.2313	6.619805	28.64910
380	9.72659	3.1568865	1.2382	1.2314	6.619307	28.63041
381	9.73376	3.1548757	1.2413	1.2345	6.619333	28.60454
382	9.73772	3.1522038	1.2444	1.2375	6.620008	28.57462
383	9.73872	3.1497924	1.2384	1.2316	6.620911	28.54966
384	9.73766	3.1488775	1.2293	1.2225	6.621418	28.54133
385	9.73644	3.1502252	1.2324	1.2256	6.620990	28.55581
386	9.73749	3.1523522	1.2263	1.2195	6.619970	28.57629
387	9.74206	3.1524140	1.2294	1.2227	6.619420	28.57329
388	9.74746	3.1502374	1.2264	1.2197	6.619719	28.54720
389	9.74963	3.1475299	1.2356	1.2288	6.620613	28.51835
390	9.74529	3.1457316	1.2325	1.2258	6.621871	28.50378
391	9.73605	3.1457626	1.2388	1.2320	6.622919	28.51140
392	9.72736	3.1485932	1.2388	1.2320	6.622721	28.54664
393	9.72558	3.1540346	1.2449	1.2381	6.620627	28.60260
394	9.73276	3.1586624	1.2449	1.2381	6.617849	28.64330
395	9.74339	3.1611878	1.2420	1.2352	6.615564	28.66017
396	9.75113	3.1614291	1.2420	1.2351	6.614576	28.65643
397	9.75715	3.1606367	1.2481	1.2413	6.614222	28.64371
398	9.76316	3.1601352	1.2512	1.2444	6.613745	28.63390
399	9.76895	3.1603456	1.2513	1.2444	6.612993	28.63141
400	9.77408	3.1601970	1.2514	1.2445	6.612469	28.62585
401	9.77887	3.1579132	1.2484	1.2415	6.612882	28.59917
402	9.78138	3.1541948	1.2545	1.2476	6.614162	28.55995
403	9.77831	3.1528960	1.2485	1.2416	6.615060	28.54938
404	9.77190	3.1558652	1.2455	1.2387	6.614543	28.58419
405	9.77029	3.1607975	1.2364	1.2296	6.612649	28.63488
406	9.77675	3.1627848	1.2303	1.2236	6.611072	28.64965
407	9.78505	3.1603207	1.2274	1.2207	6.611160	28.61838
408	9.78957	3.1547886	1.2182	1.2115	6.612972	28.55942
409	9.78466	3.1515478	1.2244	1.2177	6.614899	28.53086
410	9.77140	3.1525621	1.2275	1.2208	6.615992	28.55151
411	9.76188	3.1567067	1.2306	1.2238	6.615337	28.60058
412	9.76344	3.1598443	1.2306	1.2238	6.613835	28.63077
413	9.77229	3.1611317	1.2337	1.2269	6.612279	28.63663
414	9.78188	3.1623946	1.2399	1.2330	6.610650	28.64167
415	9.79079	3.1655591	1.2430	1.2362	6.608298	28.66627
416	9.79826	3.1695365	1.2399	1.2331	6.605771	28.70016
417	9.80105	3.1717118	1.2431	1.2363	6.604538	28.71972
418	9.79888	3.1736150	1.2401	1.2332	6.603985	28.74051
419	9.80696	3.1745822	1.2462	1.2394	6.602656	28.74375
420	9.85528	3.1750096	1.2432	1.2364	6.596968	28.70956
421	9.91668	3.1759764	1.2494	1.2425	6.589573	28.67043
422	9.97152	3.1773341	1.2494	1.2425	6.582774	28.64050
423	10.02100	3.1773336	1.2464	1.2396	6.577158	28.60135
424	10.06437	3.1770354	1.2404	1.2336	6.572365	28.56415
425	10.13966	3.1772455	1.2313	1.2246	6.563752	28.50695
426	10.23398	3.1766987	1.2313	1.2245	6.553319	28.42753
427	10.30283	3.1761522	1.2345	1.2277	6.545777	28.36832
428	10.34296	3.1769705	1.2345	1.2277	6.540922	28.34511
429	10.37181	3.1783907	1.2315	1.2248	6.537095	28.33665
430	10.39405	3.1793024	1.2376	1.2308	6.534222	28.32832
431	10.41104	3.1797552	1.2317	1.2250	6.532128	28.31957
432	10.42509	3.1801769	1.2347	1.2280	6.530378	28.31280
433	10.43801	3.1808718	1.2318	1.2251	6.528644	28.30960
434	10.45264	3.1814798	1.2379	1.2311	6.526756	28.30422
435	10.46949	3.1820257	1.2471	1.2402	6.524644	28.29651
436	10.49054	3.1827827	1.2380	1.2312	6.521977	28.28762
437	10.51513	3.1839122	1.2441	1.2373	6.518764	28.27964
438	10.53911	3.1850294	1.2443	1.2374	6.515628	28.27203
439	10.55855	3.1856935	1.2382	1.2314	6.513184	28.26350
440	10.57277	3.1860907	1.2413	1.2344	6.511434	28.25639
441	10.58426	3.1865750	1.2444	1.2376	6.509954	28.25224
442	10.59377	3.1871213	1.2506	1.2437	6.508672	28.25025
443	10.60185	3.1873945	1.2506	1.2437	6.507659	28.24667
444	10.60897	3.1875186	1.2537	1.2468	6.506814	28.24239
445	10.61534	3.1879471	1.2537	1.2468	6.505929	28.24165
446	10.62132	3.1884315	1.2569	1.2500	6.505066	28.24178
447	10.62833	3.1887606	1.2447	1.2379	6.504152	28.23959
448	10.63562	3.1887357	1.2417	1.2349	6.503348	28.23371
449	10.64155	3.1880648	1.2388	1.2320	6.502957	28.22257
450	10.64508	3.1866675	1.2388	1.2320	6.503125	28.20616
451	10.64600	3.1855125	1.2389	1.2321	6.503488	28.19416
452	10.64503	3.1846309	1.2359	1.2291	6.503950	28.18627
453	10.64315	3.1840723	1.2420	1.2352	6.504385	28.18225
454	10.64104	3.1840537	1.2512	1.2444	6.504628	28.18369
455	10.63899	3.1841778	1.2422	1.2354	6.504807	28.18650
456	10.63768	3.1843020	1.2484	1.2415	6.504904	28.18872
457	10.63682	3.1843579	1.2515	1.2446	6.504977	28.18992
458	10.63614	3.1845441	1.2454	1.2385	6.504978	28.19228
459	10.63551	3.1849663	1.2454	1.2386	6.504878	28.19689
460	10.63505	3.1857859	1.2455	1.2387	6.504599	28.20527
461	10.63488	3.1867297	1.2517	1.2448	6.504238	28.21464
462	10.63414	3.1870899	1.2426	1.2358	6.504176	28.21874
463	10.63335	3.1868787	1.2366	1.2298	6.504350	28.21729
464	10.63278	3.1859659	1.2366	1.2298	6.504781	28.20879
465	10.63226	3.1845752	1.2336	1.2268	6.505398	28.19557
466	10.63141	3.1834516	1.2307	1.2239	6.505946	28.18523
467	10.62970	3.1827813	1.2337	1.2269	6.506407	28.17999
468	10.62725	3.1830110	1.2368	1.2300	6.506588	28.18412
469	10.62451	3.1837807	1.2369	1.2301	6.506583	28.19377
470	10.62258	3.1846622	1.2309	1.2241	6.506444	28.20390
471	10.62144	3.1851217	1.2462	1.2393	6.506387	28.20927
472	10.62001	3.1853638	1.2341	1.2273	6.506448	28.21275
473	10.61882	3.1857550	1.2341	1.2274	6.506424	28.21750
474	10.61768	3.1859661	1.2342	1.2274	6.506466	28.22045
475	10.61700	3.1859413	1.2281	1.2214	6.506552	28.22074
476	10.61660	3.1856370	1.2342	1.2274	6.506720	28.21806
477	10.61637	3.1849044	1.2282	1.2214	6.507040	28.21106
478	10.61603	3.1838118	1.2314	1.2246	6.507519	28.20063
479	10.61586	3.1824773	1.2345	1.2277	6.508076	28.18768
480	10.61495	3.1799330	1.2346	1.2278	6.509203	28.16347
481	10.61216	3.1775073	1.2407	1.2339	6.510493	28.14186
482	10.60675	3.1755413	1.2468	1.2400	6.511891	28.12677
483	10.60026	3.1750515	1.2561	1.2492	6.512815	28.12697
484	10.59456	3.1756655	1.2531	1.2462	6.513205	28.13737
485	10.59126	3.1768129	1.2593	1.2523	6.513111	28.15115
486	10.59069	3.1782954	1.2501	1.2432	6.512577	28.16612
487	10.59086	3.1796292	1.2502	1.2433	6.512019	28.17906
488	10.58864	3.1807523	1.2472	1.2404	6.511814	28.19178
489	10.58324	3.1814164	1.2381	1.2313	6.512151	28.20246
490	10.57681	3.1812365	1.2321	1.2253	6.512943	28.20567
491	10.57271	3.1796604	1.2321	1.2253	6.514037	28.19338
492	10.57123	3.1773899	1.2322	1.2255	6.515120	28.17226
493	10.57095	3.1750580	1.2384	1.2316	6.516094	28.14961
494	10.56884	3.1737001	1.2385	1.2317	6.516879	28.13792
495	10.56469	3.1733964	1.2446	1.2378	6.517467	28.13814
496	10.56031	3.1735514	1.2416	1.2348	6.517895	28.14304
497	10.55713	3.1735762	1.2447	1.2379	6.518242	28.14574
498	10.55519	3.1727331	1.2418	1.2349	6.518800	28.13896
499	10.55224	3.1711587	1.2388	1.2320	6.519768	28.12580
500	10.54456	3.1697705	1.2387	1.2319	6.521190	28.11810
501	10.52945	3.1685933	1.2359	1.2291	6.523364	28.11820
502	10.50905	3.1675959	1.2420	1.2352	6.526058	28.12413
503	10.48628	3.1666049	1.2391	1.2322	6.529019	28.13195
504	10.45854	3.1656389	1.2421	1.2353	6.532532	28.14387
505	10.42181	3.1647969	1.2421	1.2353	6.537010	28.16397
506	10.37520	3.1641348	1.2453	1.2385	6.542533	28.19352
507	10.32069	3.1638690	1.2485	1.2416	6.548793	28.23317
508	10.26518	3.1641978	1.2546	1.2477	6.554931	28.27956
509	10.22220	3.1653440	1.2576	1.2507	6.559321	28.32438
510	10.20513	3.1669362	1.2455	1.2387	6.560598	28.35347
511	10.21177	3.1683549	1.2425	1.2357	6.559262	28.36232
512	10.22446	3.1685964	1.2426	1.2358	6.557728	28.35480
513	10.23365	3.1673076	1.2397	1.2328	6.557219	28.33488
514	10.23477	3.1656102	1.2427	1.2358	6.557789	28.31721
515	10.22338	3.1644398	1.2550	1.2481	6.559560	28.31451
516	10.20242	3.1642852	1.2520	1.2451	6.561996	28.32933
517	10.18108	3.1650719	1.2491	1.2422	6.564089	28.35379
518	10.17145	3.1662923	1.2491	1.2423	6.564677	28.37341
519	10.17708	3.1675126	1.2491	1.2422	6.563536	28.38110
520	10.18789	3.1686278	1.2432	1.2363	6.561852	28.38369
521	10.19701	3.1693836	1.2371	1.2303	6.560508	28.38404
522	10.20608	3.1696562	1.2341	1.2273	6.559369	28.37965
523	10.21876	3.1695631	1.2281	1.2214	6.557974	28.36882
524	10.23291	3.1692221	1.2313	1.2245	6.556514	28.35440
525	10.24583	3.1688068	1.2312	1.2245	6.555225	28.34021
526	10.25581	3.1685961	1.2252	1.2185	6.554183	28.33034
527	10.26365	3.1685960	1.2344	1.2276	6.553297	28.32422
528	10.27020	3.1684472	1.2344	1.2277	6.552619	28.31765
529	10.27596	3.1679639	1.2376	1.2308	6.552167	28.30839
530	10.28002	3.1671151	1.2438	1.2369	6.552056	28.29683
531	10.28126	3.1660929	1.2469	1.2400	6.552335	28.28577
532	10.27838	3.1656408	1.2500	1.2431	6.552846	28.28354
533	10.27336	3.1661549	1.2562	1.2493	6.553203	28.29253
534	10.27020	3.1673010	1.2501	1.2432	6.553090	28.30631
535	10.27212	3.1684162	1.2533	1.2464	6.552415	28.31584
536	10.27748	3.1690296	1.2533	1.2465	6.551558	28.31772
537	10.28454	3.1692340	1.2473	1.2404	6.550677	28.31425
538	10.29408	3.1694136	1.2443	1.2374	6.549526	28.30859
539	10.30504	3.1696242	1.2382	1.2314	6.548203	28.30214
540	10.31650	3.1697108	1.2443	1.2375	6.546874	28.29407
541	10.32775	3.1693513	1.2354	1.2286	6.545752	28.28178
542	10.33691	3.1683908	1.2415	1.2346	6.545112	28.26518
543	10.34284	3.1671764	1.2385	1.2317	6.544939	28.24859
544	10.34409	3.1660923	1.2355	1.2287	6.545242	28.23694
545	10.34092	3.1652809	1.2417	1.2349	6.545931	28.23139
546	10.33453	3.1649775	1.2418	1.2350	6.546776	28.23336
547	10.32792	3.1646369	1.2387	1.2319	6.547662	28.23513
548	10.32165	3.1638319	1.2388	1.2320	6.548700	28.23206
549	10.31396	3.1624511	1.2419	1.2351	6.550134	28.22440
550	10.30125	3.1612749	1.2511	1.2442	6.552052	28.22265
551	10.28137	3.1605199	1.2511	1.2442	6.554609	28.23063
552	10.25733	3.1608234	1.2513	1.2444	6.557204	28.25232
553	10.23911	3.1620246	1.2483	1.2415	6.558772	28.27837
554	10.23381	3.1632631	1.2484	1.2415	6.558863	28.29474
555	10.23556	3.1640433	1.2545	1.2476	6.558345	28.30109
556	10.23646	3.1639876	1.2364	1.2296	6.558265	28.29985
557	10.23624	3.1632940	1.2516	1.2447	6.558576	28.29316
558	10.23579	3.1626315	1.2425	1.2357	6.558899	28.28696
559	10.23455	3.1622971	1.2457	1.2389	6.559177	28.28462
560	10.23297	3.1620247	1.2488	1.2419	6.559468	28.28315
561	10.23128	3.1614861	1.2396	1.2328	6.559881	28.27915
562	10.22823	3.1607928	1.2428	1.2359	6.560511	28.27466
563	10.22310	3.1603471	1.2429	1.2360	6.561275	28.27425
564	10.21589	3.1603720	1.2490	1.2421	6.562082	28.28011
565	10.20941	3.1605515	1.2491	1.2423	6.562743	28.28693
566	10.20513	3.1602235	1.2461	1.2393	6.563363	28.28702
567	10.20169	3.1591713	1.2492	1.2423	6.564186	28.27929
568	10.19465	3.1581255	1.2523	1.2454	6.565415	28.27442
569	10.18074	3.1579090	1.2554	1.2485	6.567082	28.28311
570	10.16379	3.1588994	1.2495	1.2426	6.568595	28.30614
571	10.15502	3.1603416	1.2434	1.2365	6.568996	28.32729
572	10.15564	3.1611526	1.2344	1.2276	6.568591	28.33484
573	10.15839	3.1604406	1.2252	1.2184	6.568572	28.32564
574	10.15901	3.1583301	1.2253	1.2186	6.569373	28.30424
575	10.15226	3.1559541	1.2345	1.2277	6.571121	28.28596
576	10.13184	3.1539438	1.2437	1.2369	6.574271	28.28196
577	10.09272	3.1528000	1.2529	1.2460	6.579193	28.30114
578	10.04641	3.1533695	1.2591	1.2522	6.584230	28.34301
579	10.01769	3.1550522	1.2530	1.2461	6.586801	28.38224
580	10.01494	3.1563143	1.2562	1.2493	6.586589	28.39695
581	10.02240	3.1567040	1.2471	1.2402	6.585577	28.39498
582	10.02464	3.1563452	1.2472	1.2403	6.585471	28.38965
583	10.02167	3.1554605	1.2472	1.2403	6.586178	28.38318
584	10.01472	3.1549347	1.2533	1.2464	6.587188	28.38340
585	10.00564	3.1552627	1.2534	1.2465	6.588087	28.39379
586	9.99975	3.1562279	1.2444	1.2376	6.588355	28.40801
587	9.99852	3.1568837	1.2474	1.2406	6.588223	28.41551
588	9.99796	3.1569209	1.2476	1.2407	6.588271	28.41632
589	9.99695	3.1565249	1.2385	1.2317	6.588551	28.41317
590	9.99706	3.1558629	1.2355	1.2287	6.588814	28.40650
591	9.99802	3.1550834	1.2416	1.2348	6.589030	28.39799
592	9.99824	3.1541246	1.2386	1.2318	6.589404	28.38827
593	9.99566	3.1529865	1.2449	1.2381	6.590172	28.37897
594	9.98804	3.1521703	1.2479	1.2410	6.591381	28.37682
595	9.97477	3.1519602	1.2510	1.2442	6.592983	28.38515
596	9.95965	3.1520840	1.2511	1.2442	6.594657	28.39825
597	9.94762	3.1522635	1.2572	1.2503	6.595956	28.40949
598	9.94006	3.1524120	1.2543	1.2474	6.596756	28.41691
599	9.93615	3.1527150	1.2483	1.2414	6.597077	28.42301
600	9.93542	3.1532531	1.2483	1.2414	6.596935	28.42895
601	9.93794	3.1537664	1.2454	1.2386	6.596433	28.43208
602	9.94275	3.1539705	1.2393	1.2325	6.595799	28.43033
603	9.94711	3.1534014	1.2364	1.2296	6.595538	28.42123
604	9.94969	3.1518430	1.2486	1.2418	6.595895	28.40368
605	9.94655	3.1496233	1.2456	1.2388	6.597180	28.38402
606	9.92837	3.1478247	1.2578	1.2509	6.600009	28.38037
607	9.89242	3.1473925	1.2640	1.2571	6.604302	28.40431
608	9.85466	3.1480974	1.2671	1.2601	6.608330	28.44107
609	9.83340	3.1489383	1.2580	1.2511	6.610412	28.46624
610	9.82972	3.1492042	1.2551	1.2482	6.610722	28.47181
611	9.83267	3.1493216	1.2551	1.2482	6.610334	28.47065
612	9.83535	3.1497728	1.2613	1.2544	6.609838	28.47304
613	9.83825	3.1507373	1.2614	1.2545	6.609101	28.48039
614	9.84132	3.1516957	1.2524	1.2455	6.608346	28.48755
615	9.84210	3.1523264	1.2523	1.2454	6.607992	28.49323
616	9.84450	3.1524191	1.2372	1.2304	6.607678	28.49227
617	9.85215	3.1516955	1.2373	1.2305	6.607107	28.47901
618	9.86209	3.1503166	1.2404	1.2336	6.606548	28.45739
619	9.86963	3.1491481	1.2496	1.2427	6.606175	28.43978
620	9.87058	3.1481467	1.2466	1.2398	6.606486	28.42904
621	9.86449	3.1475596	1.2497	1.2428	6.607430	28.42797
622	9.85517	3.1474361	1.2498	1.2430	6.608549	28.43408
623	9.84707	3.1475598	1.2560	1.2491	6.609425	28.44169
624	9.84266	3.1475598	1.2530	1.2461	6.609930	28.44516
625	9.84071	3.1475166	1.2499	1.2431	6.610172	28.44627
626	9.83998	3.1474672	1.2592	1.2522	6.610276	28.44635
627	9.83982	3.1474363	1.2562	1.2493	6.610308	28.44617
628	9.83948	3.1472570	1.2593	1.2524	6.610422	28.44464
629	9.83853	3.1470716	1.2533	1.2464	6.610608	28.44354
630	9.83680	3.1470778	1.2533	1.2464	6.610804	28.44497
631	9.83491	3.1472880	1.2504	1.2435	6.610933	28.44856
632	9.83446	3.1475290	1.2565	1.2496	6.610883	28.45132
633	9.83652	3.1474672	1.2537	1.2468	6.610672	28.44908
634	9.83920	3.1469789	1.2505	1.2436	6.610570	28.44209
635	9.84054	3.1464227	1.2477	1.2408	6.610650	28.43548
636	9.83898	3.1461817	1.2507	1.2438	6.610931	28.43430
637	9.83530	3.1466329	1.2569	1.2500	6.611163	28.44171
638	9.83385	3.1476094	1.2538	1.2470	6.610919	28.45261
639	9.83647	3.1485179	1.2541	1.2472	6.610237	28.45962
640	9.84177	3.1486044	1.2449	1.2380	6.609593	28.45631
641	9.84964	3.1472013	1.2449	1.2381	6.609281	28.43609
642	9.85634	3.1455204	1.2543	1.2474	6.609219	28.41402
643	9.85695	3.1444515	1.2573	1.2503	6.609597	28.40286
644	9.85182	3.1442971	1.2726	1.2656	6.610251	28.40535
645	9.84690	3.1444454	1.2758	1.2688	6.610752	28.41070
646	9.84601	3.1445319	1.2819	1.2749	6.610818	28.41227
647	9.84824	3.1444516	1.2881	1.2810	6.610596	28.40970
648	9.85092	3.1441488	1.2911	1.2840	6.610416	28.40457
649	9.85215	3.1434878	1.3095	1.3023	6.610553	28.39699
650	9.84847	3.1422648	1.3218	1.3145	6.611489	28.38767
651	9.83256	3.1404431	1.3310	1.3237	6.614079	28.38198
652	9.79776	3.1389183	1.3494	1.3420	6.618716	28.39412
653	9.75158	3.1389496	1.3768	1.3692	6.624012	28.43083
654	9.71563	3.1402590	1.3831	1.3755	6.627595	28.47234
655	9.70461	3.1423095	1.3800	1.3724	6.627995	28.50161
656	9.70956	3.1436684	1.3801	1.3725	6.626851	28.51131
657	9.71407	3.1452871	1.3801	1.3726	6.625648	28.52397
658	9.75069	3.1467512	1.3772	1.3697	6.620822	28.50966
659	9.81873	3.1472264	1.3772	1.3697	6.612815	28.46066
660	9.88231	3.1469476	1.3803	1.3727	6.605648	28.40778
661	9.92815	3.1462674	1.3804	1.3729	6.600688	28.36498
662	9.95489	3.1459087	1.3774	1.3699	6.597780	28.34043
663	9.97012	3.1462422	1.3867	1.3791	6.595901	28.33181
664	9.98435	3.1467550	1.3837	1.3761	6.594062	28.32577
665	10.00233	3.1470453	1.3777	1.3702	6.591887	28.31459
666	10.01982	3.1471069	1.3778	1.3702	6.589866	28.30152
667	10.02975	3.1468349	1.3808	1.3732	6.588846	28.29105
668	10.03496	3.1465320	1.3810	1.3734	6.588377	28.28397
669	10.03855	3.1466865	1.3810	1.3734	6.587904	28.28270
670	10.04220	3.1473477	1.3840	1.3764	6.587213	28.28642
671	10.04916	3.1483675	1.3811	1.3735	6.585996	28.29111
672	10.06369	3.1490843	1.3720	1.3645	6.584042	28.28688
673	10.08093	3.1455861	1.3722	1.3646	6.583529	28.23871
674	10.08958	3.1399897	1.4027	1.3950	6.584864	28.17644
675	10.08430	3.1330953	1.4514	1.4434	6.588326	28.11214
676	10.04416	3.1274709	1.5033	1.4950	6.595251	28.08745
677	9.90858	3.1219622	1.5644	1.5558	6.613103	28.13803
678	9.68665	3.1138601	1.6223	1.6134	6.642115	28.23050
679	9.49127	3.1048558	1.7108	1.7014	6.668639	28.29365
680	9.33694	3.0973964	1.8023	1.7924	6.689870	28.34027
681	9.21929	3.0942285	1.9120	1.9015	6.705043	28.40149
682	9.13344	3.0917061	2.0370	2.0258	6.716244	28.44417
683	9.06522	3.0904546	2.1772	2.1652	6.724836	28.48584
684	8.99674	3.0890376	2.3144	2.3017	6.733550	28.52615
685	8.94042	3.0885719	2.4639	2.4503	6.740421	28.56652
686	8.90194	3.0880998	2.6315	2.6170	6.745191	28.59255
687	8.89361	3.0881613	2.7901	2.7747	6.746154	28.59983
688	8.87237	3.0871615	2.9760	2.9596	6.749118	28.60661
689	8.82488	3.0859044	3.1650	3.1475	6.755316	28.63193
690	8.78266	3.0852608	3.3510	3.3325	6.760624	28.65934
691	8.76371	3.0847029	3.5431	3.5236	6.763130	28.66885
692	8.75671	3.0842062	3.7533	3.7326	6.764188	28.66932
693	8.74922	3.0836483	3.9667	3.9449	6.765332	28.66956
694	8.75204	3.0835931	4.2014	4.1783	6.765025	28.66662
695	8.76707	3.0836237	4.4391	4.4146	6.763225	28.65468
696	8.77772	3.0832680	4.6678	4.6421	6.762121	28.64234
697	8.76197	3.0822749	4.8872	4.8603	6.764441	28.64477
698	8.70951	3.0815152	5.1251	5.0969	6.771034	28.67929
699	8.63283	3.0807252	5.3597	5.3302	6.780544	28.73323
700	8.56309	3.0802294	5.6006	5.5697	6.789109	28.78472
701	8.49709	3.0800585	5.8414	5.8092	6.797095	28.83669
702	8.43987	3.0801388	6.0944	6.0608	6.803927	28.88421
703	8.39289	3.0806114	6.3443	6.3094	6.809358	28.92752
704	8.35876	3.0810532	6.6003	6.5640	6.813265	28.96004
705	8.33566	3.0812252	6.8594	6.8216	6.815969	28.98072
706	8.32074	3.0813725	7.1216	7.0823	6.817702	28.99443
707	8.30753	3.0822250	7.3776	7.3369	6.818907	29.01407
708	8.28881	3.0831327	7.6275	7.5855	6.820751	29.03886
709	8.25814	3.0831576	7.8836	7.8401	6.824438	29.06434
710	8.21673	3.0855317	8.1488	8.1038	6.828346	29.12324
711	8.14965	3.0884036	8.4108	8.3645	6.835122	29.20883
712	8.05360	3.0912216	8.6578	8.6100	6.845424	29.31835
713	7.94316	3.0929417	8.9169	8.8677	6.857993	29.42895
714	7.84262	3.0948340	9.1789	9.1283	6.869305	29.53357
715	7.75493	3.0961001	9.4350	9.3830	6.879368	29.62115
716	7.68719	3.0971021	9.6788	9.6254	6.887143	29.68929
717	7.62942	3.0985403	9.9380	9.8832	6.893505	29.75374
718	7.58128	3.0993396	10.2001	10.1438	6.899001	29.80333
719	7.53892	3.1006305	10.4592	10.4014	6.903561	29.85329
720	7.49536	3.1017803	10.7275	10.6683	6.908340	29.90290
721	7.45541	3.1023401	10.9895	10.9289	6.912960	29.94319
722	7.42537	3.1028261	11.2639	11.2017	6.916407	29.97420
723	7.40296	3.1029616	11.5199	11.4563	6.919090	29.99492
724	7.38685	3.1031094	11.7790	11.7139	6.920996	30.01032
725	7.37710	3.1030235	12.0381	11.9716	6.922236	30.01774
726	7.37128	3.1029314	12.3063	12.2383	6.922998	30.02168
727	7.36687	3.1028578	12.5624	12.4930	6.923578	30.02459
728	7.35969	3.1029932	12.8336	12.7627	6.924398	30.03215
729	7.34795	3.1033438	13.0897	13.0174	6.925674	30.04597
730	7.32783	3.1036699	13.3610	13.2872	6.927988	30.06680
731	7.31013	3.1038853	13.6262	13.5509	6.930059	30.08436
732	7.28967	3.1038487	13.8943	13.8175	6.932593	30.10165
733	7.27225	3.1038797	14.1565	14.0782	6.934721	30.11702
734	7.25991	3.1036709	14.4277	14.3480	6.936342	30.12541
735	7.25149	3.1037018	14.6868	14.6056	6.937365	30.13296
736	7.24046	3.1043782	14.9459	14.8633	6.938398	30.14972
737	7.22338	3.1051163	15.2141	15.1299	6.940146	30.17244
738	7.20389	3.1055286	15.4792	15.3936	6.942345	30.19376
739	7.18729	3.1059162	15.7475	15.6604	6.944204	30.21232
740	7.17096	3.1064269	16.0157	15.9271	6.945970	30.23199
741	7.15422	3.1068453	16.3022	16.2120	6.947832	30.25103
742	7.13831	3.1073929	16.5736	16.4819	6.949528	30.27075
743	7.12304	3.1076576	16.8540	16.7607	6.951284	30.28687
744	7.11111	3.1076886	17.1223	17.0275	6.952743	30.29756
745	7.10204	3.1079040	17.3905	17.2942	6.953759	30.30773
746	7.09491	3.1081010	17.6618	17.5640	6.954547	30.31600
747	7.08975	3.1078059	17.9665	17.8670	6.955332	30.31721
748	7.08429	3.1077199	18.2682	18.1671	6.956053	30.32095
749	7.07892	3.1083659	18.5364	18.4337	6.956404	30.33252
750	7.07335	3.1083661	18.8138	18.7096	6.957096	30.33730
751	7.06851	3.1082186	19.0942	18.9885	6.957770	30.33984
752	7.06414	3.1084524	19.3717	19.2643	6.958200	30.34609
753	7.06045	3.1083665	19.6581	19.5492	6.958703	30.34828
754	7.05540	3.1086311	19.9355	19.8250	6.959201	30.35546
755	7.04630	3.1092772	20.2098	20.0978	6.960014	30.37034
756	7.03101	3.1102003	20.4902	20.3766	6.961453	30.39366
757	7.00959	3.1111420	20.7645	20.6494	6.963639	30.42262
758	6.98715	3.1120038	21.0450	20.9284	6.965991	30.45166
759	6.96326	3.1128595	21.3223	21.2041	6.968524	30.48193
760	6.93809	3.1137523	21.5967	21.4769	6.971197	30.51379
761	6.91506	3.1141158	21.8740	21.7527	6.973867	30.53804
762	6.89630	3.1142207	22.1392	22.0164	6.976139	30.55573
763	6.88195	3.1145164	22.4257	22.3013	6.977772	30.57157
764	6.87039	3.1148429	22.6939	22.5680	6.979045	30.58527
765	6.86097	3.1151078	22.9712	22.8438	6.980085	30.59641
766	6.85331	3.1153173	23.2517	23.1227	6.980934	30.60539
767	6.84642	3.1158223	23.5169	23.3864	6.981542	30.61689
768	6.83633	3.1164628	23.8004	23.6682	6.982480	30.63272
769	6.82401	3.1167955	24.0685	23.9349	6.983844	30.64721
770	6.81263	3.1170974	24.3460	24.2108	6.985108	30.66052
771	6.80255	3.1172700	24.6263	24.4896	6.986276	30.67128
772	6.79257	3.1177751	24.9007	24.7624	6.987266	30.68557
773	6.78058	3.1186683	25.1779	25.0381	6.988314	30.70590
774	6.76379	3.1199066	25.4615	25.3201	6.989785	30.73430
775	6.74106	3.1213670	25.7358	25.5928	6.991879	30.77046
776	6.71525	3.1226119	26.0132	25.8686	6.994462	30.80709
777	6.69173	3.1232346	26.2935	26.1474	6.997071	30.83492
778	6.67353	3.1234136	26.5649	26.4173	6.999243	30.85314
779	6.66003	3.1240732	26.8392	26.6900	7.000593	30.87239
780	6.64761	3.1248130	27.1074	26.9567	7.001769	30.89155
781	6.63618	3.1252878	27.3848	27.2325	7.002956	30.90694
782	6.62619	3.1258181	27.6561	27.5023	7.003936	30.92164
783	6.61718	3.1263916	27.9303	27.7750	7.004772	30.93593
784	6.60755	3.1268911	28.2078	28.0509	7.005722	30.94998
785	6.59927	3.1270701	28.4851	28.3267	7.006666	30.95931
786	6.59355	3.1271874	28.7594	28.5994	7.007321	30.96563
787	6.58923	3.1276191	29.0368	28.8753	7.007647	30.97415
788	6.58404	3.1283468	29.3264	29.1632	7.007934	30.98669
789	6.57895	3.1284086	29.5885	29.4238	7.008540	30.99186
790	6.57560	3.1284950	29.8537	29.6875	7.008917	30.99572
791	6.57344	3.1283163	30.1279	29.9602	7.009280	30.99559
792	6.57231	3.1282301	30.4023	30.2331	7.009470	30.99554
793	6.57139	3.1281500	30.6737	30.5030	7.009630	30.99538
794	6.57082	3.1281994	30.9450	30.7727	7.009681	30.99631
795	6.57036	3.1282612	31.2223	31.0484	7.009714	30.99728
796	6.57036	3.1284092	31.4905	31.3151	7.009645	30.99878
797	6.56979	3.1284032	31.7769	31.5999	7.009724	30.99909
798	6.56928	3.1283478	32.0482	31.8697	7.009822	30.99883
799	6.56876	3.1284095	32.3257	32.1456	7.009860	30.99984
800	6.56871	3.1284713	32.6030	32.4213	7.009842	31.00044
801	6.56840	3.1286502	32.8651	32.6820	7.009796	31.00256
802	6.56794	3.1288784	33.1364	32.9517	7.009745	31.00535
803	6.56758	3.1289772	33.4169	33.2306	7.009746	31.00663
804	6.56702	3.1290944	33.6759	33.4882	7.009763	31.00831
805	6.56645	3.1291562	33.9471	33.7579	7.009808	31.00938
806	6.56578	3.1292426	34.2246	34.0337	7.009853	31.01080
807	6.56501	3.1293475	34.4806	34.2883	7.009902	31.01254
808	6.56270	3.1304022	34.7488	34.5550	7.009667	31.02608
809	6.55391	3.1316237	35.0233	34.8279	7.010151	31.04732
810	6.54383	3.1319508	35.3005	35.1036	7.011243	31.05994
811	6.53541	3.1322533	35.5657	35.3673	7.012142	31.07079
812	6.52770	3.1326359	35.8400	35.6400	7.012912	31.08187
813	6.52082	3.1328705	36.1082	35.9067	7.013654	31.09058
814	6.51558	3.1328768	36.3794	36.1764	7.014307	31.09529
815	6.51163	3.1330559	36.6539	36.4493	7.014713	31.10073
816	6.50921	3.1331177	36.9191	36.7130	7.014987	31.10349
817	6.50742	3.1333090	37.1843	36.9767	7.015120	31.10710
818	6.50459	3.1339817	37.4738	37.2646	7.015139	31.11693
819	6.50064	3.1342163	37.7420	37.5312	7.015517	31.12298
820	6.49741	3.1342843	38.0133	37.8010	7.015890	31.12655
821	6.49540	3.1340993	38.2845	38.0707	7.016237	31.12622
822	6.49474	3.1338896	38.5711	38.3556	7.016432	31.12439
823	6.49453	3.1341859	38.8575	38.6404	7.016314	31.12770
824	6.49155	3.1351363	39.1715	38.9526	7.016213	31.14071
825	6.48606	3.1359449	39.4520	39.2315	7.016494	31.15448
826	6.48037	3.1363648	39.7171	39.4951	7.016996	31.16417
827	6.47549	3.1367537	40.0006	39.7770	7.017411	31.17276
828	6.47047	3.1374699	40.2718	40.0466	7.017680	31.18510
829	6.46446	3.1380936	40.5371	40.3104	7.018117	31.19732
830	6.45887	3.1387543	40.8114	40.5832	7.018484	31.20957
831	6.45282	3.1398597	41.0796	40.8499	7.018685	31.22715
832	6.44518	3.1408170	41.3509	41.1196	7.019156	31.24455
833	6.43678	3.1415026	41.6282	41.3953	7.019860	31.25967
834	6.42909	3.1423551	41.9057	41.6713	7.020390	31.27597
835	6.42181	3.1429668	42.1769	41.9409	7.020991	31.28925
836	6.41536	3.1440419	42.4512	42.2137	7.021255	31.30689
837	6.40865	3.1447649	42.7226	42.4835	7.021729	31.32090
838	6.40250	3.1452902	42.9877	42.7471	7.022232	31.33221
839	6.39764	3.1456302	43.2590	43.0168	7.022670	31.34030
840	6.39354	3.1460196	43.5364	43.2926	7.022988	31.34823
841	6.39057	3.1462607	43.8136	43.5683	7.023240	31.35349
842	6.38801	3.1467367	44.0880	43.8411	7.023323	31.36096
843	6.38555	3.1472806	44.3625	44.1140	7.023359	31.36910
844	6.38315	3.1482078	44.6366	44.3866	7.023195	31.38141
845	6.38064	3.1484428	44.9140	44.6624	7.023394	31.38618
846	6.37885	3.1486840	45.1791	44.9260	7.023500	31.39037
847	6.37736	3.1488325	45.4536	45.1989	7.023615	31.39324
848	6.37629	3.1488944	45.7278	45.4716	7.023723	31.39479
849	6.37552	3.1492221	45.9991	45.7413	7.023658	31.39899
850	6.37450	3.1496426	46.2767	46.0173	7.023579	31.40444
851	6.37332	3.1506937	46.5387	46.2778	7.023199	31.41700
852	6.37225	3.1510215	46.8129	46.5505	7.023172	31.42148
853	6.37143	3.1510216	47.0813	46.8173	7.023280	31.42211
854	6.37086	3.1510155	47.3402	47.0748	7.023358	31.42244
855	6.37076	3.1512938	47.6025	47.3356	7.023236	31.42548
856	6.37092	3.1514113	47.8706	47.6021	7.023163	31.42651
857	6.37092	3.1514733	48.1389	47.8689	7.023138	31.42707
858	6.37086	3.1516465	48.4102	48.1386	7.023062	31.42890
859	6.37061	3.1523763	48.6877	48.4145	7.022731	31.43706
860	6.36841	3.1538731	48.9620	48.6873	7.022253	31.45549
861	6.36447	3.1543866	49.2332	48.9569	7.022487	31.46467
862	6.36073	3.1547146	49.4984	49.2205	7.022790	31.47161
863	6.35777	3.1548137	49.7728	49.4934	7.023114	31.47532
864	6.35551	3.1549560	50.0501	49.7691	7.023327	31.47884
865	6.35332	3.1551665	50.3184	50.0359	7.023499	31.48307
866	6.35101	3.1552841	50.5988	50.3146	7.023731	31.48636
867	6.34881	3.1553770	50.8731	50.5874	7.023962	31.48929
868	6.34636	3.1556060	51.1414	50.8541	7.024156	31.49397
869	6.34385	3.1557361	51.4186	51.1297	7.024407	31.49759
870	6.34155	3.1559156	51.6961	51.4057	7.024608	31.50157
871	6.33971	3.1560704	51.9674	51.6754	7.024763	31.50485
872	6.33807	3.1561138	52.2478	51.9542	7.024950	31.50672
873	6.33705	3.1562500	52.5128	52.2177	7.025014	31.50904
874	6.33593	3.1562810	52.7842	52.4875	7.025143	31.51030
875	6.33485	3.1564915	53.0556	52.7573	7.025176	31.51349
876	6.33352	3.1566710	53.3297	53.0299	7.025255	31.51657
877	6.33158	3.1570609	53.6012	53.2998	7.025305	31.52255
878	6.32856	3.1575127	53.8754	53.5724	7.025456	31.53021
879	6.32432	3.1579646	54.1527	53.8482	7.025759	31.53900
880	6.31941	3.1582989	54.4362	54.1301	7.026204	31.54711
881	6.31461	3.1589860	54.7228	54.4150	7.026457	31.55902
882	6.30924	3.1603107	54.9971	54.6877	7.026457	31.57852
883	6.30056	3.1624158	55.2654	54.9544	7.026471	31.60974
884	6.28483	3.1648497	55.5518	55.2392	7.027191	31.65116
885	6.26675	3.1656119	55.8202	55.5060	7.029050	31.67629
886	6.24930	3.1661820	56.0974	55.7816	7.030929	31.69873
887	6.22833	3.1680966	56.3810	56.0636	7.032559	31.73938
888	6.20931	3.1694043	56.6584	56.3394	7.034257	31.77152
889	6.19499	3.1701978	56.9296	56.6091	7.035633	31.79359
890	6.18526	3.1707124	57.2010	56.8788	7.036584	31.80828
891	6.17863	3.1709791	57.4722	57.1485	7.037275	31.81731
892	6.17436	3.1710722	57.7433	57.4181	7.037764	31.82223
893	6.17150	3.1711900	58.0268	57.7000	7.038063	31.82607
894	6.16982	3.1714071	58.3012	57.9728	7.038167	31.82993
895	6.16886	3.1716241	58.5726	58.2426	7.038182	31.83312
896	6.16824	3.1717358	58.8560	58.5244	7.038207	31.83480
897	6.16789	3.1717049	59.1486	58.8152	7.038273	31.83465
898	6.16738	3.1718290	59.4322	59.0972	7.038279	31.83637
899	6.16733	3.1720708	59.6972	59.3607	7.038168	31.83898
900	6.16692	3.1722196	59.9655	59.6274	7.038148	31.84089
901	6.16529	3.1731868	60.2399	59.9002	7.037862	31.85303
902	6.16152	3.1738380	60.5202	60.1789	7.038003	31.86367
903	6.15602	3.1742163	60.7855	60.4427	7.038497	31.87291
904	6.14767	3.1739127	61.0536	60.7092	7.039693	31.87724
905	6.13856	3.1746383	61.3219	60.9760	7.040458	31.89374
906	6.13200	3.1751221	61.5993	61.2517	7.041030	31.90515
907	6.12671	3.1756680	61.8736	61.5245	7.041413	31.91607
908	6.12249	3.1764558	62.1449	61.7942	7.041540	31.92868
909	6.11908	3.1770017	62.4285	62.0762	7.041689	31.93783
910	6.11435	3.1774546	62.7057	62.3518	7.042050	31.94719
911	6.10702	3.1780565	62.9741	62.6186	7.042655	31.96066
912	6.09812	3.1782118	63.2485	62.8914	7.043685	31.97064
913	6.08938	3.1779700	63.5257	63.1670	7.044900	31.97605
914	6.08064	3.1780012	63.8000	63.4397	7.045975	31.98451
915	6.07271	3.1780324	64.0653	63.7035	7.046948	31.99220
916	6.06717	3.1779395	64.3456	63.9821	7.047690	31.99626
917	6.06326	3.1780016	64.6200	64.2550	7.048149	32.00051
918	6.06067	3.1780265	64.8974	64.5307	7.048464	32.00310
919	6.05874	3.1781197	65.1717	64.8035	7.048662	32.00583
920	6.05793	3.1782439	65.4491	65.0792	7.048705	32.00785
921	6.05757	3.1782439	65.7206	65.3491	7.048755	32.00805
922	6.05732	3.1782750	65.9978	65.6248	7.048777	32.00851
923	6.05691	3.1783310	66.2721	65.8975	7.048805	32.00938
924	6.05681	3.1783310	66.5405	66.1642	7.048823	32.00935
925	6.05650	3.1783311	66.8148	66.4370	7.048867	32.00951
926	6.05610	3.1783622	67.0860	66.7066	7.048908	32.01011
927	6.05564	3.1783685	67.3694	66.9884	7.048967	32.01047
928	6.05539	3.1783066	67.6560	67.2733	7.049037	32.00988
929	6.05498	3.1783067	67.9303	67.5460	7.049094	32.01014
930	6.05442	3.1783316	68.1924	67.8065	7.049156	32.01082
931	6.05381	3.1783627	68.4669	68.0794	7.049222	32.01161
932	6.05234	3.1783628	68.7410	68.3520	7.049410	32.01287
933	6.05061	3.1784249	69.0154	68.6248	7.049599	32.01506
934	6.04914	3.1783320	69.3111	68.9188	7.049836	32.01527
935	6.04721	3.1784251	69.6250	69.2308	7.050035	32.01798
936	6.04477	3.1787292	69.8872	69.4915	7.050187	32.02355
937	6.04239	3.1787604	70.1555	69.7582	7.050473	32.02602
938	6.04066	3.1788783	70.4390	70.0400	7.050633	32.02883
939	6.03888	3.1788784	70.7193	70.3188	7.050860	32.03038
940	6.03721	3.1792446	70.9815	70.5794	7.050885	32.03592
941	6.03492	3.1797286	71.2528	70.8491	7.050926	32.04335
942	6.03183	3.1806967	71.5301	71.1248	7.050819	32.05695
943	6.02787	3.1813236	71.7983	71.3914	7.050994	32.06756
944	6.02365	3.1821864	72.0818	71.6733	7.051079	32.08105
945	6.01822	3.1834589	72.3409	71.9309	7.051104	32.10027
946	6.01264	3.1842785	72.6153	72.2037	7.051381	32.11458
947	6.00701	3.1852471	72.8927	72.4795	7.051587	32.13060
948	6.00011	3.1867375	73.1549	72.7401	7.051681	32.15367
949	5.99240	3.1879238	73.4292	73.0128	7.052032	32.17412
950	5.98449	3.1890793	73.7096	73.2915	7.052424	32.19442
951	5.97658	3.1900734	73.9779	73.5583	7.052898	32.21292
952	5.96943	3.1909930	74.2492	73.8280	7.053316	32.22988
953	5.96269	3.1919686	74.5174	74.0946	7.053654	32.24708
954	5.95682	3.1924224	74.7978	74.3734	7.054156	32.25763
955	5.95215	3.1927270	75.0691	74.6432	7.054582	32.26535
956	5.94840	3.1932429	75.3405	74.9129	7.054787	32.27456
957	5.94476	3.1939764	75.6146	75.1854	7.054866	32.28612
958	5.94106	3.1946167	75.8829	75.4522	7.055000	32.29669
959	5.93701	3.1958539	76.1634	75.7310	7.054869	32.31427
960	5.93052	3.1974519	76.4377	76.0037	7.054853	32.33823
961	5.92298	3.1985775	76.7212	76.2855	7.055212	32.35792
962	5.91584	3.1998899	76.9895	76.5523	7.055424	32.37933
963	5.90865	3.2010532	77.2577	76.8189	7.055719	32.39912
964	5.90304	3.2018123	77.5229	77.0826	7.056028	32.41288
965	5.89868	3.2023661	77.7912	77.3493	7.056286	32.42314
966	5.89534	3.2030631	78.0686	77.6250	7.056345	32.43402
967	5.89216	3.2036481	78.3337	77.8886	7.056443	32.44351
968	5.88952	3.2043202	78.5959	78.1493	7.056427	32.45345
969	5.88730	3.2046253	78.8673	78.4190	7.056550	32.45887
970	5.88583	3.2047498	79.1476	78.6977	7.056674	32.46154
971	5.88472	3.2048993	79.4463	78.9947	7.056741	32.46414
972	5.88356	3.2050736	79.7605	79.3070	7.056802	32.46706
973	5.88249	3.2054845	80.0375	79.5824	7.056727	32.47256
974	5.88133	3.2056651	80.3121	79.8554	7.056783	32.47557
975	5.88077	3.2057585	80.5895	80.1312	7.056810	32.47702
976	5.88032	3.2058769	80.8638	80.4038	7.056811	32.47865
977	5.87956	3.2061073	81.1349	80.6733	7.056792	32.48183
978	5.87905	3.2062132	81.3972	80.9340	7.056806	32.48338
979	5.87855	3.2063066	81.6685	81.2038	7.056826	32.48478
980	5.87794	3.2065183	81.9427	81.4764	7.056798	32.48761
981	5.87703	3.2066429	82.2111	81.7432	7.056852	32.48975
982	5.87658	3.2068298	82.4640	81.9946	7.056817	32.49216
983	5.87617	3.2069792	82.6895	82.2188	7.056795	32.49412
984	5.87592	3.2073901	82.8635	82.3918	7.056617	32.49889
985	5.87592	3.2089092	82.9671	82.4947	7.055832	32.51589
986	5.87693	3.2092455	82.9764	82.5040	7.055532	32.51869
987	5.88229	3.2096564	82.9462	82.4740	7.054655	32.51816
988	5.89028	3.2096127	82.9403	82.4681	7.053689	32.50999
989	5.89519	3.2100734	82.9465	82.4742	7.052843	32.51044
990	5.89696	3.2109577	82.9283	82.4561	7.052166	32.51866
991	5.89757	3.2108394	82.9163	82.4442	7.052152	32.51676
992	5.89524	3.2104408	82.9102	82.4382	7.052646	32.51453
993	5.89236	3.2107460	82.8982	82.4262	7.052844	32.52073
994	5.89079	3.2108083	82.8740	82.4022	7.053005	32.52295
995	5.88968	3.2102541	82.8650	82.3933	7.053430	32.51780
996	5.88821	3.2103786	82.8560	82.3843	7.053547	32.52062
997	5.88791	3.2107149	82.8472	82.3755	7.053410	32.52469
998	5.88816	3.2109017	82.8381	82.3665	7.053281	32.52655
999	5.88806	3.2110823	82.8291	82.3575	7.053200	32.52867
1000	5.88831	3.2113564	82.8231	82.3516	7.053027	32.53151
1001	5.88912	3.2115993	82.8112	82.3397	7.052801	32.53346
1002	5.88963	3.2118795	82.8051	82.3337	7.052593	32.53612
1003	5.88963	3.2121847	82.8052	82.3338	7.052435	32.53955
1004	5.89013	3.2123716	82.7963	82.3249	7.052275	32.54116
1005	5.89064	3.2127703	82.8026	82.3312	7.052006	32.54515
1006	5.89119	3.2135053	82.7905	82.3192	7.051556	32.55287
1007	5.89256	3.2140224	82.7752	82.3040	7.051119	32.55736
1008	5.89428	3.2143339	82.7753	82.3041	7.050745	32.55920
1009	5.89615	3.2148821	82.7604	82.2893	7.050230	32.56356
1010	5.89792	3.2154055	82.7606	82.2894	7.049740	32.56773
1011	5.89985	3.2158043	82.7453	82.2742	7.049296	32.57036
1012	5.90162	3.2161719	82.7303	82.2594	7.048886	32.57279
1013	5.90288	3.2162966	82.7121	82.2413	7.048665	32.57298
1014	5.90339	3.2164150	82.6909	82.2202	7.048541	32.57383
1015	5.90369	3.2166019	82.6820	82.2113	7.048407	32.57564
1016	5.90420	3.2167889	82.6698	82.1992	7.048247	32.57725
1017	5.90496	3.2170631	82.6548	82.1842	7.048011	32.57961
1018	5.90587	3.2173373	82.6426	82.1721	7.047756	32.58181
1019	5.90749	3.2161095	82.5971	82.1269	7.048191	32.56650
1020	5.91574	3.2154676	82.4786	82.0091	7.047501	32.55141
1021	5.93873	3.2150062	82.2898	81.8214	7.044897	32.52423
1022	5.95160	3.2147879	82.0827	81.6155	7.043417	32.50952
1023	5.95793	3.2153423	81.8726	81.4066	7.042344	32.50975
1024	5.96335	3.2160152	81.6717	81.2069	7.041324	32.51218
1025	5.96852	3.2162643	81.4585	80.9950	7.040553	32.51011
1026	5.97273	3.2163577	81.2606	80.7983	7.039981	32.50721
1027	5.97653	3.2160959	81.0354	80.5744	7.039643	32.50074
1028	5.98069	3.2162017	80.8100	80.3503	7.039070	32.49805
1029	5.98530	3.2164446	80.5785	80.1202	7.038371	32.49645
1030	5.98880	3.2166938	80.3348	79.8780	7.037806	32.49600
1031	5.99108	3.2167248	80.0974	79.6419	7.037503	32.49428
1032	5.99321	3.2167559	79.8599	79.4058	7.037219	32.49270
1033	5.99499	3.2167246	79.6163	79.1636	7.037011	32.49076
1034	5.99580	3.2162322	79.3697	78.9185	7.037159	32.48460
1035	5.99560	3.2157710	79.1078	78.6581	7.037416	32.47976
1036	5.99707	3.2150357	78.8520	78.4038	7.037608	32.47024
1037	5.99884	3.2148486	78.5840	78.1374	7.037479	32.46658
1038	5.99905	3.2171542	78.3251	77.8800	7.036261	32.49231
1039	5.99864	3.2175842	78.0664	77.6228	7.036084	32.49763
1040	5.99955	3.2168425	77.8105	77.3685	7.036348	32.48858
1041	6.00148	3.2162628	77.5487	77.1082	7.036403	32.48037
1042	6.00310	3.2163873	77.2865	76.8476	7.036133	32.48034
1043	6.00478	3.2163872	77.0369	76.5994	7.035921	32.47885
1044	6.00914	3.2166301	76.7813	76.3453	7.035253	32.47751
1045	6.01345	3.2165989	76.5284	76.0939	7.034732	32.47315
1046	6.01726	3.2167545	76.2788	75.8457	7.034177	32.47137
1047	6.02041	3.2167544	76.0199	75.5883	7.033784	32.46848
1048	6.02269	3.2166297	75.7793	75.3492	7.033561	32.46501
1049	6.02437	3.2166919	75.5235	75.0949	7.033317	32.46423
1050	6.02548	3.2163553	75.2617	74.8346	7.033347	32.45952
1051	6.02604	3.2160436	75.0088	74.5832	7.033433	32.45563
1052	6.02614	3.2154765	74.7499	74.3258	7.033706	32.44931
1053	6.02675	3.2153393	74.4882	74.0656	7.033696	32.44732
1054	6.02670	3.2155262	74.2293	73.8082	7.033600	32.44959
1055	6.02624	3.2154638	73.9735	73.5539	7.033683	32.44945
1056	6.02706	3.2154014	73.7025	73.2845	7.033609	32.44811
1057	6.02863	3.2151832	73.4344	73.0180	7.033521	32.44429
1058	6.02944	3.2149401	73.1664	72.7515	7.033540	32.44093
1059	6.02533	3.2148155	72.9076	72.4942	7.034105	32.44359
1060	6.02162	3.2144790	72.6364	72.2246	7.034729	32.44351
1061	6.01726	3.2144789	72.3653	71.9552	7.035260	32.44782
1062	6.01315	3.2145100	72.1005	71.6919	7.035745	32.45223
1063	6.00661	3.2146658	71.8356	71.4286	7.036466	32.46037
1064	6.00031	3.2146658	71.5677	71.1622	7.037235	32.46653
1065	5.99529	3.2148464	71.2935	70.8896	7.037755	32.47350
1066	5.99184	3.2153448	71.0133	70.6111	7.037917	32.48252
1067	5.99225	3.2151578	70.7331	70.3325	7.037957	32.48017
1068	5.99225	3.2152761	70.4683	70.0692	7.037890	32.48163
1069	5.99215	3.2152760	70.1911	69.7936	7.037897	32.48186
1070	5.99291	3.2150703	69.9200	69.5241	7.037903	32.47896
1071	5.99423	3.2147275	69.6580	69.2637	7.037911	32.47399
1072	5.99656	3.2145717	69.3901	68.9973	7.037698	32.47013
1073	5.99879	3.2144843	69.1192	68.7279	7.037461	32.46715
1074	6.00001	3.2144157	68.8480	68.4584	7.037341	32.46535
1075	6.00103	3.2142661	68.5708	68.1828	7.037286	32.46284
1076	6.00270	3.2137738	68.2845	67.8982	7.037327	32.45586
1077	6.00260	3.2139295	67.9952	67.6105	7.037253	32.45784
1078	6.00047	3.2157986	67.7182	67.3351	7.036547	32.48093
1079	5.99778	3.2162597	67.4380	67.0566	7.036634	32.48881
1080	5.99854	3.2163219	67.1578	66.7780	7.036502	32.48891
1081	6.00072	3.2167020	66.8775	66.4994	7.036032	32.49121
1082	6.00351	3.2169324	66.6095	66.2329	7.035563	32.49124
1083	6.00661	3.2169323	66.3385	65.9634	7.035176	32.48840
1084	6.00863	3.2166269	66.0675	65.6940	7.035077	32.48317
1085	6.00945	3.2162902	65.7872	65.4153	7.035144	32.47876
1086	6.00980	3.2163213	65.5161	65.1458	7.035078	32.47890
1087	6.01021	3.2159224	65.2482	64.8795	7.035228	32.47418
1088	6.01051	3.2157042	64.9740	64.6069	7.035296	32.47158
1089	6.01087	3.2153863	64.7059	64.3403	7.035410	32.46782
1090	6.01285	3.2150934	64.4442	64.0802	7.035311	32.46277
1091	6.01736	3.2145387	64.1760	63.8136	7.035034	32.45237
1092	6.01959	3.2144763	63.9082	63.5472	7.034785	32.44966
1093	6.02147	3.2146008	63.6399	63.2806	7.034484	32.44939
1094	6.02406	3.2150929	63.3690	63.0112	7.033906	32.45254
1095	6.02629	3.2166258	63.1009	62.7446	7.032837	32.46768
1096	6.02741	3.2170183	62.8360	62.4813	7.032491	32.47112
1097	6.02761	3.2169621	62.5680	62.2148	7.032489	32.47043
1098	6.02802	3.2169932	62.3031	61.9514	7.032417	32.47052
1099	6.02878	3.2170243	62.0289	61.6788	7.032301	32.47027
1100	6.02939	3.2171488	61.7609	61.4124	7.032156	32.47121
1101	6.02980	3.2175165	61.4868	61.1399	7.031911	32.47506
1102	6.03010	3.2176597	61.2128	60.8675	7.031794	32.47651
1103	6.03005	3.2176098	60.9355	60.5918	7.031820	32.47613
1104	6.03025	3.2170487	60.6522	60.3102	7.032077	32.46980
1105	6.03046	3.2164379	60.3843	60.0438	7.032360	32.46291
1106	6.03020	3.2169302	60.1162	59.7772	7.032132	32.46879
1107	6.03127	3.2176967	59.8452	59.5078	7.031601	32.47647
1108	6.03188	3.2178649	59.5679	59.2321	7.031433	32.47790
1109	6.03152	3.2178523	59.3152	58.9809	7.031478	32.47822
1110	6.03071	3.2179146	59.0412	58.7084	7.031540	32.47983
1111	6.02954	3.2179831	58.7731	58.4419	7.031642	32.48185
1112	6.02904	3.2180952	58.5081	58.1785	7.031641	32.48371
1113	6.02914	3.2179892	58.2310	57.9029	7.031677	32.48257
1114	6.03056	3.2177584	57.9538	57.6273	7.031614	32.47876
1115	6.03173	3.2179765	57.6827	57.3578	7.031352	32.48021
1116	6.03183	3.2181260	57.4147	57.0913	7.031257	32.48191
1117	6.03183	3.2179140	57.1558	56.8339	7.031360	32.47967
1118	6.03269	3.2174527	56.8817	56.5614	7.031485	32.47382
1119	6.03401	3.2166112	56.6074	56.2887	7.031749	32.46328
1120	6.03558	3.2162247	56.3395	56.0224	7.031748	32.45758
1121	6.03954	3.2161000	56.0686	55.7530	7.031318	32.45252
1122	6.04300	3.2161933	55.7973	55.4832	7.030839	32.45039
1123	6.04310	3.2163179	55.5203	55.2078	7.030757	32.45182
1124	6.04031	3.2165609	55.2583	54.9474	7.030970	32.45734
1125	6.03934	3.2171903	54.9872	54.6778	7.030759	32.46543
1126	6.03944	3.2173273	54.7161	54.4083	7.030670	32.46700
1127	6.03909	3.2175142	54.4449	54.1386	7.030612	32.46956
1128	6.03919	3.2175764	54.1830	53.8783	7.030561	32.47029
1129	6.03929	3.2176324	53.9090	53.6059	7.030514	32.47095
1130	6.04005	3.2176261	53.6470	53.3454	7.030418	32.47028
1131	6.04350	3.2176322	53.3851	53.0849	7.029984	32.46716
1132	6.04706	3.2175137	53.1141	52.8155	7.029601	32.46257
1133	6.04772	3.2168966	52.8460	52.5489	7.029831	32.45517
1134	6.04691	3.2159493	52.5811	52.2855	7.030412	32.44548
1135	6.04746	3.2153821	52.3161	52.0221	7.030628	32.43874
1136	6.04990	3.2156998	52.0540	51.7615	7.030159	32.44008
1137	6.04625	3.2159179	51.7831	51.4922	7.030491	32.44615
1138	6.03909	3.2158555	51.5150	51.2256	7.031399	32.45244
1139	6.03604	3.2156436	51.2562	50.9683	7.031877	32.45311
1140	6.03259	3.2150579	50.9820	50.6956	7.032597	32.45000
1141	6.02959	3.2144721	50.7261	50.4412	7.033261	32.44645
1142	6.02909	3.2140422	50.4489	50.1657	7.033538	32.44226
1143	6.02716	3.2134627	50.1869	49.9051	7.034068	32.43775
1144	6.02492	3.2131263	49.9127	49.6325	7.034510	32.43626
1145	6.02350	3.2129393	49.6448	49.3661	7.034775	32.43566
1146	6.02335	3.2126652	49.3737	49.0966	7.034929	32.43287
1147	6.02289	3.2120609	49.1055	48.8300	7.035290	32.42668
1148	6.02162	3.2112823	48.8375	48.5635	7.035841	32.41932
1149	6.01696	3.2113445	48.5574	48.2850	7.036379	32.42462
1150	6.01127	3.2114379	48.2922	48.0213	7.037025	32.43124
1151	6.00361	3.2123597	48.0274	47.7580	7.037489	32.44902
1152	5.99428	3.2124469	47.7563	47.4884	7.038589	32.45907
1153	5.98845	3.2119175	47.4974	47.2311	7.039575	32.45886
1154	5.98637	3.2119299	47.2234	46.9586	7.039819	32.46112
1155	5.98657	3.2116495	46.9583	46.6950	7.039933	32.45792
1156	5.98895	3.2111947	46.6902	46.4284	7.039867	32.45067
1157	5.98931	3.2109580	46.4252	46.1650	7.039939	32.44781
1158	5.98911	3.2109766	46.1633	45.9046	7.039949	32.44834
1159	5.98946	3.2110201	45.8861	45.6290	7.039876	32.44862
1160	5.98799	3.2110699	45.6058	45.3503	7.040026	32.45073
1161	5.98606	3.2105467	45.3469	45.0928	7.040528	32.44684
1162	5.98799	3.2105777	45.0819	44.8293	7.040268	32.44547
1163	5.98880	3.2104033	44.8139	44.5629	7.040252	32.44287
1164	5.98520	3.2102724	44.5397	44.2903	7.040757	32.44499
1165	5.98074	3.2100918	44.2747	44.0267	7.041395	32.44737
1166	5.97628	3.2099361	44.0067	43.7603	7.042020	32.45004
1167	5.97212	3.2098426	43.7356	43.4907	7.042575	32.45311
1168	5.96949	3.2099360	43.4675	43.2241	7.042846	32.45681
1169	5.96827	3.2099359	43.2027	42.9608	7.042991	32.45811
1170	5.96817	3.2099358	42.9408	42.7004	7.042997	32.45833
1171	5.96908	3.2099046	42.6604	42.4217	7.042894	32.45724
1172	5.96893	3.2094438	42.3953	42.1581	7.043145	32.45236
1173	5.97070	3.2094748	42.1181	41.8824	7.042904	32.45114
1174	5.97435	3.2095369	41.8530	41.6189	7.042415	32.44846
1175	5.97587	3.2094870	41.5699	41.3374	7.042247	32.44659
1176	5.97623	3.2094433	41.2836	41.0527	7.042219	32.44590
1177	5.97719	3.2094744	41.0064	40.7771	7.042078	32.44545
1178	5.97714	3.2093560	40.7382	40.5104	7.042139	32.44431
1179	5.97820	3.2093559	40.4520	40.2258	7.042002	32.44343
1180	5.98115	3.2094118	40.1717	39.9471	7.041604	32.44137
1181	5.98404	3.2095051	39.9066	39.6835	7.041193	32.43977
1182	5.98617	3.2096607	39.6386	39.4171	7.040844	32.43961
1183	5.98789	3.2095672	39.3767	39.1566	7.040673	32.43704
1184	5.99169	3.2096916	39.1027	38.8842	7.040134	32.43492
1185	5.99468	3.2095669	38.8314	38.6144	7.039823	32.43079
1186	5.99768	3.2093551	38.5542	38.3388	7.039557	32.42569
1187	6.00006	3.2095044	38.2830	38.0692	7.039179	32.42521
1188	6.00082	3.2095977	38.0119	37.7996	7.039031	32.42565
1189	6.00097	3.2095852	37.7349	37.5242	7.039013	32.42550
1190	6.00092	3.2095664	37.4668	37.2575	7.039023	32.42547
1191	6.00097	3.2093546	37.1894	36.9818	7.039119	32.42319
1192	6.00128	3.2092923	36.9183	36.7122	7.039108	32.42233
1193	6.00194	3.2093545	36.6258	36.4214	7.038988	32.42254
1194	6.00275	3.2094104	36.3335	36.1308	7.038853	32.42253
1195	6.00371	3.2091052	36.0563	35.8551	7.038885	32.41833
1196	6.00529	3.2089557	35.7881	35.5884	7.038762	32.41528
1197	6.00818	3.2089556	35.5172	35.3190	7.038399	32.41264
1198	6.00940	3.2090738	35.2399	35.0433	7.038182	32.41293
1199	6.00985	3.2091173	34.9597	34.7647	7.038097	32.41312
1200	6.01031	3.2090736	34.6794	34.4860	7.038057	32.41233
1201	6.01082	3.2090175	34.4114	34.2195	7.038017	32.41135
1202	6.01097	3.2088866	34.1311	33.9408	7.038059	32.40987
1203	6.01219	3.2090173	33.8600	33.6713	7.037836	32.41030
1204	6.01599	3.2090171	33.5799	33.3927	7.037360	32.40679
1205	6.01853	3.2089735	33.3056	33.1200	7.037064	32.40401
1206	6.01980	3.2089920	33.0284	32.8443	7.036891	32.40314
1207	6.01995	3.2092285	32.7451	32.5627	7.036744	32.40578
1208	6.01990	3.2101750	32.4680	32.2871	7.036258	32.41655
1209	6.01909	3.2109409	32.1967	32.0173	7.035957	32.42602
1210	6.01894	3.2110653	31.9103	31.7325	7.035906	32.42770
1211	6.01888	3.2109656	31.6453	31.4690	7.035957	32.42676
1212	6.01888	3.2109406	31.3619	31.1873	7.035964	32.42662
1213	6.01873	3.2110028	31.0939	30.9207	7.035945	32.42759
1214	6.01853	3.2111273	30.8106	30.6391	7.035899	32.42932
1215	6.01883	3.2111272	30.5274	30.3574	7.035855	32.42916
1216	6.01909	3.2105728	30.2379	30.0696	7.036103	32.42286
1217	6.01965	3.2102365	29.9517	29.7850	7.036201	32.41870
1218	6.02086	3.2102675	29.6865	29.5213	7.036029	32.41801
1219	6.02234	3.2105725	29.3910	29.2275	7.035684	32.42016
1220	6.02350	3.2101427	29.1199	28.9579	7.035755	32.41437
1221	6.02447	3.2100866	28.8398	28.6793	7.035659	32.41295
1222	6.02563	3.2107778	28.5654	28.4065	7.035153	32.41970
1223	6.02594	3.2114939	28.2792	28.1219	7.034741	32.42756
1224	6.02579	3.2115561	28.0080	27.8522	7.034721	32.42853
1225	6.02574	3.2115871	27.7309	27.5767	7.034706	32.42906
1226	6.02558	3.2115808	27.4565	27.3038	7.034721	32.42927
1227	6.02619	3.2114998	27.1763	27.0252	7.034682	32.42792
1228	6.02797	3.2112505	26.8991	26.7496	7.034585	32.42356
1229	6.02853	3.2102665	26.6280	26.4800	7.035016	32.41216
1230	6.02975	3.2095005	26.3416	26.1952	7.035254	32.40256
1231	6.03203	3.2093820	26.0643	25.9195	7.035027	32.39919
1232	6.03360	3.2094380	25.7902	25.6469	7.034798	32.39844
1233	6.03437	3.2094690	25.5097	25.3680	7.034682	32.39820
1234	6.03487	3.2094689	25.2265	25.0864	7.034613	32.39785
1235	6.03538	3.2098362	24.9494	24.8108	7.034355	32.40161
1236	6.03589	3.2103281	24.6629	24.5260	7.034033	32.40676
1237	6.03635	3.2102346	24.3736	24.2383	7.034019	32.40542
1238	6.03685	3.2100227	24.0933	23.9595	7.034059	32.40270
1239	6.03746	3.2104835	23.8161	23.6839	7.033741	32.40740
1240	6.03787	3.2108508	23.5297	23.3991	7.033495	32.41126
1241	6.03822	3.2118223	23.2524	23.1234	7.032946	32.42192
1242	6.03939	3.2120714	22.9720	22.8446	7.032668	32.42372
1243	6.04107	3.2121958	22.6918	22.5659	7.032391	32.42365
1244	6.04736	3.2122891	22.4115	22.2872	7.031562	32.41880
1245	6.06428	3.2121954	22.1283	22.0055	7.029521	32.40172
1246	6.08120	3.2121640	21.8450	21.7238	7.027449	32.38533
1247	6.08918	3.2120143	21.5738	21.4541	7.026537	32.37617
1248	6.09055	3.2117962	21.2873	21.1692	7.026474	32.37257
1249	6.08801	3.2115533	21.0161	20.8996	7.026905	32.37241
1250	6.08547	3.2114287	20.7299	20.6149	7.027276	32.37358
1251	6.08226	3.2114597	20.4558	20.3424	7.027647	32.37712
1252	6.08038	3.2114908	20.1601	20.0484	7.027856	32.37941
1253	6.07952	3.2114285	19.8584	19.7483	7.027988	32.37968
1254	6.07794	3.2112727	19.5691	19.4607	7.028255	32.37959
1255	6.07601	3.2113473	19.2919	19.1850	7.028448	32.38240
1256	6.07449	3.2114282	19.0083	18.9030	7.028588	32.38490
1257	6.07363	3.2118891	18.7313	18.6275	7.028452	32.39101
1258	6.07398	3.2122565	18.4419	18.3397	7.028213	32.39491
1259	6.07500	3.2121941	18.1464	18.0459	7.028114	32.39339
1260	6.07576	3.2127234	17.8568	17.7580	7.027742	32.39871
1261	6.08806	3.2132340	17.5553	17.4582	7.025960	32.39281
1262	6.10824	3.2133521	17.2780	17.1824	7.023411	32.37499
1263	6.15093	3.2076596	16.9946	16.9005	7.021068	32.27097
1264	6.24057	3.2011805	16.7022	16.6098	7.013343	32.11406
1265	6.33910	3.1891761	16.4311	16.3402	7.007313	31.88838
1266	6.41884	3.1823452	16.1385	16.0492	7.000949	31.73854
1267	6.49966	3.1756192	15.8552	15.7675	6.994387	31.58950
1268	6.58064	3.1692331	15.5779	15.4917	6.987625	31.44470
1269	6.64539	3.1584570	15.2885	15.2040	6.985033	31.26728
1270	6.70050	3.1445126	14.9991	14.9161	6.985178	31.06467
1271	6.75056	3.1395214	14.7159	14.6346	6.981478	30.96498
1272	6.79795	3.1326576	14.4383	14.3585	6.979028	30.84759
1273	6.83938	3.1271805	14.1612	14.0829	6.976617	30.75092
1274	6.87708	3.1240918	13.8657	13.7891	6.973485	30.68377
1275	6.90817	3.1221010	13.5824	13.5073	6.970625	30.63455
1276	6.93477	3.1222485	13.2989	13.2255	6.967268	30.61259
1277	6.96290	3.1170617	13.0065	12.9346	6.966340	30.53151
1278	6.99042	3.1136260	12.7170	12.6468	6.964624	30.47006
1279	7.01832	3.1114594	12.4337	12.3650	6.962239	30.42208
1280	7.04635	3.1113052	12.1502	12.0831	6.958855	30.39580
1281	7.07060	3.1095451	11.8640	11.7984	6.956721	30.35556
1282	7.08934	3.1070598	11.5805	11.5165	6.955618	30.31238
1283	7.10340	3.1066229	11.2851	11.2228	6.954093	30.29544
1284	7.12033	3.1042922	11.0017	10.9409	6.953135	30.25558
1285	7.14066	3.1019867	10.7123	10.6532	6.951746	30.21307
1286	7.16319	3.1003393	10.4319	10.3743	6.949766	30.17575
1287	7.18484	3.1008122	10.1486	10.0926	6.946865	30.16205
1288	7.20400	3.1001851	9.8774	9.8229	6.944806	30.13871
1289	7.22108	3.1003692	9.5911	9.5381	6.942611	30.12592
1290	7.23633	3.0991032	9.3046	9.2533	6.941341	30.09916
1291	7.24794	3.0987835	9.0151	8.9654	6.940063	30.08576
1292	7.25912	3.0974870	8.7440	8.6958	6.939308	30.06224
1293	7.27183	3.0967804	8.4576	8.4110	6.938082	30.04374
1294	7.28857	3.0963624	8.1711	8.1261	6.936220	30.02485
1295	7.30741	3.0956620	7.8847	7.8413	6.934237	30.00113
1296	7.32993	3.0951888	7.6013	7.5594	6.931693	29.97668
1297	7.35670	3.0946726	7.2845	7.2443	6.928648	29.94814
1298	7.38082	3.0935178	6.9736	6.9352	6.926237	29.91509
1299	7.40143	3.0924554	6.6903	6.6535	6.924211	29.88608
1300	7.42458	3.0905828	6.4069	6.3716	6.922263	29.84627
1301	7.44947	3.0897846	6.1235	6.0897	6.919587	29.81647
1302	7.46986	3.0886735	5.8402	5.8080	6.917613	29.78723
1303	7.49031	3.0881149	5.5538	5.5232	6.915368	29.76386
1304	7.51345	3.0863844	5.2736	5.2445	6.913351	29.72573
1305	7.53692	3.0853658	4.9871	4.9597	6.910955	29.69494
1306	7.56299	3.0848625	4.7067	4.6808	6.907998	29.66745
1307	7.59198	3.0844389	4.4112	4.3869	6.904647	29.63836
1308	7.63691	3.0831505	4.1126	4.0900	6.899756	29.58656
1309	7.70008	3.0814697	3.8079	3.7869	6.892827	29.51528
1310	7.76483	3.0795931	3.5276	3.5082	6.885804	29.44080
1311	7.83212	3.0777966	3.2381	3.2203	6.878439	29.36526
1312	7.88758	3.0767052	2.9516	2.9353	6.872192	29.30732
1313	7.93343	3.0747748	2.6804	2.6657	6.867509	29.24873
1314	7.96960	3.0737820	2.3972	2.3840	6.863570	29.20820
1315	8.00202	3.0723240	2.1229	2.1112	6.860303	29.16599
1316	8.02977	3.0700519	1.8669	1.8566	6.857980	29.11918
1317	8.05360	3.0695129	1.6200	1.6111	6.855332	29.09384
1318	8.07808	3.0690901	1.3733	1.3657	6.852552	29.06921
1319	8.10178	3.0685083	1.1174	1.1113	6.849941	29.04359
1320	8.12629	3.0681652	0.8705	0.8658	6.847123	29.01982
1321	8.15077	3.0683608	0.6361	0.6326	6.844064	29.00173
1322	8.17943	3.0685930	0.4198	0.4175	6.840482	28.98058
1323	8.21239	3.0854128	0.2308	0.2295	6.828778	29.12890
1324	8.17429	3.0865848	0.1089	0.1083	6.832832	29.17281
1325	7.88938	3.0873178	0.1182	0.1175	6.866969	29.41875
1326	7.64853	3.1169031	0.1152	0.1145	6.882314	29.93659
1327	7.37238	3.1273805	0.1183	0.1177	6.910904	30.28780
1328	7.10199	3.1447697	0.1153	0.1147	6.935490	30.71346
1329	6.89314	2.8807414	0.1124	0.1118	7.091255	28.04791
1330	6.73905	0.5773778	0.1156	0.1150	8.271370	4.93962
1331	6.68296	0.6766228	0.1124	0.1118	8.233228	5.86353
1332	6.68271	0.7061422	0.1158	0.1151	8.218575	6.13828
1333	6.69555	0.5902559	0.1097	0.1091	8.273592	5.06398
1334	6.70359	0.5522270	0.1158	0.1152	8.290756	4.71478
1335	6.70736	0.5855524	0.1160	0.1154	8.273587	5.01909
1336	6.71092	0.5670622	0.1192	0.1185	8.282001	4.84928
1337	6.71391	0.5397573	0.1192	0.1185	8.294842	4.59971
1338	6.71819	0.5390293	0.1192	0.1186	8.294350	4.59251
1339	6.72743	0.5557731	0.1225	0.1218	8.284292	4.74386
1340	6.73564	0.5117638	0.1164	0.1157	8.304251	4.34261
1341	6.74256	0.4514473	0.1165	0.1158	8.332285	3.79805
1342	6.74979	0.4239898	0.1133	0.1126	8.344149	3.55168
1343	6.75676	0.4800506	0.1166	0.1160	8.315523	4.05352
1344	6.76363	0.4770647	0.1198	0.1191	8.315604	4.02582
1345	6.76978	0.4295306	0.1198	0.1191	8.337442	3.59904
1346	6.77541	0.3939652	0.1138	0.1132	8.353473	3.28213
1347	6.78120	0.3585608	0.1079	0.1073	8.369299	2.96893
1348	6.78657	0.3349905	0.1108	0.1102	8.379467	2.76163
1349	6.79190	0.3447094	0.1140	0.1134	8.373746	2.84635
1350	6.79671	0.3579433	0.1141	0.1135	8.366444	2.96216
1351	6.80363	0.5276572	0.1113	0.1107	8.282982	4.47792
1352	6.81253	0.4949224	0.1173	0.1166	8.297165	4.18086
1353	6.82096	0.5543937	0.1205	0.1198	8.266498	4.71841
1354	6.82707	0.4515430	0.1145	0.1139	8.315299	3.78959
1355	6.83172	0.5456515	0.1175	0.1169	8.268646	4.63748
1356	6.83457	0.3625757	0.1176	0.1169	8.356549	2.99961
1357	6.83819	0.4585126	0.1116	0.1110	8.309704	3.85073
1358	6.84513	0.5405990	0.1148	0.1142	8.268466	4.58982
1359	6.85936	0.4146678	0.1149	0.1142	8.326595	3.45756
1360	6.87273	0.3394645	0.1180	0.1174	8.359815	2.79382
1361	6.88003	0.2889118	0.1120	0.1114	8.382214	2.35410
1362	6.88391	0.2596576	0.1180	0.1174	8.395131	2.10225
1363	6.88822	0.2969773	0.1150	0.1144	8.376747	2.42323
1364	6.89366	0.3062437	0.1152	0.1146	8.371273	2.50308
1365	6.89671	0.3048044	0.1152	0.1146	8.371328	2.49038
1366	6.90029	0.2816513	0.1184	0.1177	8.381482	2.29013
1367	6.90361	0.2524013	0.1154	0.1148	8.394476	2.03899
1368	6.90511	0.2277152	0.1185	0.1179	8.405637	1.82872
1369	6.90516	0.2132756	0.1155	0.1149	8.412302	1.70649
1370	6.90485	0.2458019	0.1095	0.1089	8.397294	1.98258
1371	6.90454	0.2716394	0.1157	0.1150	8.385302	2.20374
1372	6.90433	0.2815090	0.1158	0.1151	8.380722	2.28864
1373	6.90418	0.2686155	0.1097	0.1091	8.386791	2.17780
1374	6.90428	0.2517698	0.1130	0.1123	8.394632	2.03355
1375	6.90387	0.2333075	0.1190	0.1183	8.403301	1.87626
1376	6.90356	0.2227832	0.1161	0.1154	8.408240	1.78699
1377	6.90340	0.2742271	0.1161	0.1154	8.384325	2.22605
1378	6.90345	0.2841689	0.1132	0.1126	8.379655	2.31161
1379	6.90350	0.2934644	0.1163	0.1157	8.375280	2.39181
1380	6.90397	0.2832241	0.1133	0.1127	8.379992	2.30344
1381	6.90470	0.2656434	0.1104	0.1098	8.388074	2.15227
1382	6.90506	0.2403568	0.1135	0.1129	8.399783	1.93616
1383	6.90542	0.2219384	0.1196	0.1190	8.408247	1.77974
1384	6.90532	0.2034433	0.1167	0.1160	8.416802	1.62358
1385	6.90521	0.1906991	0.1138	0.1131	8.422679	1.51653
1386	6.90506	0.1823437	0.1167	0.1161	8.426538	1.44661
1387	6.90521	0.1750617	0.1138	0.1131	8.429834	1.38582
1388	6.90553	0.1701658	0.1230	0.1223	8.432002	1.34504
1389	6.90594	0.1673929	0.1139	0.1133	8.433179	1.32197
1390	6.90682	0.1650210	0.1141	0.1134	8.434075	1.30223
1391	6.90770	0.1644044	0.1141	0.1135	8.434173	1.29708
1392	6.90853	0.1640597	0.1142	0.1136	8.434157	1.29419
1393	6.90947	0.1639901	0.1113	0.1107	8.433995	1.29357
1394	6.91040	0.1650310	0.1173	0.1167	8.433328	1.30218
1395	6.91149	0.1679937	0.1083	0.1077	8.431754	1.32675
1396	6.91247	0.1718776	0.1145	0.1139	8.429781	1.35901
1397	6.91341	0.1928007	0.1175	0.1169	8.420021	1.53379
1398	6.91418	0.2473157	0.1116	0.1109	8.394673	1.99495
1399	6.91527	0.2588764	0.1117	0.1111	8.389066	2.09366
1400	6.91615	0.2764432	0.1178	0.1171	8.380679	2.24428
1401	6.91740	0.2672965	0.1149	0.1142	8.384701	2.16566
1402	6.91843	0.2513786	0.1148	0.1142	8.391911	2.02938
1403	6.91932	0.2376214	0.1119	0.1112	8.398122	1.91209
1404	6.92072	0.2251461	0.1089	0.1083	8.403613	1.80612
1405	6.92232	0.2144761	0.1181	0.1175	8.408210	1.71578
1406	6.92429	0.2106873	0.1213	0.1206	8.409550	1.68371
1407	6.92678	0.2114777	0.1153	0.1146	8.408672	1.69026
1408	6.92933	0.2077676	0.1183	0.1177	8.409857	1.65886
1409	6.93202	0.2075045	0.1153	0.1147	8.409421	1.65651
1410	6.93514	0.2000443	0.1215	0.1208	8.412207	1.59361
1411	6.93866	0.1989784	0.1216	0.1209	8.411968	1.58449
1412	6.94235	0.2142596	0.1186	0.1179	8.404184	1.71296
1413	6.94634	0.2631261	0.1156	0.1149	8.380724	2.12813
1414	6.94997	0.2749921	0.1217	0.1211	8.374448	2.22962
1415	6.95340	0.2842592	0.1187	0.1180	8.369419	2.30905
1416	6.95682	0.2957279	0.1219	0.1213	8.363352	2.40764
