Scan Count	Temperature [ITS-90, deg C]	Conductivity [S/m]	Depth [salt water, m]	Oxygen Saturation, Weiss [ml/l]	Salinity, Practical [PSU]
1	13.69011	0.0138537	-0.0926	7.248709	0.08514
2	13.69042	0.0138816	-0.0925	7.248652	0.08531
3	13.69054	0.0138816	-0.0925	7.248632	0.08531
4	13.69079	0.0141268	-0.0895	7.248526	0.08679
5	13.69092	0.0140709	-0.0926	7.248521	0.08645
6	13.69123	0.0148810	-0.0955	7.248252	0.09136
7	13.69135	0.0164556	-0.0956	7.247803	0.10093
8	13.69172	0.0177454	-0.0955	7.247390	0.10881
9	13.69185	0.0178760	-0.0927	7.247334	0.10961
10	13.69215	0.0183859	-0.0956	7.247145	0.11273
11	13.69259	0.0189706	-0.0927	7.246914	0.11632
12	13.69315	0.0187031	-0.0895	7.246899	0.11468
13	13.69321	0.0184232	-0.0927	7.246966	0.11296
14	13.69345	0.0177703	-0.0927	7.247105	0.10896
15	13.69370	0.0203303	-0.0896	7.246361	0.12468
16	13.69414	0.0201934	-0.0957	7.246329	0.12384
17	13.69426	0.0207599	-0.0957	7.246153	0.12733
18	13.69476	0.0227657	-0.0956	7.245518	0.13972
19	13.69488	0.0212985	-0.0896	7.245905	0.13065
20	13.69531	0.0197390	-0.0896	7.246266	0.12104
21	13.69562	0.0186502	-0.0866	7.246516	0.11435
22	13.69575	0.0181838	-0.0956	7.246624	0.11149
23	13.69587	0.0178480	-0.0927	7.246696	0.10943
24	13.69630	0.0178200	-0.0865	7.246635	0.10926
25	13.69655	0.0177298	-0.0927	7.246620	0.10870
26	13.69686	0.0175837	-0.0927	7.246610	0.10781
27	13.69705	0.0172387	-0.0988	7.246675	0.10570
28	13.69748	0.0168565	-0.0866	7.246710	0.10337
29	13.69767	0.0165582	-0.0897	7.246761	0.10155
30	13.69773	0.0162941	-0.0927	7.246824	0.09994
31	13.69816	0.0157505	-0.0896	7.246902	0.09662
32	13.69866	0.0152319	-0.0896	7.246964	0.09347
33	13.69866	0.0149524	-0.0866	7.247040	0.09178
34	13.69909	0.0149245	-0.0927	7.246978	0.09161
35	13.69903	0.0146047	-0.0956	7.247075	0.08967
36	13.69934	0.0143254	-0.0956	7.247101	0.08797
37	13.69977	0.0140740	-0.0927	7.247100	0.08645
38	13.69983	0.0136830	-0.0896	7.247196	0.08409
39	13.70014	0.0133417	-0.0957	7.247238	0.08203
40	13.70045	0.0130315	-0.0927	7.247272	0.08016
41	13.70045	0.0127554	-0.0897	7.247347	0.07849
42	13.70051	0.0125508	-0.0897	7.247392	0.07726
43	13.70095	0.0125228	-0.0959	7.247330	0.07709
44	13.70113	0.0125073	-0.0927	7.247304	0.07700
45	13.70120	0.0124422	-0.0867	7.247312	0.07661
46	13.70138	0.0124887	-0.0898	7.247270	0.07689
47	13.70138	0.0125322	-0.0867	7.247258	0.07715
48	13.70144	0.0125632	-0.0897	7.247240	0.07734
49	13.70163	0.0125228	-0.0956	7.247221	0.07709
50	13.70188	0.0125539	-0.0866	7.247173	0.07728
51	13.70200	0.0125694	-0.0897	7.247149	0.07737
52	13.70225	0.0124980	-0.0957	7.247128	0.07694
53	13.70225	0.0124329	-0.0897	7.247146	0.07655
54	13.70206	0.0124236	-0.0866	7.247178	0.07650
55	13.70243	0.0123306	-0.0866	7.247143	0.07594
56	13.70243	0.0122531	-0.0927	7.247164	0.07547
57	13.70274	0.0121445	-0.0927	7.247144	0.07482
58	13.70274	0.0121011	-0.0927	7.247155	0.07456
59	13.70293	0.0119833	-0.0988	7.247157	0.07385
60	13.70305	0.0120453	-0.0898	7.247121	0.07422
61	13.70305	0.0120577	-0.0897	7.247117	0.07430
62	13.70318	0.0119027	-0.0867	7.247139	0.07337
63	13.70330	0.0116795	-0.0837	7.247179	0.07203
64	13.70330	0.0116113	-0.0897	7.247198	0.07162
65	13.70343	0.0114780	-0.0897	7.247213	0.07082
66	13.70343	0.0114067	-0.0898	7.247233	0.07040
67	13.70349	0.0112703	-0.0866	7.247259	0.06958
68	13.70380	0.0111836	-0.0927	7.247233	0.06906
69	13.70392	0.0111154	-0.0897	7.247231	0.06865
70	13.70386	0.0110627	-0.0837	7.247255	0.06834
71	13.70386	0.0110906	-0.0896	7.247248	0.06851
72	13.70386	0.0111185	-0.0958	7.247240	0.06867
73	13.70405	0.0110968	-0.0897	7.247216	0.06854
74	13.70398	0.0110968	-0.0988	7.247226	0.06854
75	13.70392	0.0111092	-0.0867	7.247233	0.06862
76	13.70417	0.0110906	-0.0896	7.247198	0.06850
77	13.70380	0.0111092	-0.0927	7.247253	0.06862
78	13.70398	0.0110968	-0.0927	7.247226	0.06854
79	13.70405	0.0110937	-0.0927	7.247217	0.06852
80	13.70398	0.0110906	-0.0957	7.247228	0.06851
81	13.70398	0.0110472	-0.0927	7.247239	0.06825
82	13.70405	0.0109821	-0.0897	7.247247	0.06786
83	13.70411	0.0109449	-0.0957	7.247247	0.06764
84	13.70405	0.0108706	-0.0927	7.247277	0.06719
85	13.70398	0.0108086	-0.0897	7.247303	0.06682
86	13.70386	0.0107404	-0.0897	7.247341	0.06641
87	13.70374	0.0106568	-0.0967	7.247384	0.06592
88	13.70361	0.0105731	-0.0957	7.247426	0.06542
89	13.70374	0.0104306	-0.0897	7.247444	0.06457
90	13.70374	0.0103500	-0.0927	7.247465	0.06409
91	13.70367	0.0102695	-0.0897	7.247497	0.06361
92	13.70349	0.0101982	-0.0958	7.247546	0.06319
93	13.70324	0.0101239	-0.0927	7.247605	0.06274
94	13.70312	0.0100527	-0.0895	7.247644	0.06232
95	13.70324	0.0099721	-0.0927	7.247646	0.06184
96	13.70324	0.0098916	-0.0897	7.247667	0.06136
97	13.70312	0.0098049	-0.0926	7.247710	0.06085
98	13.70324	0.0097212	-0.0927	7.247712	0.06035
99	13.70274	0.0096438	-0.0836	7.247812	0.05989
100	13.68027	0.1612935	-0.0593	7.206832	1.05750
101	13.04404	0.9959128	0.0103	7.024872	7.45099
102	12.11549	1.7695676	0.1224	6.873841	14.22757
103	11.47596	1.7844558	0.2285	6.955700	14.60583
104	11.05886	1.7905834	0.3347	7.011283	14.82648
105	10.76274	1.8006239	0.4468	7.048851	15.03746
106	10.55428	1.8148786	0.5528	7.072517	15.25357
107	10.42135	1.8279939	0.6438	7.085984	15.42962
108	10.34262	1.8340236	0.7347	7.094682	15.51848
109	10.28934	1.8308348	0.8074	7.103592	15.51174
110	10.25604	1.8007947	0.8408	7.120841	15.24876
111	10.26980	1.8017095	0.8467	7.118488	15.25142
112	10.33764	1.8068659	0.8560	7.106641	15.27049
113	10.40917	1.8126635	0.8620	7.094042	15.29383
114	10.44731	1.8250734	0.8681	7.083504	15.39179
115	10.42912	1.8456652	0.8742	7.077600	15.58877
116	10.37311	1.8737080	0.8803	7.073940	15.87129
117	10.33131	1.9004699	0.8802	7.068754	16.13694
118	10.30159	1.9468519	0.8711	7.053686	16.58025
119	10.27116	1.9719485	0.8590	7.047509	16.82752
120	10.24458	1.9947860	0.8499	7.041706	17.05266
121	10.23212	2.0078403	0.8529	7.038000	17.18033
122	10.22558	2.0184801	0.8469	7.034473	17.28281
123	10.21392	2.0279658	0.8560	7.032135	17.37703
124	10.20096	2.0355829	0.8500	7.030750	17.45450
125	10.19200	2.0409169	0.8529	7.029761	17.50874
126	10.18215	2.0410070	0.8561	7.031086	17.51432
127	10.17297	2.0406894	0.8743	7.032487	17.51576
128	10.16059	2.0534128	0.8833	7.028879	17.64102
129	10.14765	2.0648231	0.8802	7.025891	17.75439
130	10.14174	2.0636169	0.8772	7.027210	17.74595
131	10.15288	2.0534553	0.8681	7.029925	17.64516
132	10.16869	2.0706451	0.8529	7.020557	17.79875
133	10.16717	2.0768454	0.8500	7.018175	17.85770
134	10.15136	2.0890727	0.8500	7.015234	17.98037
135	10.13572	2.0929154	0.8559	7.015772	18.02424
136	10.13280	2.0969206	0.8712	7.014496	18.06337
137	10.14770	2.0987424	0.8681	7.011690	18.07310
138	10.16278	2.1004739	0.8712	7.008900	18.08188
139	10.16999	2.0934437	0.8621	7.010851	18.01222
140	10.16436	2.0998966	0.8560	7.008925	18.07567
141	10.15001	2.1159832	0.8590	7.004161	18.23418
142	10.13842	2.1277666	0.8650	7.000813	18.35100
143	10.14202	2.1125656	0.8650	7.006683	18.20601
144	10.17303	2.0636857	0.8620	7.022869	17.73133
145	10.19093	2.0353820	0.8530	7.032220	17.45743
146	10.21228	2.0339540	0.8439	7.029863	17.43383
147	10.25039	2.0970587	0.8348	6.998337	18.00636
148	10.26427	2.1394797	0.8348	6.978806	18.39765
149	10.25660	2.1452911	0.8378	6.977430	18.45615
150	10.24927	2.1287000	0.8500	6.985327	18.30393
151	10.25801	2.1100108	0.8501	6.991910	18.12408
152	10.25688	2.1130790	0.8530	6.990788	18.15343
153	10.24763	2.1069282	0.8469	6.994608	18.10032
154	10.23906	2.1339964	0.8409	6.984510	18.35884
155	10.22716	2.1512211	0.8409	6.978952	18.52689
156	10.20614	2.1588773	0.8468	6.978610	18.60971
157	10.18023	2.1479569	0.8439	6.986681	18.52005
158	10.17387	2.1414330	0.8499	6.990270	18.46181
159	10.19983	2.1407926	0.8560	6.987008	18.44261
160	10.20811	2.1265745	0.8500	6.991811	18.30465
161	10.19904	2.1333626	0.8438	6.990215	18.37308
162	10.18682	2.1381573	0.8438	6.989877	18.42439
163	10.17207	2.1337872	0.8378	6.993709	18.39071
164	10.15153	2.1301989	0.8318	6.998007	18.36730
165	10.13769	2.1294955	0.8439	7.000189	18.36766
166	10.14286	2.1248683	0.8529	7.001420	18.32145
167	10.16486	2.1131010	0.8620	7.003336	18.19961
168	10.17708	2.0980049	0.8772	7.007974	18.05157
169	10.17021	2.0983041	0.8742	7.008789	18.05779
170	10.16047	2.1097117	0.8652	7.005353	18.16992
171	10.15991	2.1284429	0.8530	6.997599	18.34652
172	10.15732	2.1342817	0.8469	6.995511	18.40283
173	10.15462	2.1319445	0.8410	6.996856	18.38218
174	10.15125	2.1278149	0.8439	6.999043	18.34498
175	10.14140	2.1287008	0.8501	7.000015	18.35830
176	10.13471	2.1220626	0.8560	7.003707	18.29913
177	10.13881	2.1033878	0.8652	7.010964	18.12123
178	10.15113	2.0921786	0.8622	7.013965	18.00967
179	10.19206	2.0874667	0.8561	7.010321	17.94517
180	10.27014	2.0893706	0.8561	6.998835	17.92455
181	10.33708	2.0929140	0.8500	6.988223	17.92479
182	10.38177	2.0998043	0.8502	6.979285	17.96723
183	10.40645	2.0990185	0.8561	6.976252	17.94774
184	10.42175	2.0913014	0.8561	6.977354	17.86819
185	10.44062	2.0874863	0.8592	6.976358	17.82338
186	10.45758	2.0858596	0.8531	6.974720	17.79995
187	10.46841	2.0885690	0.8440	6.972132	17.81992
188	10.47369	2.1003114	0.8469	6.966588	17.92678
189	10.47023	2.1118886	0.8411	6.962298	18.03645
190	10.45797	2.1162598	0.8410	6.962159	18.08330
191	10.44130	2.1146579	0.8562	6.965076	18.07660
192	10.43308	2.1030168	0.8683	6.970986	17.97196
193	10.43495	2.0881745	0.8714	6.976846	17.83256
194	10.46427	2.0870541	0.8775	6.973319	17.80781
195	10.56964	2.0861574	0.8714	6.959379	17.74824
196	10.68888	2.0830590	0.8532	6.944501	17.66188
197	10.77606	2.0816195	0.8562	6.933318	17.60667
198	10.83805	2.0790510	0.8441	6.926003	17.55331
199	10.86315	2.0746047	0.8442	6.924416	17.50037
200	10.86384	2.0730293	0.8501	6.924957	17.48553
201	10.85914	2.0728271	0.8472	6.925672	17.48591
202	10.86195	2.0715501	0.8503	6.925807	17.47281
203	10.85960	2.0697947	0.8502	6.926831	17.45776
204	10.85186	2.0675666	0.8563	6.928771	17.44091
205	10.84378	2.0644092	0.8594	6.931132	17.41566
206	10.83782	2.0597399	0.8654	6.933819	17.37547
207	10.83519	2.0562310	0.8685	6.935589	17.34440
208	10.83187	2.0520398	0.8684	6.937728	17.30738
209	10.82660	2.0487632	0.8623	6.939762	17.27969
210	10.82087	2.0452287	0.8533	6.941963	17.24984
211	10.81388	2.0403305	0.8411	6.944886	17.20803
212	10.80518	2.0353092	0.8352	6.948093	17.16588
213	10.79780	2.0312433	0.8322	6.950738	17.13190
214	10.79225	2.0263298	0.8383	6.953478	17.08925
215	10.79088	2.0233256	0.8444	6.954879	17.06224
216	10.79265	2.0192624	0.8625	6.956280	17.02403
217	10.79379	2.0119449	0.8867	6.959081	16.95618
218	10.79671	2.0066731	0.8927	6.960813	16.90637
219	10.80398	1.9986031	0.8746	6.963081	16.82888
220	10.81137	1.9898090	0.8717	6.965624	16.74474
221	10.81812	1.9842103	0.8504	6.966960	16.69029
222	10.82190	1.9804300	0.8354	6.967968	16.65390
223	10.82459	1.9774379	0.8384	6.968807	16.62524
224	10.82906	1.9737457	0.8565	6.969685	16.58936
225	10.83536	1.9703121	0.8656	6.970207	16.55505
226	10.84252	1.9600860	0.8749	6.973348	16.45816
227	10.85135	1.9532626	0.8656	6.974886	16.39176
228	10.87118	1.9519739	0.8536	6.972683	16.37113
229	10.89688	1.9479062	0.8445	6.970792	16.32254
230	10.92047	1.9481302	0.8445	6.967466	16.31412
231	10.94108	1.9524012	0.8445	6.962928	16.34397
232	10.95889	1.9475149	0.8657	6.962447	16.29149
233	10.97418	1.9398937	0.8779	6.963404	16.21526
234	10.98787	1.9418774	0.8779	6.960735	16.22731
235	11.00145	1.9460970	0.8689	6.957190	16.25977
236	11.00806	1.9437054	0.8507	6.957240	16.23507
237	11.00404	1.9469517	0.8356	6.956494	16.26642
238	10.99909	1.9566802	0.8356	6.953282	16.35727
239	10.99989	1.9759544	0.8387	6.945470	16.53271
240	11.00363	1.9874459	0.8508	6.940369	16.63592
241	11.00726	1.9862233	0.8659	6.940365	16.62312
242	11.01094	1.9801772	0.8812	6.942280	16.56627
243	11.01612	1.9616626	0.8871	6.948968	16.39510
244	11.02257	1.9705778	0.8751	6.944530	16.47350
245	11.03109	1.9782172	0.8661	6.940321	16.53935
246	11.03915	1.9824416	0.8691	6.937541	16.57426
247	11.03627	1.9836162	0.8631	6.937463	16.58627
248	11.02435	1.9841250	0.8660	6.938880	16.59627
249	11.01192	1.9836216	0.8631	6.940771	16.59727
250	10.99915	1.9841042	0.8601	6.942315	16.60743
251	10.98793	1.9840781	0.8570	6.943851	16.61225
252	10.97424	1.9848229	0.8511	6.945415	16.62523
253	10.95717	1.9860348	0.8511	6.947254	16.64401
254	10.93867	1.9869636	0.8572	6.949401	16.66087
255	10.92466	1.9877088	0.8753	6.951011	16.67403
256	10.91570	1.9946083	0.8844	6.949461	16.74124
257	10.91117	1.9995015	0.8876	6.948114	16.78812
258	10.91283	1.9988232	0.8784	6.948159	16.78115
259	10.89877	2.0006532	0.8543	6.949337	16.80434
260	10.87955	2.0046146	0.8362	6.950359	16.84945
261	10.85817	2.0089367	0.8452	6.951529	16.89891
262	10.83828	2.0126506	0.8512	6.952738	16.94216
263	10.82436	2.0146692	0.8604	6.953818	16.96713
264	10.81806	2.0167517	0.8726	6.953835	16.98917
265	10.81640	2.0221484	0.8756	6.951883	17.03956
266	10.81388	2.0253105	0.8756	6.950949	17.06981
267	10.81262	2.0259336	0.8696	6.950869	17.07613
268	10.81423	2.0244763	0.8665	6.951239	17.06198
269	10.81354	2.0252630	0.8666	6.951015	17.06953
270	10.81228	2.0231301	0.8666	6.952047	17.05050
271	10.80839	2.0279143	0.8667	6.950645	17.09632
272	10.80856	2.0299220	0.8667	6.949811	17.11471
273	10.81096	2.0298375	0.8606	6.949518	17.11282
274	10.80753	2.0295205	0.8606	6.950113	17.11150
275	10.80295	2.0306831	0.8516	6.950265	17.12433
276	10.80020	2.0315975	0.8577	6.950269	17.13403
277	10.79294	2.0310848	0.8668	6.951463	17.13270
278	10.78390	2.0309950	0.8760	6.952728	17.13608
279	10.77474	2.0315342	0.8850	6.953753	17.14532
280	10.76457	2.0325598	0.8791	6.954722	17.15952
281	10.75645	2.0328506	0.8881	6.955708	17.16600
282	10.75016	2.0331626	0.8822	6.956437	17.17181
283	10.74393	2.0353308	0.8761	6.956405	17.19472
284	10.73839	2.0373251	0.8579	6.956350	17.21571
285	10.73885	2.0373939	0.8549	6.956260	17.21613
286	10.74216	2.0327820	0.8579	6.957679	17.17205
287	10.74422	2.0244398	0.8611	6.960779	17.09420
288	10.74885	2.0160140	0.8611	6.963562	17.01443
289	10.75588	2.0148436	0.8763	6.963077	17.00039
290	10.76171	2.0323378	0.8885	6.955201	17.15881
291	10.76891	2.0399708	0.8854	6.951133	17.22578
292	10.78373	2.0500464	0.8795	6.945049	17.31169
293	10.79769	2.0503326	0.8795	6.943042	17.30775
294	10.78784	2.0484242	0.8673	6.945146	17.29480
295	10.76445	2.0467338	0.8613	6.949001	17.29023
296	10.74399	2.0461935	0.8673	6.951996	17.29489
297	10.72439	2.0464215	0.8674	6.954564	17.30623
298	10.70835	2.0490555	0.8674	6.955674	17.33813
299	10.69448	2.0523006	0.8674	6.956240	17.37467
300	10.68557	2.0530273	0.8676	6.957154	17.38561
301	10.67536	2.0526402	0.8705	6.958699	17.38687
302	10.65803	2.0532715	0.8736	6.960798	17.40094
303	10.63950	2.0549004	0.8827	6.962653	17.42481
304	10.62651	2.0563226	0.8828	6.963840	17.44416
305	10.61876	2.0583132	0.8858	6.964082	17.46629
306	10.61278	2.0602141	0.8706	6.964119	17.48676
307	10.60908	2.0612603	0.8586	6.964195	17.49823
308	10.60356	2.0612551	0.8556	6.964948	17.50082
309	10.59701	2.0609842	0.8648	6.965949	17.50144
310	10.58927	2.0604638	0.8707	6.967215	17.50031
311	10.58170	2.0632314	0.8738	6.967114	17.52960
312	10.57897	2.0655005	0.8738	6.966558	17.55196
313	10.57669	2.0659311	0.8769	6.966691	17.55704
314	10.56845	2.0664999	0.8769	6.967581	17.56628
315	10.55895	2.0675685	0.8831	6.968435	17.58076
316	10.55298	2.0686161	0.8862	6.968819	17.59335
317	10.55087	2.0672283	0.8952	6.969673	17.58147
318	10.55212	2.0642571	0.8923	6.970719	17.55329
319	10.56463	2.0704349	0.8772	6.966489	17.60464
320	10.57800	2.0730312	0.8591	6.963611	17.62231
321	10.58079	2.0701636	0.8469	6.964404	17.59436
322	10.57914	2.0679778	0.8409	6.965522	17.57487
323	10.57641	2.0638212	0.8560	6.967592	17.53761
324	10.57459	2.0531819	0.8712	6.972190	17.43979
325	10.58199	2.0532720	0.8987	6.971146	17.43710
326	10.59092	2.0637520	0.9047	6.965648	17.53000
327	10.59997	2.0563918	0.8986	6.967422	17.45744
328	10.61011	2.0530756	0.8834	6.967396	17.42189
329	10.61654	2.0543116	0.8593	6.966016	17.43029
330	10.61637	2.0561634	0.8472	6.965284	17.44753
331	10.61181	2.0559140	0.8534	6.966005	17.44738
332	10.60561	2.0533620	0.8624	6.967892	17.42669
333	10.60344	2.0515376	0.8807	6.968931	17.41081
334	10.60515	2.0565934	0.8838	6.966635	17.45685
335	10.60908	2.0585999	0.8777	6.965281	17.47357
336	10.61785	2.0635924	0.8777	6.962052	17.51564
337	10.62098	2.0668185	0.8686	6.960311	17.54404
338	10.60828	2.0687965	0.8627	6.961228	17.56847
339	10.58933	2.0710252	0.8597	6.962892	17.59825
340	10.57374	2.0728024	0.8628	6.964284	17.62224
341	10.56077	2.0740372	0.8810	6.965541	17.63995
342	10.55269	2.0745163	0.8932	6.966442	17.64829
343	10.54951	2.0765233	0.8932	6.966053	17.66847
344	10.55247	2.0840461	0.8871	6.962572	17.73695
345	10.54974	2.0836783	0.8750	6.963093	17.73485
346	10.54098	2.0825110	0.8539	6.964759	17.72825
347	10.52689	2.0824898	0.8448	6.966682	17.73489
348	10.51467	2.0670212	0.8419	6.974686	17.59697
349	10.51348	2.0662664	0.8601	6.975158	17.59052
350	10.51820	2.0685897	0.8843	6.973564	17.60985
351	10.52030	2.0709566	0.8996	6.972307	17.63083
352	10.52388	2.0707331	0.9026	6.971911	17.62703
353	10.52910	2.0783021	0.8995	6.968098	17.69486
354	10.54218	2.0844833	0.8755	6.963790	17.74600
355	10.55730	2.0802036	0.8663	6.963489	17.69890
356	10.55804	2.0789198	0.8573	6.963914	17.68662
357	10.55428	2.0795164	0.8483	6.964179	17.69398
358	10.55411	2.0794258	0.8603	6.964239	17.69322
359	10.55457	2.0779824	0.8663	6.964768	17.67959
360	10.55457	2.0793566	0.8664	6.964206	17.69235
361	10.55559	2.0805659	0.8697	6.963572	17.70310
362	10.55855	2.0800864	0.8816	6.963367	17.69721
363	10.56316	2.0800171	0.8756	6.962770	17.69434
364	10.56856	2.0791967	0.8758	6.962372	17.68410
365	10.57209	2.0786107	0.8818	6.962133	17.67696
366	10.57442	2.0812052	0.8788	6.960756	17.69992
367	10.57618	2.0844351	0.8849	6.959196	17.72907
368	10.57931	2.0897367	0.8759	6.956605	17.77680
369	10.58176	2.0963407	0.8699	6.953575	17.83697
370	10.58255	2.0990868	0.8578	6.952345	17.86211
371	10.57897	2.0958333	0.8547	6.954159	17.83362
372	10.57254	2.0851016	0.8548	6.959417	17.73703
373	10.57180	2.0823296	0.8640	6.960651	17.71164
374	10.57487	2.0841632	0.8730	6.959485	17.72718
375	10.57812	2.0846430	0.8791	6.958849	17.73006
376	10.57999	2.0945248	0.8883	6.954556	17.82095
377	10.58358	2.0996854	0.8853	6.951962	17.86717
378	10.58785	2.1050962	0.8793	6.949174	17.91538
379	10.58773	2.1061179	0.8642	6.948772	17.92493
380	10.57442	2.1071346	0.8642	6.950155	17.94091
381	10.55235	2.1072525	0.8673	6.953089	17.95283
382	10.53615	2.1084085	0.8734	6.954806	17.97154
383	10.52490	2.1073918	0.8734	6.956744	17.96760
384	10.51996	2.1133985	0.8674	6.954950	18.02599
385	10.52314	2.1150055	0.8613	6.953861	18.03940
386	10.51666	2.1114010	0.8644	6.956214	18.00900
387	10.50621	2.1011878	0.8676	6.961819	17.91899
388	10.50394	2.1000814	0.8797	6.962581	17.90980
389	10.50809	2.1010488	0.8920	6.961622	17.91677
390	10.51132	2.1073437	0.8951	6.958601	17.97382
391	10.51377	2.1104266	0.8737	6.957006	18.00135
392	10.51814	2.1163987	0.8587	6.953965	18.05485
393	10.51996	2.1196469	0.8436	6.952388	18.08423
394	10.51700	2.1210357	0.8494	6.952217	18.09863
395	10.51229	2.1217114	0.8677	6.952577	18.10726
396	10.50848	2.1196577	0.8800	6.953933	18.08999
397	10.50457	2.1224570	0.8829	6.953314	18.11804
398	10.50110	2.1253327	0.8891	6.952602	18.14658
399	10.49128	2.1227146	0.8771	6.955003	18.12703
400	10.47715	2.1207088	0.8711	6.957736	18.11532
401	10.46092	2.1202424	0.8529	6.960122	18.11902
402	10.44703	2.1198726	0.8500	6.962154	18.12246
403	10.43745	2.1177015	0.8621	6.964345	18.10693
404	10.43371	2.1139347	0.8743	6.966404	18.07360
405	10.43711	2.1139133	0.8925	6.965952	18.07171
406	10.44017	2.1199423	0.8924	6.963054	18.12650
407	10.44317	2.1180284	0.8835	6.963435	18.10714
408	10.44640	2.1175621	0.8684	6.963190	18.10119
409	10.44572	2.1164260	0.8533	6.963749	18.09092
410	10.43881	2.1155151	0.8412	6.965061	18.08584
411	10.42951	2.1153062	0.8442	6.966407	18.08849
412	10.42107	2.1150866	0.8564	6.967642	18.09062
413	10.41552	2.1146313	0.8747	6.968582	18.08911
414	10.41263	2.1126816	0.8959	6.969778	18.07232
415	10.41291	2.1142617	0.9081	6.969088	18.08694
416	10.41614	2.1180769	0.8931	6.967077	18.12100
417	10.41744	2.1156331	0.8748	6.967908	18.09752
418	10.41070	2.1146313	0.8536	6.969235	18.09150
419	10.39937	2.1143046	0.8446	6.970906	18.09407
420	10.38986	2.1133298	0.8478	6.972599	18.08967
421	10.38545	2.1078315	0.8507	6.975469	18.04045
422	10.38879	2.1085754	0.8811	6.974709	18.04574
423	10.39484	2.1092444	0.8933	6.973610	18.04900
424	10.39869	2.1084362	0.8963	6.973421	18.03954
425	10.40255	2.1112894	0.8964	6.971720	18.06430
426	10.40940	2.1130779	0.8842	6.970053	18.07762
427	10.41705	2.1133296	0.8691	6.968911	18.07619
428	10.41631	2.1132385	0.8451	6.969049	18.07571
429	10.40872	2.1129601	0.8389	6.970193	18.07687
430	10.40068	2.1128905	0.8513	6.971313	18.08020
431	10.39711	2.1128423	0.8724	6.971817	18.08151
432	10.39671	2.1134261	0.8847	6.971630	18.08716
433	10.39739	2.1106630	0.8967	6.972678	18.06099
434	10.40107	2.1109146	0.8937	6.972075	18.06153
435	10.40617	2.1103792	0.8845	6.971604	18.05400
436	10.40306	2.1099402	0.8636	6.972207	18.05145
437	10.39354	2.1098225	0.8544	6.973547	18.05505
438	10.38301	2.1101705	0.8515	6.974834	18.06352
439	10.37367	2.1105935	0.8515	6.975927	18.07210
440	10.36785	2.1110433	0.8636	6.976533	18.07919
441	10.36507	2.1115199	0.8820	6.976713	18.08502
442	10.36400	2.1110808	0.9031	6.977041	18.08144
443	10.36445	2.1132389	0.9062	6.976087	18.10141
444	10.36756	2.1151191	0.8910	6.974887	18.11746
445	10.36779	2.1145619	0.8669	6.975086	18.11214
446	10.36145	2.1144013	0.8488	6.976013	18.11379
447	10.35348	2.1138871	0.8427	6.977309	18.11294
448	10.34833	2.1103581	0.8458	6.979469	18.08246
449	10.34771	2.1090360	0.8671	6.980101	18.07039
450	10.35099	2.1089182	0.8883	6.979704	18.06766
451	10.35370	2.1116110	0.8945	6.978221	18.09151
452	10.35857	2.1141924	0.8914	6.976492	18.11326
453	10.36705	2.1155852	0.8765	6.974763	18.12208
454	10.37113	2.1154673	0.8642	6.974259	18.11896
455	10.36570	2.1152852	0.8613	6.975072	18.11995
456	10.35625	2.1156550	0.8584	6.976202	18.12811
457	10.34567	2.1163784	0.8492	6.977339	18.14014
458	10.33595	2.1170269	0.8646	6.978391	18.15105
459	10.33001	2.1168448	0.8615	6.979273	18.15230
460	10.32719	2.1170056	0.8706	6.979591	18.15521
461	10.32945	2.1180078	0.8798	6.978868	18.16347
462	10.33680	2.1200127	0.8889	6.977040	18.17859
463	10.33883	2.1209886	0.8920	6.976360	18.18672
464	10.33459	2.1205918	0.8859	6.977100	18.18512
465	10.32973	2.1195195	0.8769	6.978204	18.17750
466	10.32509	2.1182651	0.8556	6.979353	18.16806
467	10.31876	2.1180775	0.8526	6.980291	18.16946
468	10.31357	2.1176327	0.8588	6.981182	18.16788
469	10.31063	2.1146320	0.8710	6.982826	18.14122
470	10.31063	2.1150766	0.8801	6.982641	18.14538
471	10.31232	2.1179382	0.8862	6.981224	18.17135
472	10.31611	2.1170056	0.8862	6.981096	18.16073
473	10.32170	2.1172146	0.8804	6.980249	18.15990
474	10.32464	2.1177023	0.8803	6.979648	18.16301
475	10.32566	2.1171449	0.8712	6.979740	18.15728
476	10.32182	2.1162125	0.8712	6.980649	18.15046
477	10.31560	2.1150070	0.8652	6.981994	18.14226
478	10.31170	2.1138874	0.8653	6.982988	18.13370
479	10.30978	2.1128215	0.8654	6.983692	18.12467
480	10.30667	2.1124252	0.8654	6.984279	18.12250
481	10.30227	2.1120290	0.8654	6.985043	18.12098
482	10.29826	2.1110331	0.8836	6.986002	18.11364
483	10.29611	2.1100320	0.8957	6.986710	18.10532
484	10.29526	2.1092237	0.9020	6.987161	18.09816
485	10.29408	2.1098500	0.8989	6.987062	18.10462
486	10.29205	2.1106155	0.8839	6.987021	18.11281
487	10.29199	2.1108886	0.8747	6.986916	18.11540
488	10.29097	2.1108457	0.8628	6.987072	18.11551
489	10.28894	2.1101498	0.8506	6.987637	18.11000
490	10.28905	2.1089454	0.8689	6.988122	18.09865
491	10.29159	2.1087580	0.8719	6.987854	18.09563
492	10.29374	2.1103371	0.8781	6.986906	18.10936
493	10.29560	2.1104281	0.8841	6.986615	18.10929
494	10.30023	2.1087794	0.8903	6.986668	18.09153
495	10.30295	2.1074843	0.8873	6.986836	18.07805
496	10.30402	2.1057722	0.8904	6.987400	18.06147
497	10.30583	2.1039161	0.8843	6.987924	18.04319
498	10.30526	2.1025097	0.8875	6.988584	18.03030
499	10.30227	2.1028092	0.8814	6.988868	18.03459
500	10.29809	2.1024617	0.8724	6.989582	18.03340
501	10.29221	2.1014887	0.8663	6.990787	18.02719
502	10.28640	2.0998263	0.8634	6.992270	18.01449
503	10.28132	2.0982606	0.8724	6.993614	18.00233
504	10.27793	2.0972669	0.8787	6.994490	17.99469
505	10.27556	2.0963695	0.8877	6.995186	17.98745
506	10.27358	2.0953333	0.9000	6.995887	17.97871
507	10.27195	2.0933736	0.8970	6.996925	17.96116
508	10.27014	2.0919696	0.8878	6.997755	17.94889
509	10.26930	2.0916013	0.8757	6.998024	17.94586
510	10.27014	2.0915533	0.8758	6.997928	17.94499
511	10.26946	2.0924287	0.8851	6.997657	17.95353
512	10.27014	2.0916920	0.8942	6.997870	17.94629
513	10.27313	2.0914892	0.9003	6.997546	17.94291
514	10.27844	2.0873274	0.8851	6.998550	17.90132
515	10.28312	2.0867780	0.8670	6.998137	17.89388
516	10.28538	2.0867300	0.8609	6.997848	17.89232
517	10.28504	2.0909607	0.8488	6.996137	17.93211
518	10.28561	2.0955842	0.8702	6.994140	17.97514
519	10.28804	2.0951943	0.8822	6.993970	17.97028
520	10.29058	2.0951463	0.9096	6.993644	17.96857
521	10.29233	2.0945695	0.9157	6.993644	17.96231
522	10.29413	2.0900375	0.9218	6.995279	17.91897
523	10.29792	2.0854927	0.9097	6.996648	17.87457
524	10.30238	2.0801094	0.8978	6.998271	17.82201
525	10.30481	2.0783303	0.8705	6.998677	17.80419
526	10.30560	2.0802266	0.8553	6.997782	17.82154
527	10.30690	2.0871192	0.8493	6.994745	17.88540
528	10.30831	2.0903842	0.8615	6.993198	17.91526
529	10.30955	2.0948951	0.8826	6.991157	17.95687
530	10.31052	2.0960434	0.9010	6.990550	17.96714
531	10.31159	2.0941102	0.9132	6.991206	17.94851
532	10.31142	2.0890502	0.9102	6.993327	17.90124
533	10.31074	2.0822408	0.8860	6.996243	17.83786
534	10.31040	2.0787830	0.8678	6.997724	17.80569
535	10.31266	2.0841170	0.8556	6.995202	17.85448
536	10.31464	2.0898986	0.8558	6.992535	17.90761
537	10.31633	2.0928875	0.8772	6.991064	17.93474
538	10.31345	2.0912327	0.8861	6.992144	17.92067
539	10.30899	2.0863885	0.8923	6.994763	17.87753
540	10.30826	2.0819424	0.8893	6.996707	17.83629
541	10.30797	2.0783995	0.8802	6.998215	17.80329
542	10.31023	2.0778509	0.8864	6.998134	17.79705
543	10.31294	2.0780533	0.8864	6.997679	17.79762
544	10.31520	2.0778083	0.8986	6.997471	17.79422
545	10.31633	2.0771852	0.9137	6.997575	17.78784
546	10.31769	2.0770041	0.9047	6.997464	17.78548
547	10.31899	2.0740601	0.8896	6.998507	17.75733
548	10.32029	2.0723944	0.8776	6.999019	17.74113
549	10.31803	2.0724636	0.8564	6.999300	17.74288
550	10.31430	2.0753589	0.8564	6.998610	17.77177
551	10.31187	2.0790812	0.8656	6.997399	17.80776
552	10.31108	2.0801360	0.8869	6.997070	17.81801
553	10.31114	2.0787190	0.8930	6.997650	17.80473
554	10.31142	2.0741719	0.8991	6.999497	17.76206
555	10.31249	2.0723519	0.8899	7.000105	17.74452
556	10.31368	2.0721923	0.8720	7.000009	17.74246
557	10.31357	2.0746510	0.8780	6.999004	17.76550
558	10.31340	2.0799975	0.9083	6.996811	17.81557
559	10.31278	2.0820063	0.9720	6.996064	17.83465
560	10.29538	2.0713465	1.0447	7.002869	17.74342
561	10.25378	1.9946336	1.1327	7.040495	17.04686
562	10.21572	1.8412679	1.2419	7.109750	15.63952
563	10.18429	1.7803652	1.3722	7.139680	15.09015
564	10.15530	1.8704931	1.5269	7.106151	15.93650
565	10.13330	2.0002586	1.7027	7.054920	17.15591
566	10.11750	2.0849663	1.8634	7.021616	17.95823
567	10.10177	2.1247991	2.0332	7.007075	18.34122
568	10.08396	2.1478717	2.2091	6.999826	18.56801
569	10.06953	2.1851571	2.4242	6.986134	18.92809
570	10.06588	2.2239575	2.6364	6.970334	19.29780
571	10.07200	2.2494964	2.8639	6.958793	19.53699
572	10.08357	2.2702269	3.0911	6.948552	19.72773
573	10.09862	2.2886833	3.3276	6.938812	19.89501
574	10.11812	2.3088970	3.5762	6.927764	20.07658
575	10.14196	2.3346956	3.8338	6.913830	20.30893
576	10.16453	2.3584969	4.0915	6.900929	20.52299
577	10.18158	2.3855143	4.3461	6.887435	20.77087
578	10.19741	2.4002833	4.5825	6.879224	20.90266
579	10.20107	2.4117764	4.8282	6.873967	21.01019
580	10.18840	2.4171432	5.0767	6.873380	21.06871
581	10.17471	2.4277094	5.3313	6.870754	21.17758
582	10.17218	2.4503390	5.5860	6.861654	21.39552
583	10.18581	2.4910562	5.8375	6.842948	21.77753
584	10.20135	2.5753623	6.0982	6.805915	22.57804
585	10.18079	2.6277111	6.3499	6.786743	23.09562
586	10.14843	2.6556584	6.6227	6.779160	23.38643
587	10.11447	2.6719166	6.8894	6.776616	23.56580
588	10.08014	2.6974419	7.1410	6.770228	23.83590
589	10.03008	2.7140325	7.4048	6.769490	24.03023
590	9.96239	2.7217976	7.6563	6.774608	24.15087
591	9.89069	2.7362899	7.9201	6.777379	24.34047
592	9.82057	2.7503578	8.1807	6.780106	24.52564
593	9.75520	2.7624152	8.4535	6.783073	24.68856
594	9.69399	2.7709614	8.7111	6.786999	24.81463
595	9.61812	2.7929327	8.9779	6.786988	25.08399
596	9.51583	2.8285829	9.2356	6.784296	25.50916
597	9.39670	2.8535984	9.5024	6.788131	25.84332
598	9.26023	2.8751764	9.7692	6.795496	26.15812
599	9.12407	2.8852798	10.0298	6.807775	26.35960
600	9.01334	2.8922345	10.3028	6.818313	26.51173
601	8.92745	2.8960619	10.5753	6.827184	26.61443
602	8.86410	2.9020367	10.8452	6.832332	26.72243
603	8.81433	2.9078599	11.1150	6.835871	26.81899
604	8.75692	2.9241284	11.3696	6.835680	27.02808
605	8.68334	2.9358600	11.6302	6.839473	27.20400
606	8.61227	2.9434741	11.8879	6.844787	27.33655
607	8.54824	2.9505346	12.1516	6.849476	27.45845
608	8.48254	2.9613996	12.4154	6.852638	27.62124
609	8.40435	2.9722555	12.6881	6.857316	27.79440
610	8.32707	2.9819211	12.9610	6.862404	27.95529
611	8.25557	2.9935995	13.2246	6.865843	28.13315
612	8.18724	3.0048637	13.4914	6.869059	28.30489
613	8.12677	3.0112314	13.7643	6.873546	28.41990
614	8.07846	3.0152686	14.0189	6.877613	28.50109
615	8.03862	3.0183345	14.2977	6.881087	28.56542
616	7.98924	3.0228987	14.5552	6.885035	28.65338
617	7.92461	3.0298778	14.8160	6.889726	28.77943
618	7.85063	3.0352231	15.0768	6.896319	28.89649
619	7.77039	3.0390775	15.3434	6.904380	29.00349
620	7.69242	3.0419088	15.6072	6.912647	29.09823
621	7.62193	3.0444663	15.8738	6.920128	29.18415
622	7.56078	3.0468780	16.1255	6.926531	29.26098
623	7.50635	3.0488019	16.3921	6.932340	29.32717
624	7.46208	3.0495597	16.6953	6.937454	29.37251
625	7.41917	3.0514596	16.9953	6.941857	29.42897
626	7.37437	3.0531951	17.2530	6.946574	29.48543
627	7.33009	3.0545582	17.5258	6.951407	29.53758
628	7.28993	3.0558237	17.7864	6.955778	29.58528
629	7.25478	3.0573094	18.0593	6.959424	29.63114
630	7.22463	3.0585018	18.3291	6.962594	29.66965
631	7.19491	3.0599268	18.5866	6.965596	29.71035
632	7.16162	3.0623918	18.8502	6.968539	29.76535
633	7.12721	3.0638481	19.1201	6.972110	29.81057
634	7.09725	3.0646010	19.3869	6.975471	29.84445
635	7.07341	3.0655374	19.6535	6.977984	29.87505
636	7.05707	3.0669513	19.9295	6.979331	29.90433
637	7.04859	3.0731595	20.2020	6.977360	29.97850
638	7.04916	3.0775644	20.4749	6.975144	30.02538
639	7.05270	3.0797218	20.7385	6.973657	30.04544
640	7.05301	3.0812054	20.9994	6.972900	30.06106
641	7.05160	3.0821804	21.2599	6.972603	30.07268
642	7.05030	3.0829715	21.5297	6.972384	30.08223
643	7.04942	3.0836154	21.7994	6.972185	30.08983
644	7.04708	3.0836462	22.0693	6.972465	30.09208
645	7.04058	3.0831803	22.3269	6.973504	30.09262
646	7.02898	3.0826470	22.6027	6.975207	30.09686
647	7.01271	3.0804585	22.8692	6.978301	30.08733
648	6.98543	3.0795393	23.1300	6.982143	30.10112
649	6.95999	3.0818324	23.3967	6.984184	30.14805
650	6.94364	3.0846106	23.6605	6.984857	30.19231
651	6.92590	3.0837400	23.9303	6.987494	30.19834
652	6.89024	3.0828573	24.2001	6.992368	30.21998
653	6.85155	3.0838329	24.4606	6.996706	30.26449
654	6.81843	3.0850231	24.7273	7.000248	30.30649
655	6.79019	3.0856675	25.0031	7.003452	30.33830
656	6.76663	3.0861524	25.2638	7.006154	30.36430
657	6.74757	3.0862509	25.5397	7.008487	30.38212
658	6.72996	3.0869260	25.8123	7.010353	30.40495
659	6.71371	3.0876870	26.0852	7.012009	30.42754
660	6.69854	3.0880738	26.3488	7.013715	30.44510
661	6.68549	3.0883501	26.6247	7.015211	30.45958
662	6.67667	3.0888044	26.8823	7.016091	30.47226
663	6.67348	3.0904738	27.1460	7.015664	30.49319
664	6.67358	3.0916954	27.4066	7.015048	30.50631
665	6.66559	3.0926471	27.6612	7.015576	30.52370
666	6.64313	3.0931201	27.9280	7.018149	30.54877
667	6.60868	3.0934582	28.2008	7.022287	30.58310
668	6.56630	3.0931763	28.4764	7.027731	30.61781
669	6.52051	3.0927164	28.7401	7.033696	30.65368
670	6.47385	3.0923547	28.9917	7.039727	30.69150
671	6.42899	3.0917106	29.2524	7.045682	30.72467
672	6.38755	3.0915393	29.5191	7.050976	30.76001
673	6.35076	3.0915397	29.7677	7.055604	30.79312
674	6.31507	3.0912148	30.0344	7.060262	30.82170
675	6.27829	3.0903007	30.3040	7.065362	30.84480
676	6.24231	3.0898347	30.5677	7.070138	30.87217
677	6.21079	3.0893687	30.8255	7.074356	30.89552
678	6.18383	3.0893138	31.0861	7.077792	30.91931
679	6.16040	3.0888416	31.3529	7.080997	30.93529
680	6.13241	3.0874859	31.6348	7.085236	30.94564
681	6.09965	3.0868789	31.9013	7.089697	30.96866
682	6.06682	3.0857628	32.1649	7.094433	30.98614
683	6.02995	3.0845856	32.4439	7.099718	31.00663
684	5.99636	3.0845062	32.7075	7.104026	31.03638
685	5.96918	3.0844759	32.9864	7.107497	31.06083
686	5.94612	3.0838752	33.2561	7.110743	31.07517
687	5.92470	3.0840411	33.5350	7.113386	31.09657
688	5.90536	3.0844645	33.8016	7.115630	31.11895
689	5.88796	3.0845691	34.0774	7.117796	31.13601
690	5.87218	3.0844466	34.3440	7.119873	31.14905
691	5.85943	3.0841831	34.6320	7.121639	31.15772
692	5.84796	3.0840116	34.9168	7.123195	31.16625
693	5.83482	3.0833188	35.2078	7.125236	31.17049
694	5.82209	3.0828101	35.4897	7.127130	31.17642
695	5.80876	3.0823749	35.7626	7.129063	31.18373
696	5.79255	3.0812838	36.0444	7.131706	31.18635
697	5.77100	3.0802665	36.3290	7.134995	31.19474
698	5.74755	3.0796538	36.5958	7.138316	31.20944
699	5.72557	3.0793108	36.8808	7.141311	31.22580
700	5.70753	3.0787779	37.1477	7.143903	31.23641
701	5.69182	3.0783246	37.4233	7.146158	31.24575
702	5.67787	3.0778713	37.6961	7.148187	31.25347
703	5.66383	3.0770871	37.9870	7.150404	31.25755
704	5.64944	3.0767197	38.2597	7.152447	31.26665
705	5.63606	3.0765912	38.5447	7.154236	31.27749
706	5.62540	3.0765056	38.8174	7.155653	31.28630
707	5.61786	3.0762117	39.1145	7.156782	31.28986
708	5.61147	3.0764998	39.3963	7.157455	31.29891
709	5.60449	3.0765367	39.6751	7.158338	31.30569
710	5.59690	3.0760958	39.9599	7.159550	31.30765
711	5.58866	3.0758570	40.2359	7.160740	31.31249
712	5.58107	3.0760961	40.5024	7.161593	31.32212
713	5.57409	3.0764455	40.7781	7.162310	31.33242
714	5.56541	3.0770277	41.0387	7.163123	31.34695
715	5.55521	3.0772363	41.2994	7.164326	31.35867
716	5.54523	3.0773100	41.5540	7.165575	31.36870
717	5.53685	3.0776104	41.8087	7.166498	31.37978
718	5.52751	3.0776106	42.0572	7.167702	31.38838
719	5.51894	3.0771266	42.3026	7.169066	31.39081
720	5.51076	3.0767652	42.5480	7.170314	31.39425
721	5.50209	3.0766612	42.7874	7.171489	31.40107
722	5.49512	3.0764776	43.0390	7.172488	31.40539
723	5.48956	3.0761223	43.2906	7.173398	31.40646
724	5.48440	3.0760428	43.5453	7.174110	31.41027
725	5.47878	3.0756876	43.8029	7.175027	31.41138
726	5.47412	3.0754304	44.0634	7.175769	31.41271
727	5.47027	3.0753692	44.3362	7.176304	31.41549
728	5.46696	3.0752162	44.6028	7.176817	31.41673
729	5.46300	3.0752224	44.8726	7.177329	31.42037
730	5.46015	3.0753696	45.1393	7.177625	31.42458
731	5.45865	3.0754003	45.4059	7.177808	31.42620
732	5.45669	3.0751615	45.6727	7.178192	31.42520
733	5.45369	3.0750636	45.9394	7.178637	31.42678
734	5.44858	3.0745246	46.2031	7.179588	31.42534
735	5.44167	3.0738203	46.4636	7.180859	31.42372
736	5.43391	3.0731529	46.7213	7.182221	31.42332
737	5.42500	3.0728897	46.9607	7.183514	31.42857
738	5.41910	3.0738330	47.1789	7.183777	31.44466
739	5.41504	3.0756280	47.3518	7.183345	31.46869
740	5.41024	3.0836701	47.4548	7.179673	31.56417
741	5.40809	3.0836702	47.4790	7.179950	31.56619
742	5.43026	3.0832591	47.4307	7.177318	31.54071
743	5.46551	3.0843135	47.3792	7.172226	31.51955
744	5.48841	3.0837858	47.3399	7.169565	31.49212
745	5.50059	3.0839329	47.2975	7.167923	31.48239
746	5.50590	3.0851472	47.2673	7.166595	31.49113
747	5.50891	3.0847178	47.2432	7.166436	31.48348
748	5.51879	3.0848097	47.2039	7.165120	31.47528
749	5.52912	3.0850550	47.1797	7.163664	31.46838
750	5.53469	3.0856560	47.1434	7.162630	31.46996
751	5.53755	3.0863246	47.1193	7.161909	31.47484
752	5.53855	3.0865639	47.1012	7.161653	31.47661
753	5.53730	3.0866559	47.0800	7.161764	31.47883
754	5.53559	3.0869749	47.0650	7.161814	31.48403
755	5.53996	3.0874412	47.0408	7.161006	31.48522
756	5.55110	3.0881773	47.0075	7.159189	31.48310
757	5.56531	3.0888276	46.9893	7.157025	31.47714
758	5.57851	3.0892018	46.9682	7.155136	31.46901
759	5.59037	3.0892631	46.9442	7.153586	31.45863
760	5.59966	3.0892016	46.9293	7.152429	31.44925
761	5.60655	3.0892629	46.9050	7.151516	31.44352
762	5.61197	3.0893856	46.8747	7.150756	31.43985
763	5.61579	3.0894101	46.8536	7.150255	31.43656
764	5.62012	3.0895266	46.8294	7.149640	31.43385
765	5.62384	3.0899132	46.8083	7.148960	31.43474
766	5.62585	3.0902876	46.7901	7.148505	31.43708
767	5.62766	3.0905515	46.7691	7.148134	31.43837
768	5.63183	3.0907172	46.7539	7.147513	31.43634
769	5.63520	3.0910486	46.7298	7.146907	31.43694
770	5.64003	3.0913677	46.7240	7.146122	31.43602
771	5.64607	3.0916071	46.7150	7.145225	31.43309
772	5.64989	3.0916684	46.7029	7.144704	31.43021
773	5.65155	3.0918341	46.7000	7.144405	31.43053
774	5.65552	3.0920797	46.7061	7.143768	31.42958
775	5.66292	3.0923436	46.7001	7.142685	31.42565
776	5.66926	3.0926382	46.6939	7.141720	31.42304
777	5.67581	3.0931661	46.6940	7.140608	31.42287
778	5.68175	3.0938967	46.6942	7.139466	31.42554
779	5.68784	3.0942835	46.6975	7.138486	31.42421
780	5.69323	3.0945721	46.7035	7.137647	31.42242
781	5.69700	3.0949344	46.7248	7.136976	31.42296
782	5.70103	3.0951616	46.7491	7.136343	31.42174
783	5.70436	3.0950448	46.7520	7.135981	31.41733
784	5.70919	3.0951185	46.7796	7.135327	31.41364
785	5.72013	3.0955421	46.7948	7.133712	31.40820
786	5.73076	3.0960395	46.8192	7.132097	31.40387
787	5.73878	3.0965431	46.8465	7.130813	31.40204
788	5.74472	3.0968932	46.8769	7.129873	31.40041
789	5.74790	3.0969546	46.9103	7.129438	31.39813
790	5.75067	3.0969484	46.9528	7.129089	31.39546
791	5.75647	3.0971879	46.9860	7.128226	31.39273
792	5.76404	3.0975995	47.0287	7.127049	31.39029
793	5.77186	3.0980970	47.0681	7.125795	31.38857
794	5.77731	3.0987789	47.1227	7.124747	31.39112
795	5.78074	3.1002782	47.1713	7.123528	31.40470
796	5.78246	3.1006162	47.2199	7.123135	31.40687
797	5.78281	3.0982751	47.2322	7.124314	31.38031
798	5.79008	3.0976914	47.2171	7.123694	31.36702
799	5.80153	3.0987787	47.1839	7.121669	31.36857
800	5.80325	3.0984838	47.1506	7.121605	31.36369
801	5.80381	3.0975376	47.0809	7.122026	31.35261
802	5.80825	3.0972734	47.0145	7.121598	31.34556
803	5.80941	3.0969540	46.9358	7.121616	31.34094
804	5.80467	3.0963889	46.8296	7.122512	31.33907
805	5.79568	3.0962170	46.7149	7.123741	31.34555
806	5.78533	3.0957503	46.5996	7.125299	31.34998
807	5.77393	3.0956152	46.4666	7.126817	31.35913
808	5.76429	3.0955416	46.3393	7.128079	31.36732
809	5.75688	3.0950994	46.2274	7.129251	31.36931
810	5.75037	3.0947126	46.0881	7.130279	31.37109
811	5.74145	3.0944547	45.9609	7.131548	31.37655
812	5.73046	3.0941907	45.8184	7.133083	31.38389
813	5.72179	3.0940925	45.6884	7.134236	31.39091
814	5.71463	3.0936627	45.5581	7.135370	31.39282
815	5.70955	3.0935338	45.4311	7.136083	31.39617
816	5.70622	3.0933680	45.3037	7.136591	31.39746
817	5.70300	3.0932513	45.1676	7.137061	31.39922
818	5.70139	3.0931040	45.0342	7.137341	31.39913
819	5.69917	3.0927786	44.9103	7.137791	31.39760
820	5.69821	3.0923672	44.7709	7.138126	31.39394
821	5.69715	3.0918945	44.6407	7.138507	31.38968
822	5.69514	3.0915752	44.5107	7.138928	31.38803
823	5.69111	3.0912560	44.3804	7.139607	31.38826
824	5.68446	3.0907159	44.2471	7.140736	31.38845
825	5.67817	3.0903722	44.1019	7.141717	31.39052
826	5.67052	3.0899733	43.9747	7.142901	31.39323
827	5.66282	3.0896419	43.8352	7.144055	31.39675
828	5.65713	3.0892614	43.6960	7.144979	31.39784
829	5.65180	3.0888564	43.5448	7.145870	31.39833
830	5.64627	3.0885864	43.3992	7.146716	31.40053
831	5.64058	3.0881140	43.2570	7.147688	31.40058
832	5.63631	3.0878378	43.0996	7.148376	31.40154
833	5.63173	3.0874697	42.9512	7.149152	31.40174
834	5.62625	3.0869728	42.7968	7.150112	31.40133
835	5.62318	3.0865372	42.6454	7.150730	31.39936
836	5.61936	3.0860341	42.4880	7.151481	31.39734
837	5.61474	3.0856109	42.3365	7.152293	31.39697
838	5.60820	3.0853900	42.1730	7.153242	31.40066
839	5.60187	3.0850711	42.0033	7.154217	31.40306
840	5.59785	3.0848380	41.8520	7.154851	31.40426
841	5.59413	3.0846601	41.6885	7.155418	31.40580
842	5.59117	3.0844025	41.5250	7.155930	31.40575
843	5.58886	3.0842185	41.3583	7.156319	31.40591
844	5.58735	3.0840467	41.2009	7.156599	31.40546
845	5.58635	3.0838198	41.0313	7.156844	31.40392
846	5.58620	3.0836051	40.8618	7.156973	31.40173
847	5.58534	3.0833107	40.6982	7.157234	31.39929
848	5.58559	3.0829856	40.5378	7.157370	31.39547
849	5.58484	3.0826422	40.3743	7.157645	31.39239
850	5.58198	3.0822743	40.1925	7.158202	31.39100
851	5.57886	3.0819370	40.0229	7.158776	31.39019
852	5.57530	3.0816182	39.8473	7.159398	31.39001
853	5.57319	3.0811645	39.6869	7.159904	31.38694
854	5.57133	3.0808273	39.5202	7.160317	31.38496
855	5.56932	3.0804533	39.3355	7.160769	31.38271
856	5.56701	3.0801529	39.1569	7.161220	31.38157
857	5.56485	3.0798034	38.9873	7.161678	31.37973
858	5.56335	3.0794969	38.8056	7.162029	31.37776
859	5.56199	3.0792210	38.6299	7.162345	31.37601
860	5.56008	3.0790310	38.4512	7.162686	31.37573
861	5.55798	3.0787797	38.2695	7.163086	31.37495
862	5.55612	3.0786019	38.0940	7.163414	31.37477
863	5.55416	3.0783261	37.9211	7.163808	31.37357
864	5.55281	3.0781667	37.7366	7.164062	31.37312
865	5.55185	3.0779522	37.5548	7.164294	31.37168
866	5.55130	3.0777560	37.3669	7.164464	31.37008
867	5.55055	3.0776089	37.1793	7.164635	31.36921
868	5.55075	3.0774005	36.9976	7.164715	31.36676
869	5.55095	3.0772350	36.7915	7.164773	31.36481
870	5.55080	3.0773513	36.6067	7.164726	31.36635
871	5.55100	3.0767814	36.4190	7.164998	31.35983
872	5.55356	3.0769406	36.2283	7.164581	31.35933
873	5.55602	3.0766587	36.0375	7.164410	31.35395
874	5.55757	3.0764993	35.8436	7.164290	31.35080
875	5.55888	3.0762603	35.6559	7.164245	31.34698
876	5.56044	3.0761499	35.4681	7.164099	31.34437
877	5.56259	3.0758864	35.2773	7.163957	31.33948
878	5.56405	3.0756413	35.0957	7.163896	31.33545
879	5.56581	3.0754206	34.8957	7.163783	31.33143
880	5.56812	3.0753348	34.7049	7.163528	31.32840
881	5.56992	3.0751325	34.5080	7.163398	31.32453
882	5.57173	3.0749854	34.3142	7.163239	31.32128
883	5.57414	3.0748690	34.1204	7.162987	31.31782
884	5.57701	3.0746606	33.9206	7.162726	31.31290
885	5.57927	3.0745012	33.7265	7.162515	31.30910
886	5.58178	3.0743113	33.5298	7.162289	31.30472
887	5.58424	3.0741397	33.3390	7.162060	31.30059
888	5.58610	3.0738884	33.1419	7.161949	31.29612
889	5.58836	3.0737842	32.9421	7.161710	31.29294
890	5.59052	3.0737352	32.7362	7.161454	31.29048
891	5.59308	3.0736126	32.5394	7.161185	31.28681
892	5.59539	3.0735512	32.3456	7.160917	31.28407
893	5.59720	3.0734532	32.1396	7.160732	31.28138
894	5.59916	3.0734347	31.9396	7.160485	31.27945
895	5.60147	3.0732999	31.7488	7.160256	31.27587
896	5.60398	3.0733182	31.5399	7.159919	31.27384
897	5.60765	3.0733487	31.3400	7.159428	31.27087
898	5.61167	3.0733608	31.1369	7.158901	31.26737
899	5.61559	3.0734342	30.9250	7.158354	31.26466
900	5.61972	3.0735750	30.7160	7.157746	31.26251
901	5.62489	3.0735810	30.5160	7.157074	31.25786
902	5.63083	3.0736973	30.3162	7.156248	31.25376
903	5.63792	3.0737645	30.1101	7.155298	31.24803
904	5.64496	3.0737583	29.9134	7.154394	31.24152
905	5.65165	3.0739174	29.7074	7.153448	31.23720
906	5.65723	3.0740459	29.4922	7.152660	31.23357
907	5.66287	3.0741009	29.2863	7.151904	31.22906
908	5.67037	3.0741927	29.0742	7.150890	31.22324
909	5.67827	3.0742538	28.8654	7.149841	31.21670
910	5.68386	3.0743456	28.6534	7.149072	31.21266
911	5.68874	3.0743944	28.4443	7.148416	31.20878
912	5.69459	3.0743453	28.2261	7.147689	31.20292
913	5.70199	3.0743942	28.0172	7.146711	31.19672
914	5.70834	3.0744859	27.8113	7.145846	31.19197
915	5.71373	3.0744368	27.5839	7.145177	31.18654
916	5.72003	3.0744551	27.3661	7.144356	31.18102
917	5.72567	3.0746203	27.1509	7.143542	31.17776
918	5.73252	3.0744548	26.9419	7.142748	31.16967
919	5.74034	3.0744853	26.7207	7.141727	31.16289
920	5.74699	3.0744974	26.5088	7.140865	31.15698
921	5.75229	3.0746321	26.2846	7.140112	31.15371
922	5.75642	3.0745278	26.0726	7.139634	31.14882
923	5.76167	3.0745706	25.8484	7.138936	31.14456
924	5.76939	3.0746562	25.6302	7.137899	31.13850
925	5.77827	3.0747112	25.4153	7.136731	31.13103
926	5.78690	3.0747172	25.2002	7.135620	31.12324
927	5.79512	3.0747109	24.9730	7.134568	31.11569
928	5.80244	3.0749190	24.7489	7.133519	31.11138
929	5.80881	3.0749495	24.5368	7.132686	31.10596
930	5.81603	3.0750535	24.3157	7.131705	31.10057
931	5.82396	3.0749493	24.0915	7.130742	31.09221
932	5.83179	3.0749614	23.8765	7.129731	31.08524
933	5.84103	3.0750960	23.6493	7.128476	31.07834
934	5.85104	3.0752122	23.4341	7.127134	31.07054
935	5.85984	3.0752672	23.1978	7.125978	31.06318
936	5.86803	3.0752671	22.9799	7.124929	31.05575
937	5.87668	3.0753894	22.7497	7.123758	31.04928
938	5.88538	3.0755608	22.5255	7.122555	31.04331
939	5.89418	3.0754810	22.2983	7.121469	31.03445
940	5.90440	3.0757075	22.0680	7.120044	31.02770
941	5.91564	3.0756154	21.8499	7.118656	31.01647
942	5.92749	3.0754805	21.6228	7.117212	31.00421
943	5.93979	3.0757070	21.3924	7.115523	30.99557
944	5.95155	3.0759702	21.1594	7.113885	30.98785
945	5.96244	3.0761722	20.9200	7.112389	30.98024
946	5.97597	3.0760250	20.6926	7.110739	30.96632
947	5.99271	3.0760676	20.4624	7.108585	30.95160
948	6.01036	3.0759387	20.2202	7.106402	30.93416
949	6.02802	3.0757853	19.9990	7.104233	30.91644
950	6.04320	3.0759689	19.7596	7.102205	30.90474
951	6.05640	3.0759074	19.5263	7.100555	30.89214
952	6.07022	3.0758153	19.2932	7.098844	30.87864
953	6.08384	3.0758519	19.0569	7.097092	30.86675
954	6.09431	3.0758456	18.8267	7.095761	30.85726
955	6.10590	3.0756738	18.5843	7.094374	30.84493
956	6.11760	3.0756430	18.3510	7.092902	30.83407
957	6.12640	3.0751099	18.1239	7.092055	30.82027
958	6.14040	3.0750607	17.8968	7.090302	30.80713
959	6.15419	3.0753239	17.6422	7.088413	30.79765
960	6.16697	3.0748581	17.3877	7.087028	30.78102
961	6.17899	3.0751458	17.1484	7.085353	30.77343
962	6.18893	3.0738470	16.9120	7.084755	30.75018
963	6.19051	3.0738959	16.6727	7.084525	30.74940
964	6.20269	3.0734118	16.4272	7.083225	30.73314
965	6.21818	3.0731911	16.1879	7.081371	30.71680
966	6.23486	3.0733685	15.9487	7.079165	30.70381
967	6.25139	3.0732886	15.7063	7.077110	30.68812
968	6.26757	3.0730740	15.4517	7.075168	30.67128
969	6.28580	3.0727982	15.2094	7.073000	30.65192
970	6.30250	3.0724611	14.9730	7.071055	30.63328
971	6.31696	3.0720873	14.7185	7.069413	30.61627
972	6.33240	3.0719952	14.4702	7.067505	30.60149
973	6.34810	3.0714439	14.2278	7.065798	30.58144
974	6.36288	3.0712600	13.9824	7.064020	30.56626
975	6.37578	3.0709169	13.7400	7.062562	30.55103
976	6.38904	3.0705187	13.4887	7.061086	30.53489
977	6.40086	3.0708614	13.2462	7.059415	30.52818
978	6.41469	3.0713816	13.0037	7.057404	30.52163
979	6.42771	3.0709161	12.7432	7.055993	30.50499
980	6.44026	3.0711485	12.4979	7.054289	30.49643
981	6.45072	3.0709769	12.2493	7.053053	30.48531
982	6.46123	3.0707992	11.9979	7.051813	30.47409
983	6.47144	3.0704806	11.7525	7.050683	30.46160
984	6.48232	3.0697519	11.5072	7.049676	30.44402
985	6.49176	3.0693415	11.2678	7.048689	30.43121
986	6.50018	3.0689496	11.0132	7.047821	30.41953
987	6.50675	3.0682394	10.7588	7.047346	30.40602
988	6.51342	3.0682453	10.5043	7.046498	30.40026
989	6.52477	3.0674801	10.2529	7.045449	30.38190
990	6.53875	3.0678838	9.9983	7.043483	30.37401
991	6.55103	3.0668309	9.7467	7.042462	30.35170
992	6.55452	3.0655335	9.4953	7.042668	30.33452
993	6.55396	3.0648665	9.2529	7.043069	30.32783
994	6.55488	3.0642790	8.9954	7.043241	30.32070
995	6.55874	3.0644686	8.7378	7.042656	30.31947
996	6.56573	3.0634407	8.4894	7.042287	30.30215
997	6.57149	3.0632326	8.2441	7.041661	30.29488
998	6.57349	3.0636056	7.9864	7.041217	30.29730
999	6.57391	3.0624800	7.7350	7.041724	30.28475
1000	6.57421	3.0616420	7.4805	7.042100	30.27543
1001	6.57601	3.0610242	7.2320	7.042178	30.26720
1002	6.57931	3.0593180	6.9745	7.042613	30.24576
1003	6.58316	3.0596603	6.7139	7.041950	30.24620
1004	6.59469	3.0585229	6.4503	7.041064	30.22371
1005	6.60122	3.0580948	6.1988	7.040451	30.21338
1006	6.60791	3.0575751	5.9443	7.039864	30.20191
1007	6.62057	3.0572937	5.6866	7.038406	30.18778
1008	6.62866	3.0605645	5.4322	7.035749	30.21646
1009	6.63046	3.0624114	5.1807	7.034594	30.23513
1010	6.62665	3.0629129	4.9231	7.034817	30.24409
1011	6.61867	3.0619221	4.6776	7.036310	30.24044
1012	6.62021	3.0608211	4.4233	7.036661	30.22717
1013	6.78781	3.0600183	4.1626	7.016022	30.07110
1014	6.98014	3.0593376	3.9050	6.992313	29.89607
1015	7.14207	3.0580887	3.6476	6.972755	29.74266
1016	7.29899	3.0547804	3.3929	6.954876	29.57267
1017	7.35068	3.0583188	3.1294	6.946768	29.56647
1018	7.33826	3.0584533	2.8718	6.948235	29.57862
1019	7.31841	3.0563201	2.6111	6.951713	29.57288
1020	7.34627	3.0455637	2.3446	6.953429	29.43433
1021	7.46681	3.0362533	2.0810	6.942942	29.23325
1022	7.59683	2.8786732	1.8174	7.001728	27.46071
1023	7.65338	2.8730449	1.5720	6.997182	27.35715
1024	7.67636	2.7994579	1.3174	7.029148	26.56868
1025	7.76748	2.7725974	1.0750	7.030055	26.21961
1026	7.94013	2.9296114	0.7992	6.934306	27.72339
1027	8.01145	2.8602776	0.4962	6.957632	26.94604
1028	8.01086	2.9052195	0.2416	6.936790	27.41372
1029	7.98951	3.0011277	0.0659	6.894851	28.43136
1030	7.99616	3.0463501	-0.0279	6.873028	28.89941
1031	7.48500	3.0369476	-0.0339	6.940317	29.22623
1032	7.08918	3.0334097	-0.0308	6.991291	29.52440
1033	6.96830	3.0050600	-0.0278	7.020356	29.32246
1034	7.04255	2.9645090	-0.0338	7.030840	28.82371
1035	7.23618	2.8195518	-0.0275	7.076635	27.12099
1036	7.41235	0.7488473	-0.0305	8.058847	6.40064
1037	7.44910	0.6140903	-0.0335	8.116043	5.16907
1038	7.44595	0.5643161	-0.0334	8.140150	4.72261
1039	7.43776	0.5241185	-0.0394	8.160641	4.36507
1040	7.42510	0.4823271	-0.0301	8.182689	3.99603
1041	7.40857	0.4645721	-0.0331	8.194215	3.84116
1042	7.39094	0.4963273	-0.0330	8.182765	4.12396
1043	7.37332	0.4907861	-0.0359	8.188795	4.07691
1044	7.35581	0.4972662	-0.0360	8.189154	4.13647
1045	7.33831	0.5681971	-0.0329	8.159018	4.77211
1046	7.32197	0.5288351	-0.0266	8.180829	4.42175
1047	7.30563	0.4772795	-0.0296	8.208354	3.96505
1048	7.29014	0.4232443	-0.0386	8.236785	3.49001
1049	7.27711	0.3853002	-0.0324	8.257102	3.15920
1050	7.26508	0.3853363	-0.0324	8.259472	3.16061
1051	7.25248	0.3775997	-0.0293	8.265585	3.09429
1052	7.23827	0.3657048	-0.0261	8.273963	2.99200
1053	7.21512	0.3684545	-0.0261	8.277292	3.01793
1054	7.20729	0.4207814	-0.0352	8.254309	3.47669
1055	7.20379	0.4193228	-0.0319	8.255688	3.46420
1056	7.19987	0.3620642	-0.0380	8.283318	2.96363
1057	7.19528	0.3322305	-0.0349	8.298141	2.70531
1058	7.18500	0.3267974	-0.0349	8.302729	2.65917
1059	7.17894	0.3166628	-0.0317	8.308653	2.57220
1060	7.17534	0.2932236	-0.0315	8.320236	2.37104
1061	7.17242	0.2782587	-0.0405	8.327734	2.24323
1062	7.16966	0.2685600	-0.0344	8.332760	2.16070
1063	7.16653	0.2603218	-0.0314	8.337182	2.09081
1064	7.16303	0.2529470	-0.0282	8.341276	2.02840
1065	7.15980	0.2415698	-0.0311	8.347146	1.93224
1066	7.15568	0.2337946	-0.0281	8.351540	1.86679
1067	7.15369	0.2247927	-0.0279	8.356052	1.79105
1068	7.15964	0.2233090	-0.0339	8.355516	1.77826
1069	7.16313	0.2208325	-0.0307	8.355932	1.75727
1070	7.16595	0.2168548	-0.0277	8.357167	1.72373
1071	7.16892	0.2163233	-0.0306	8.356802	1.71912
1072	7.17164	0.2150476	-0.0305	8.356828	1.70829
1073	7.17279	0.2116228	-0.0306	8.358149	1.67953
1074	7.17659	0.2084726	-0.0334	8.358801	1.65298
1075	7.18907	0.2033084	-0.0304	8.358594	1.60923
1076	7.20087	0.1971402	-0.0302	8.358972	1.55726
1077	7.20807	0.2159476	-0.0363	8.348995	1.71404
1078	7.21074	0.3037541	-0.0332	8.308238	2.45888
1079	7.20995	0.3254813	-0.0330	8.298333	2.64590
1080	7.20980	0.3342362	-0.0299	8.294299	2.72151
1081	7.21632	0.3002673	-0.0330	8.308724	2.42858
1082	7.22437	0.2681939	-0.0298	8.321861	2.15419
1083	7.23147	0.2471202	-0.0329	8.330063	1.97513
1084	7.24240	0.2313521	-0.0359	8.335027	1.84159
1085	7.25552	0.2190427	-0.0326	8.337943	1.73761
1086	7.27052	0.2088809	-0.0295	8.339483	1.65193
1087	7.28287	0.1971703	-0.0324	8.342241	1.55385
1088	7.29773	0.1961292	-0.0324	8.339685	1.54454
1089	7.31605	0.2230578	-0.0293	8.323850	1.76818
1090	7.33003	0.2577923	-0.0353	8.305292	2.05961
1091	7.34219	0.2710858	-0.0261	8.296796	2.17142
1092	7.34622	0.2874883	-0.0322	8.288502	2.31054
1093	7.34103	0.2617371	-0.0351	8.301283	2.09231
1094	7.33208	0.2362392	-0.0319	8.314653	1.87788
1095	7.32155	0.2149122	-0.0349	8.326408	1.69981
1096	7.31218	0.1996405	-0.0318	8.335173	1.57306
1097	7.30312	0.1873406	-0.0288	8.342524	1.47145
1098	7.29422	0.1780997	-0.0319	8.348465	1.39545
1099	7.28559	0.1668982	-0.0287	8.355218	1.30355
1100	7.27769	0.1577670	-0.0254	8.360890	1.22892
1101	7.26995	0.1524373	-0.0315	8.364837	1.18557
1102	7.26305	0.1489961	-0.0344	8.367776	1.15769
1103	7.25740	0.1464513	-0.0374	8.370060	1.13711
1104	7.25379	0.1410186	-0.0283	8.373201	1.09296
1105	7.25248	0.1377839	-0.0371	8.374897	1.06669
1106	7.25390	0.1362206	-0.0342	8.375296	1.05395
1107	7.25546	0.1349792	-0.0342	8.375521	1.04382
1108	7.25625	0.1609062	-0.0311	8.363884	1.25542
1109	7.25604	0.1737700	-0.0340	8.358193	1.36125
1110	7.25573	0.1705211	-0.0279	8.359708	1.33448
1111	7.25552	0.1749816	-0.0308	8.357759	1.37126
1112	7.25593	0.1767734	-0.0368	8.356873	1.38604
1113	7.25708	0.1712922	-0.0338	8.359086	1.34078
1114	7.25865	0.1629726	-0.0275	8.362472	1.27229
1115	7.25912	0.1553913	-0.0337	8.365745	1.21011
