Scan Count	Temperature [ITS-90, deg C]	Conductivity [S/m]	Pressure, Strain Gauge [db]	Depth [salt water, m]	Oxygen Saturation, Weiss [ml/l]	Salinity, Practical [PSU]
1	14.47479	0.0001913	-0.0705	-0.0701	7.128023	0.00777
2	14.47435	0.0001882	-0.0675	-0.0671	7.128092	0.00776
3	14.47441	0.0001913	-0.0676	-0.0672	7.128082	0.00777
4	14.47245	0.0001913	-0.0706	-0.0703	7.128388	0.00777
5	14.46998	0.0001975	-0.0676	-0.0672	7.128772	0.00779
6	14.46872	0.0002005	-0.0706	-0.0703	7.128968	0.00780
7	14.46866	0.0001975	-0.0676	-0.0673	7.128979	0.00779
8	14.46929	0.0002005	-0.0675	-0.0671	7.128880	0.00780
9	14.46891	0.0001913	-0.0706	-0.0702	7.128940	0.00777
10	14.46948	0.0001975	-0.0676	-0.0672	7.128850	0.00779
11	14.47068	0.0002005	-0.0676	-0.0672	7.128663	0.00780
12	14.47201	0.0002036	-0.0645	-0.0642	7.128455	0.00781
13	14.47315	0.0002160	-0.0676	-0.0672	7.128276	0.00785
14	14.47359	0.0002160	-0.0676	-0.0672	7.128207	0.00785
15	14.47283	0.0002283	-0.0646	-0.0642	7.128323	0.00789
16	14.47271	0.0002437	-0.0615	-0.0612	7.128341	0.00794
17	14.47302	0.0002622	-0.0676	-0.0672	7.128288	0.00801
18	14.47271	0.0002838	-0.0645	-0.0642	7.128334	0.00808
19	14.47245	0.0003239	-0.0706	-0.0703	7.128367	0.00823
20	14.47125	0.0003547	-0.0676	-0.0672	7.128550	0.00835
21	14.46941	0.0003855	-0.0706	-0.0703	7.128830	0.00847
22	14.46847	0.0003763	-0.0645	-0.0642	7.128980	0.00843
23	14.46707	0.0003485	-0.0645	-0.0642	7.129202	0.00832
24	14.46138	0.0003331	-0.0676	-0.0672	7.130092	0.00826
25	14.45233	0.0003146	-0.0675	-0.0671	7.131506	0.00819
26	14.44360	0.0003054	-0.0675	-0.0671	7.132869	0.00815
27	14.43861	0.0003054	-0.0737	-0.0733	7.133649	0.00815
28	14.43532	0.0002992	-0.0677	-0.0673	7.134163	0.00812
29	14.43184	0.0002961	-0.0675	-0.0671	7.134706	0.00811
30	14.42742	0.0002992	-0.0645	-0.0642	7.135397	0.00812
31	14.42318	0.0002961	-0.0676	-0.0672	7.136059	0.00811
32	14.42312	0.0002961	-0.0676	-0.0672	7.136068	0.00811
33	14.42514	0.0002992	-0.0706	-0.0702	7.135752	0.00812
34	14.42679	0.0003146	-0.0645	-0.0641	7.135493	0.00818
35	14.42799	0.0003146	-0.0706	-0.0703	7.135305	0.00818
36	14.42868	0.0003239	-0.0676	-0.0672	7.135195	0.00821
37	14.43020	0.0003331	-0.0707	-0.0703	7.134957	0.00825
38	14.43203	0.0003393	-0.0706	-0.0703	7.134670	0.00827
39	14.43368	0.0003424	-0.0645	-0.0641	7.134413	0.00829
40	14.43519	0.0003300	-0.0645	-0.0642	7.134178	0.00824
41	14.43696	0.0003424	-0.0676	-0.0672	7.133899	0.00829
42	14.43848	0.0003239	-0.0707	-0.0703	7.133666	0.00822
43	14.43918	0.0003239	-0.0705	-0.0701	7.133557	0.00822
44	14.43994	0.0003239	-0.0737	-0.0733	7.133439	0.00822
45	14.44095	0.0003239	-0.0645	-0.0642	7.133281	0.00822
46	14.44246	0.0003146	-0.0705	-0.0701	7.133046	0.00818
47	14.44367	0.0003146	-0.0706	-0.0702	7.132858	0.00818
48	14.44386	0.0003146	-0.0706	-0.0703	7.132828	0.00818
49	14.44367	0.0003054	-0.0645	-0.0641	7.132860	0.00815
50	14.44499	0.0002961	-0.0645	-0.0641	7.132654	0.00812
51	14.44645	0.0003084	-0.0644	-0.0641	7.132425	0.00816
52	14.44809	0.0003054	-0.0707	-0.0703	7.132169	0.00815
53	14.44967	0.0002992	-0.0705	-0.0701	7.131923	0.00813
54	14.45075	0.0003054	-0.0615	-0.0612	7.131754	0.00815
55	14.45151	0.0002961	-0.0676	-0.0672	7.131638	0.00812
56	14.45157	0.0002930	-0.0674	-0.0671	7.131628	0.00811
57	14.45075	0.0002961	-0.0736	-0.0732	7.131756	0.00812
58	14.44967	0.0002992	-0.0675	-0.0671	7.131923	0.00813
59	14.44860	0.0002961	-0.0645	-0.0642	7.132091	0.00812
60	14.44797	0.0002961	-0.0676	-0.0672	7.132190	0.00812
61	14.44784	0.0002930	-0.0675	-0.0671	7.132210	0.00811
62	14.44733	0.0002961	-0.0675	-0.0671	7.132289	0.00812
63	14.44727	0.0002992	-0.0645	-0.0641	7.132298	0.00813
64	14.44696	0.0002961	-0.0675	-0.0671	7.132348	0.00812
65	14.44639	0.0002961	-0.0645	-0.0641	7.132437	0.00812
66	14.44531	0.0002930	-0.0645	-0.0641	7.132605	0.00810
67	14.44506	0.0002961	-0.0674	-0.0671	7.132644	0.00812
68	14.44518	0.0002992	-0.0705	-0.0701	7.132624	0.00813
69	14.44512	0.0002869	-0.0643	-0.0640	7.132636	0.00808
70	14.44499	0.0002869	-0.0675	-0.0671	7.132655	0.00808
71	14.44461	0.0002930	-0.0704	-0.0701	7.132714	0.00810
72	14.44468	0.0002869	-0.0675	-0.0671	7.132705	0.00808
73	14.44544	0.0002869	-0.0675	-0.0671	7.132586	0.00808
74	14.44639	0.0002930	-0.0674	-0.0671	7.132437	0.00811
75	14.44664	0.0002776	-0.0674	-0.0671	7.132400	0.00805
76	14.44702	0.0002838	-0.0705	-0.0701	7.132340	0.00807
77	14.44670	0.0002869	-0.0704	-0.0701	7.132389	0.00808
78	14.44632	0.0002776	-0.0674	-0.0671	7.132450	0.00805
79	14.44588	0.0002745	-0.0645	-0.0642	7.132519	0.00804
80	14.44575	0.0002776	-0.0643	-0.0640	7.132538	0.00805
81	14.44575	0.0002838	-0.0613	-0.0610	7.132537	0.00807
82	14.44556	0.0002776	-0.0674	-0.0670	7.132568	0.00805
83	14.44632	0.0002776	-0.0674	-0.0670	7.132450	0.00805
84	14.44696	0.0002838	-0.0644	-0.0640	7.132350	0.00807
85	14.44696	0.0002869	-0.0645	-0.0641	7.132349	0.00808
86	14.44664	0.0002930	-0.0734	-0.0730	7.132398	0.00811
87	14.44613	0.0002869	-0.0706	-0.0702	7.132478	0.00808
88	14.44487	0.0002961	-0.0674	-0.0670	7.132674	0.00812
89	14.44455	0.0002930	-0.0643	-0.0640	7.132723	0.00810
90	14.44506	0.0002961	-0.0735	-0.0731	7.132644	0.00812
91	14.44556	0.0002930	-0.0643	-0.0640	7.132566	0.00810
92	14.44569	0.0002869	-0.0643	-0.0640	7.132547	0.00808
93	14.44575	0.0002961	-0.0643	-0.0640	7.132535	0.00812
94	14.44518	0.0002930	-0.0674	-0.0670	7.132625	0.00810
95	14.44544	0.0002961	-0.0613	-0.0610	7.132585	0.00812
96	14.44544	0.0002992	-0.0643	-0.0640	7.132584	0.00813
97	14.44474	0.0002776	-0.0612	-0.0609	7.132696	0.00805
98	14.44354	0.0002869	-0.0673	-0.0669	7.132882	0.00808
99	14.44259	0.0002930	-0.0674	-0.0670	7.133029	0.00810
100	14.44297	0.0002776	-0.0643	-0.0640	7.132973	0.00805
101	14.44373	0.0002869	-0.0643	-0.0639	7.132853	0.00808
102	14.44335	0.0002745	-0.0643	-0.0640	7.132914	0.00804
103	14.44316	0.0002776	-0.0643	-0.0640	7.132943	0.00805
104	14.44291	0.0002684	-0.0704	-0.0700	7.132984	0.00801
105	14.44234	0.0002714	-0.0612	-0.0609	7.133072	0.00802
106	14.44177	0.0002714	-0.0642	-0.0639	7.133161	0.00802
107	14.44050	0.0002745	-0.0642	-0.0639	7.133358	0.00804
108	14.43905	0.0003054	-0.0613	-0.0610	7.133580	0.00815
109	14.43848	0.0003146	-0.0673	-0.0669	7.133667	0.00818
110	14.43785	0.0003239	-0.0703	-0.0699	7.133764	0.00822
111	14.43620	0.0003239	-0.0642	-0.0638	7.134021	0.00822
112	14.43519	0.0003146	-0.0673	-0.0669	7.134180	0.00818
113	14.43481	0.0003239	-0.0643	-0.0640	7.134238	0.00822
114	14.43374	0.0003239	-0.0642	-0.0638	7.134406	0.00821
115	14.43134	0.0003331	-0.0673	-0.0669	7.134779	0.00825
116	14.42995	0.0003331	-0.0702	-0.0699	7.134996	0.00825
117	14.42887	0.0003300	-0.0704	-0.0700	7.135165	0.00824
118	14.42799	0.0003331	-0.0702	-0.0699	7.135302	0.00825
119	14.42672	0.0003300	-0.0643	-0.0640	7.135500	0.00824
120	14.42571	0.0003331	-0.0673	-0.0669	7.135658	0.00825
121	14.42432	0.0003331	-0.0643	-0.0639	7.135875	0.00825
122	14.42306	0.0003239	-0.0673	-0.0669	7.136074	0.00821
123	14.42084	0.0003146	-0.0672	-0.0668	7.136421	0.00817
124	14.41604	0.0003239	-0.0672	-0.0668	7.137169	0.00821
125	14.41035	0.0003146	-0.0642	-0.0638	7.138059	0.00817
126	14.40574	0.0003239	-0.0642	-0.0638	7.138778	0.00820
127	14.40006	0.0003084	-0.0703	-0.0699	7.139669	0.00814
128	14.39608	0.0003146	-0.0642	-0.0638	7.140290	0.00816
129	14.39431	0.0003146	-0.0672	-0.0668	7.140567	0.00816
130	14.39033	0.0003239	-0.0672	-0.0668	7.141187	0.00820
131	14.38597	0.0003146	-0.0672	-0.0669	7.141870	0.00816
132	14.38680	0.0003146	-0.0641	-0.0638	7.141742	0.00816
133	14.38888	0.0003146	-0.0580	-0.0577	7.141416	0.00816
134	14.39109	0.0003146	-0.0641	-0.0638	7.141070	0.00816
135	14.39336	0.0003146	-0.0642	-0.0639	7.140715	0.00816
136	14.39456	0.0003054	-0.0580	-0.0577	7.140529	0.00813
137	14.39431	0.0003084	-0.0611	-0.0608	7.140568	0.00814
138	14.39343	0.0003146	-0.0640	-0.0637	7.140705	0.00816
139	14.39399	0.0003054	-0.0641	-0.0638	7.140618	0.00813
140	14.39627	0.0002992	-0.0612	-0.0608	7.140263	0.00811
141	14.39854	0.0003054	-0.0641	-0.0638	7.139907	0.00813
142	14.40069	0.0003084	-0.0672	-0.0668	7.139571	0.00814
143	14.40151	0.0003054	-0.0671	-0.0667	7.139443	0.00813
144	14.39728	0.0003054	-0.0702	-0.0699	7.140104	0.00813
145	14.39039	0.0003084	-0.0671	-0.0667	7.141180	0.00814
146	14.38654	0.0002961	-0.0641	-0.0638	7.141784	0.00809
147	14.38515	0.0003084	-0.0671	-0.0667	7.141999	0.00814
148	14.38478	0.0003054	-0.0610	-0.0607	7.142059	0.00812
149	14.38553	0.0002961	-0.0611	-0.0607	7.141942	0.00809
150	14.38553	0.0003084	-0.0641	-0.0638	7.141940	0.00814
151	14.38503	0.0003054	-0.0611	-0.0608	7.142020	0.00812
152	14.38515	0.0002992	-0.0670	-0.0667	7.142001	0.00810
153	14.38610	0.0002961	-0.0640	-0.0637	7.141853	0.00809
154	14.38730	0.0002961	-0.0579	-0.0576	7.141666	0.00809
155	14.38901	0.0002992	-0.0640	-0.0637	7.141399	0.00810
156	14.39077	0.0002869	-0.0579	-0.0576	7.141124	0.00806
157	14.39096	0.0002961	-0.0642	-0.0638	7.141093	0.00809
158	14.38755	0.0002838	-0.0640	-0.0636	7.141628	0.00805
159	14.38250	0.0002869	-0.0671	-0.0667	7.142418	0.00805
160	14.38010	0.0002930	-0.0700	-0.0697	7.142792	0.00808
161	14.37928	0.0002869	-0.0640	-0.0636	7.142921	0.00805
162	14.37884	0.0002869	-0.0609	-0.0606	7.142990	0.00805
163	14.37840	0.0002930	-0.0671	-0.0667	7.143059	0.00808
164	14.37840	0.0002869	-0.0671	-0.0667	7.143060	0.00805
165	14.37865	0.0002930	-0.0701	-0.0697	7.143019	0.00808
166	14.37834	0.0002869	-0.0640	-0.0636	7.143069	0.00805
167	14.37840	0.0002869	-0.0670	-0.0666	7.143060	0.00805
168	14.37815	0.0002930	-0.0671	-0.0667	7.143098	0.00808
169	14.37701	0.0002869	-0.0670	-0.0667	7.143277	0.00805
170	14.37651	0.0002930	-0.0640	-0.0636	7.143355	0.00807
171	14.37613	0.0002869	-0.0640	-0.0636	7.143415	0.00805
172	14.37531	0.0002869	-0.0701	-0.0697	7.143543	0.00805
173	14.37556	0.0002838	-0.0701	-0.0697	7.143504	0.00804
174	14.37669	0.0002776	-0.0610	-0.0606	7.143328	0.00802
175	14.37537	0.0002838	-0.0640	-0.0636	7.143534	0.00804
176	14.36634	0.0002776	-0.0670	-0.0667	7.144947	0.00801
177	14.35896	0.0002869	-0.0640	-0.0636	7.146101	0.00804
178	14.35726	0.0002838	-0.0640	-0.0636	7.146368	0.00803
179	14.35783	0.0002776	-0.0670	-0.0666	7.146280	0.00801
180	14.35903	0.0002838	-0.0640	-0.0637	7.146092	0.00803
181	14.35827	0.0002776	-0.0702	-0.0698	7.146211	0.00801
182	14.35499	0.0002776	-0.0670	-0.0666	7.146725	0.00801
183	14.35303	0.0002745	-0.0639	-0.0636	7.147032	0.00800
184	14.35272	0.0002776	-0.0670	-0.0666	7.147080	0.00801
185	14.35303	-0.0963134	-0.0395	-0.0393	7.147383	0.00000
186	14.11715	1.2909961	0.0305	0.0303	6.772180	9.58927
187	13.52345	2.7747322	0.1158	0.1152	6.336063	22.42162
188	13.08530	2.9238797	0.2073	0.2062	6.332026	24.02599
189	12.77774	2.9524934	0.3110	0.3093	6.355645	24.48276
190	12.56694	2.9770517	0.4114	0.4092	6.369996	24.84550
191	12.42897	2.9877659	0.5243	0.5214	6.381325	25.03556
192	12.34499	2.9926707	0.6279	0.6245	6.388818	25.13689
193	12.29640	2.9980454	0.7407	0.7366	6.392216	25.21923
194	12.26740	3.0008617	0.8504	0.8458	6.394389	25.26483
195	12.25056	3.0047900	0.9632	0.9579	6.394800	25.31263
196	12.24187	2.9751248	1.0241	1.0185	6.406784	25.04293
197	12.25085	2.9869860	1.0332	1.0275	6.401378	25.14703
198	12.30141	2.9876157	1.0302	1.0246	6.395528	25.11905
199	12.34798	2.9825509	1.0210	1.0154	6.392231	25.04105
200	12.36594	2.9895545	1.0150	1.0094	6.387653	25.09392
201	12.34929	2.9992707	1.0027	0.9972	6.385908	25.19504
202	12.32322	3.0075955	1.0180	1.0124	6.385715	25.28971
203	12.30594	3.0103117	1.0150	1.0094	6.386622	25.32656
204	12.29408	3.0146337	1.0119	1.0063	6.386333	25.37468
205	12.28419	3.0167866	1.0271	1.0215	6.386628	25.40135
206	12.27383	3.0195301	1.0241	1.0185	6.386756	25.43386
207	12.26311	3.0234128	1.0303	1.0247	6.386500	25.47721
208	12.25329	3.0265118	1.0333	1.0277	6.386435	25.51269
209	12.24603	3.0281074	1.0394	1.0337	6.386645	25.53247
210	12.24235	3.0289602	1.0395	1.0338	6.386735	25.54291
211	12.24092	3.0301481	1.0424	1.0367	6.386452	25.55494
212	12.24050	3.0309645	1.0333	1.0276	6.386195	25.56282
213	12.24044	3.0300567	1.0303	1.0246	6.386538	25.55442
214	12.23919	3.0288140	1.0182	1.0126	6.387138	25.54371
215	12.23658	3.0296608	1.0211	1.0155	6.387112	25.55337
216	12.23402	3.0311717	1.0120	1.0064	6.386833	25.56917
217	12.23259	3.0323294	1.0211	1.0155	6.386561	25.58092
218	12.23253	3.0330241	1.0242	1.0186	6.386309	25.58743
219	12.23342	3.0334751	1.0242	1.0186	6.386043	25.59102
220	12.23443	3.0339627	1.0333	1.0277	6.385751	25.59486
221	12.23527	3.0343406	1.0333	1.0277	6.385519	25.59781
222	12.23586	3.0340541	1.0303	1.0247	6.385559	25.59474
223	12.23616	3.0336214	1.0334	1.0277	6.385687	25.59051
224	12.23592	3.0331155	1.0333	1.0276	6.385901	25.58596
225	12.23580	3.0327560	1.0273	1.0217	6.386048	25.58270
226	12.23539	3.0323842	1.0273	1.0216	6.386232	25.57952
227	12.23455	3.0327865	1.0303	1.0246	6.386175	25.58383
228	12.23372	3.0335361	1.0273	1.0216	6.385988	25.59138
229	12.23378	3.0345113	1.0242	1.0186	6.385619	25.60042
230	12.23443	3.0347856	1.0303	1.0246	6.385445	25.60252
231	12.23479	3.0337920	1.0364	1.0307	6.385775	25.59303
232	12.23390	3.0332679	1.0364	1.0307	6.386068	25.58876
233	12.23289	3.0335909	1.0425	1.0368	6.386060	25.59245
234	12.23455	3.0340541	1.0456	1.0398	6.385704	25.59563
235	12.24324	3.0351695	1.0426	1.0369	6.384332	25.60009
236	12.25805	3.0376996	1.0394	1.0337	6.381759	25.61353
237	12.26615	3.0359801	1.0425	1.0368	6.381505	25.59201
238	12.26430	3.0351145	1.0425	1.0368	6.382029	25.58521
239	12.25936	3.0359497	1.0365	1.0308	6.382264	25.59635
240	12.25591	3.0371813	1.0273	1.0216	6.382187	25.61017
241	12.25425	3.0381631	1.0212	1.0156	6.382007	25.62044
242	12.25288	3.0372118	1.0182	1.0126	6.382510	25.61253
243	12.25002	3.0355169	1.0213	1.0157	6.383454	25.59870
244	12.24621	3.0352975	1.0243	1.0187	6.383956	25.59926
245	12.24348	3.0356328	1.0395	1.0338	6.384133	25.60424
246	12.24532	3.0352061	1.0456	1.0399	6.384088	25.59901
247	12.25954	3.0357790	1.0457	1.0399	6.382308	25.59464
248	12.27181	3.0370897	1.0273	1.0217	6.380470	25.59848
249	12.27300	3.0396327	1.0273	1.0217	6.379396	25.62132
250	12.27193	3.0408892	1.0335	1.0278	6.379048	25.63374
251	12.27187	3.0407001	1.0426	1.0368	6.379125	25.63202
252	12.27341	3.0386081	1.0365	1.0308	6.379730	25.61150
253	12.27437	3.0383641	1.0274	1.0218	6.379716	25.60859
254	12.27377	3.0402487	1.0213	1.0157	6.379083	25.62652
255	12.27711	3.0425120	1.0183	1.0127	6.377877	25.64530
256	12.27651	3.0419202	1.0214	1.0158	6.378161	25.64020
257	12.27544	3.0425120	1.0366	1.0309	6.378060	25.64643
258	12.28104	3.0415602	1.0396	1.0339	6.377797	25.63376
259	12.28687	3.0398338	1.0426	1.0369	6.377794	25.61372
260	12.29313	3.0400960	1.0426	1.0369	6.377009	25.61189
261	12.31428	3.0414440	1.0426	1.0369	6.374182	25.61000
262	12.33265	3.0424383	1.0366	1.0309	6.371796	25.60673
263	12.34643	3.0423954	1.0396	1.0339	6.370298	25.59694
264	12.36105	3.0413459	1.0274	1.0217	6.369079	25.57726
265	12.37304	3.0416203	1.0214	1.0157	6.367660	25.57165
266	12.38206	3.0436581	1.0184	1.0128	6.365919	25.58442
267	12.38732	3.0451350	1.0214	1.0158	6.364798	25.59454
268	12.38469	3.0449641	1.0275	1.0219	6.365149	25.59474
269	12.37555	3.0450802	1.0397	1.0340	6.366109	25.60203
270	12.37531	3.0453915	1.0397	1.0340	6.366020	25.60508
271	12.37764	3.0458004	1.0306	1.0249	6.365614	25.60730
272	12.37770	3.0465512	1.0275	1.0218	6.365331	25.61422
273	12.37454	3.0477051	1.0244	1.0188	6.365252	25.62709
274	12.36528	3.0471618	1.0367	1.0310	6.366468	25.62835
275	12.34983	3.0471559	1.0459	1.0401	6.368167	25.63882
276	12.33605	3.0474979	1.0398	1.0340	6.369553	25.65140
277	12.33169	3.0477910	1.0398	1.0341	6.369923	25.65710
278	12.33563	3.0468996	1.0337	1.0280	6.369820	25.64613
279	12.33718	3.0460633	1.0215	1.0159	6.369958	25.63731
280	12.33652	3.0459168	1.0307	1.0250	6.370085	25.63639
281	12.34362	3.0467347	1.0367	1.0310	6.369003	25.63915
282	12.35675	3.0477663	1.0276	1.0219	6.367181	25.63978
283	12.36451	3.0485905	1.0367	1.0310	6.366026	25.64214
284	12.36624	3.0485722	1.0459	1.0401	6.365843	25.64078
285	12.36922	3.0478578	1.0459	1.0401	6.365779	25.63212
286	12.38069	3.0467221	1.0490	1.0432	6.364940	25.61377
287	12.39628	3.0454218	1.0429	1.0372	6.363709	25.59110
288	12.40524	3.0451958	1.0307	1.0250	6.362810	25.58292
289	12.41068	3.0447503	1.0247	1.0191	6.362377	25.57509
290	12.42490	3.0442741	1.0307	1.0250	6.360993	25.56101
291	12.45302	3.0442921	1.0338	1.0281	6.357906	25.54210
292	12.48223	3.0446458	1.0490	1.0433	6.354578	25.52557
293	12.50427	3.0445357	1.0460	1.0403	6.352206	25.50962
294	12.52393	3.0439558	1.0460	1.0402	6.350268	25.49096
295	12.54684	3.0431073	1.0368	1.0311	6.348074	25.46765
296	12.56826	3.0430278	1.0308	1.0252	6.345762	25.45246
297	12.58333	3.0431985	1.0400	1.0343	6.344054	25.44387
298	12.59462	3.0439245	1.0338	1.0281	6.342557	25.44296
299	12.60177	3.0447789	1.0400	1.0343	6.341465	25.44602
300	12.60501	3.0452244	1.0399	1.0342	6.340949	25.44794
301	12.60718	3.0452488	1.0491	1.0434	6.340704	25.44670
302	12.61030	3.0449009	1.0431	1.0374	6.340490	25.44139
303	12.61571	3.0441807	1.0431	1.0373	6.340162	25.43111
304	12.62424	3.0436863	1.0431	1.0374	6.339411	25.42080
305	12.63591	3.0430576	1.0461	1.0404	6.338367	25.40716
306	12.65119	3.0418860	1.0400	1.0342	6.337127	25.38610
307	12.67074	3.0413855	1.0339	1.0282	6.335177	25.36836
308	12.69374	3.0411901	1.0401	1.0344	6.332742	25.35113
309	12.71453	3.0412387	1.0401	1.0344	6.330461	25.33764
310	12.72942	3.0414643	1.0401	1.0344	6.328758	25.32974
311	12.74021	3.0416716	1.0433	1.0375	6.327509	25.32442
312	12.74890	3.0418240	1.0371	1.0314	6.326509	25.32001
313	12.75668	3.0421046	1.0340	1.0283	6.325561	25.31738
314	12.76380	3.0424340	1.0341	1.0284	6.324667	25.31564
315	12.76947	3.0426841	1.0432	1.0374	6.323960	25.31414
316	12.77316	3.0428915	1.0432	1.0375	6.323485	25.31358
317	12.77466	3.0430257	1.0463	1.0405	6.323273	25.31381
318	12.77557	3.0431051	1.0524	1.0466	6.323146	25.31393
319	12.77678	3.0432576	1.0463	1.0406	6.322960	25.31452
320	12.77817	3.0438678	1.0433	1.0376	6.322588	25.31920
321	12.78016	3.0438617	1.0402	1.0344	6.322374	25.31781
322	12.78173	3.0438983	1.0311	1.0255	6.322190	25.31710
323	12.78324	3.0441790	1.0372	1.0315	6.321925	25.31866
324	12.78414	3.0441668	1.0343	1.0286	6.321831	25.31794
325	12.78487	3.0441241	1.0372	1.0315	6.321768	25.31707
326	12.78559	3.0441424	1.0433	1.0376	6.321682	25.31675
327	12.78638	3.0441546	1.0526	1.0468	6.321593	25.31633
328	12.78692	3.0442278	1.0495	1.0437	6.321507	25.31664
329	12.78746	3.0453935	1.0494	1.0437	6.321027	25.32698
330	12.78716	3.0457841	1.0465	1.0408	6.320919	25.33076
331	12.78644	3.0459978	1.0496	1.0438	6.320921	25.33321
332	12.78656	3.0462297	1.0404	1.0346	6.320824	25.33526
333	12.78704	3.0458757	1.0435	1.0378	6.320899	25.33169
334	12.78765	3.0457109	1.0344	1.0287	6.320893	25.32977
335	12.78909	3.0459367	1.0313	1.0256	6.320654	25.33088
336	12.79127	3.0458818	1.0404	1.0347	6.320438	25.32891
337	12.79230	3.0452653	1.0435	1.0378	6.320549	25.32257
338	12.79145	3.0449296	1.0466	1.0408	6.320762	25.32005
339	12.78958	3.0445329	1.0466	1.0409	6.321108	25.31767
340	12.78867	3.0443559	1.0404	1.0347	6.321271	25.31665
341	12.78982	3.0442583	1.0345	1.0288	6.321181	25.31499
342	12.79193	3.0444963	1.0376	1.0319	6.320866	25.31576
343	12.79254	3.0449296	1.0406	1.0349	6.320644	25.31933
344	12.79145	3.0451310	1.0467	1.0410	6.320689	25.32190
345	12.78813	3.0450822	1.0528	1.0470	6.321068	25.32367
346	12.78318	3.0444719	1.0527	1.0469	6.321826	25.32139
347	12.78112	3.0441424	1.0376	1.0319	6.322168	25.31974
348	12.77943	3.0445269	1.0315	1.0258	6.322212	25.32440
349	12.77841	3.0437458	1.0285	1.0228	6.322606	25.31792
350	12.77931	3.0436908	1.0438	1.0381	6.322527	25.31680
351	12.78010	3.0438373	1.0469	1.0411	6.322389	25.31762
352	12.78010	3.0439776	1.0530	1.0472	6.322339	25.31891
353	12.78106	3.0439898	1.0498	1.0441	6.322229	25.31837
354	12.78221	3.0448137	1.0378	1.0321	6.321807	25.32517
355	12.78082	3.0448687	1.0318	1.0261	6.321938	25.32661
356	12.78287	3.0441241	1.0409	1.0352	6.321984	25.31840
357	12.78330	3.0438373	1.0530	1.0472	6.322042	25.31548
358	12.78378	3.0438372	1.0531	1.0473	6.321989	25.31516
359	12.78577	3.0443804	1.0409	1.0351	6.321577	25.31881
360	12.78728	3.0447770	1.0440	1.0383	6.321269	25.32144
361	12.78457	3.0446977	1.0287	1.0231	6.321593	25.32254
362	12.78438	3.0443193	1.0318	1.0262	6.321749	25.31918
363	12.78601	3.0440386	1.0440	1.0383	6.321674	25.31551
364	12.78529	3.0439898	1.0441	1.0383	6.321770	25.31555
365	12.78601	3.0438616	1.0501	1.0443	6.321738	25.31389
366	12.78807	3.0441423	1.0472	1.0414	6.321413	25.31509
367	12.79012	3.0448136	1.0410	1.0353	6.320948	25.31988
368	12.78831	3.0449601	1.0380	1.0323	6.321092	25.32244
369	12.78674	3.0450151	1.0411	1.0354	6.321243	25.32399
370	12.78765	3.0451432	1.0411	1.0353	6.321098	25.32456
371	12.78940	3.0453080	1.0472	1.0415	6.320848	25.32490
372	12.79187	3.0450211	1.0411	1.0354	6.320683	25.32061
373	12.79459	3.0452469	1.0381	1.0324	6.320306	25.32087
374	12.79652	3.0455399	1.0350	1.0294	6.319991	25.32227
375	12.79616	3.0457108	1.0411	1.0354	6.319968	25.32407
376	12.79495	3.0460587	1.0412	1.0355	6.319974	25.32807
377	12.79380	3.0464922	1.0566	1.0508	6.319942	25.33281
378	12.79278	3.0461808	1.0503	1.0445	6.320166	25.33065
379	12.79217	3.0461137	1.0413	1.0356	6.320256	25.33044
380	12.78680	3.0463640	1.0413	1.0355	6.320749	25.33633
381	12.77460	3.0464313	1.0383	1.0326	6.322049	25.34511
382	12.76754	3.0458820	1.0413	1.0356	6.323015	25.34480
383	12.76404	3.0454487	1.0443	1.0386	6.323552	25.34316
384	12.76072	3.0458821	1.0536	1.0478	6.323756	25.34936
385	12.75698	3.0474632	1.0536	1.0478	6.323591	25.36639
386	12.75553	3.0471518	1.0505	1.0448	6.323861	25.36450
387	12.75650	3.0463643	1.0475	1.0418	6.324040	25.35662
388	12.75240	3.0456807	1.0415	1.0357	6.324733	25.35309
389	12.73937	3.0454184	1.0415	1.0357	6.326245	25.35941
390	12.72646	3.0453636	1.0446	1.0389	6.327668	25.36756
391	12.71851	3.0449913	1.0476	1.0419	6.328668	25.36947
392	12.71104	3.0443811	1.0507	1.0449	6.329702	25.36887
393	12.70278	3.0438075	1.0446	1.0389	6.330809	25.36914
394	12.69453	3.0435757	1.0446	1.0389	6.331791	25.37255
395	12.68736	3.0435331	1.0476	1.0419	6.332587	25.37696
396	12.68074	3.0434599	1.0537	1.0479	6.333335	25.38073
397	12.67363	3.0429230	1.0508	1.0450	6.334304	25.38056
398	12.66533	3.0421909	1.0508	1.0450	6.335475	25.37940
399	12.65793	3.0416175	1.0507	1.0450	6.336491	25.37910
400	12.65323	3.0413552	1.0569	1.0511	6.337098	25.37983
401	12.65119	3.0413125	1.0478	1.0420	6.337336	25.38082
402	12.65034	3.0412393	1.0569	1.0511	6.337455	25.38070
403	12.64734	3.0401535	1.0540	1.0482	6.338177	25.37273
404	12.64174	3.0387630	1.0418	1.0361	6.339293	25.36368
405	12.63837	3.0376653	1.0387	1.0330	6.340060	25.35583
406	12.63356	3.0372995	1.0388	1.0331	6.340718	25.35569
407	12.62725	3.0373606	1.0358	1.0301	6.341385	25.36050
408	12.62563	3.0375862	1.0419	1.0361	6.341481	25.36366
409	12.62713	3.0379033	1.0510	1.0452	6.341201	25.36557
410	12.62990	3.0381899	1.0480	1.0422	6.340795	25.36636
411	12.63284	3.0382386	1.0450	1.0392	6.340455	25.36483
412	12.63441	3.0383057	1.0420	1.0363	6.340260	25.36440
413	12.63555	3.0380251	1.0481	1.0424	6.340238	25.36104
414	12.63699	3.0375556	1.0481	1.0423	6.340251	25.35575
415	12.63886	3.0373605	1.0481	1.0424	6.340119	25.35270
416	12.64126	3.0372385	1.0451	1.0394	6.339900	25.34996
417	12.64409	3.0369031	1.0390	1.0333	6.339714	25.34498
418	12.64680	3.0365494	1.0422	1.0364	6.339547	25.33991
419	12.64607	3.0362690	1.0452	1.0394	6.339728	25.33781
420	12.64156	3.0361776	1.0360	1.0303	6.340253	25.33999
421	12.63681	3.0362691	1.0362	1.0305	6.340739	25.34402
422	12.63368	3.0364642	1.0391	1.0334	6.341009	25.34792
423	12.63218	3.0368118	1.0422	1.0364	6.341047	25.35213
424	12.63248	3.0373239	1.0514	1.0456	6.340828	25.35664
425	12.63483	3.0376044	1.0483	1.0426	6.340470	25.35765
426	12.63801	3.0372995	1.0606	1.0547	6.340233	25.35270
427	12.63904	3.0361776	1.0454	1.0397	6.340529	25.34169
428	12.63591	3.0349401	1.0485	1.0427	6.341321	25.33239
429	12.63206	3.0344159	1.0485	1.0427	6.341932	25.33014
430	12.62839	3.0341904	1.0455	1.0398	6.342415	25.33052
431	12.62418	3.0339589	1.0547	1.0489	6.342959	25.33121
432	12.61926	3.0333860	1.0425	1.0368	6.343706	25.32924
433	12.61379	3.0328680	1.0455	1.0398	6.344492	25.32814
434	12.60850	3.0326426	1.0394	1.0337	6.345153	25.32961
435	12.60237	3.0326549	1.0334	1.0277	6.345818	25.33384
436	12.59750	3.0334167	1.0394	1.0337	6.346073	25.34412
437	12.59949	3.0344772	1.0426	1.0369	6.345469	25.35257
438	12.60495	3.0351660	1.0517	1.0459	6.344621	25.35524
439	12.60814	3.0354463	1.0670	1.0612	6.344171	25.35568
440	12.60958	3.0353671	1.0609	1.0551	6.344042	25.35399
441	12.61006	3.0348672	1.0488	1.0430	6.344171	25.34906
442	12.60820	3.0342211	1.0517	1.0459	6.344610	25.34436
443	12.60429	3.0340200	1.0488	1.0431	6.345111	25.34512
444	12.59949	3.0337885	1.0458	1.0400	6.345720	25.34622
445	12.59606	3.0333558	1.0397	1.0340	6.346252	25.34453
446	12.59402	3.0328682	1.0398	1.0341	6.346654	25.34141
447	12.59432	3.0326854	1.0366	1.0309	6.346687	25.33952
448	12.59690	3.0332156	1.0367	1.0310	6.346212	25.34267
449	12.60027	3.0342029	1.0399	1.0341	6.345484	25.34952
450	12.60393	3.0346235	1.0520	1.0462	6.344930	25.35093
451	12.60694	3.0345686	1.0551	1.0493	6.344622	25.34840
452	12.60916	3.0341906	1.0582	1.0524	6.344517	25.34343
453	12.61048	3.0336543	1.0582	1.0524	6.344567	25.33760
454	12.61120	3.0333312	1.0612	1.0554	6.344606	25.33413
455	12.61162	3.0328376	1.0553	1.0495	6.344740	25.32931
456	12.61192	3.0316920	1.0553	1.0495	6.345125	25.31855
457	12.61264	3.0306866	1.0522	1.0464	6.345412	25.30880
458	12.61379	3.0304003	1.0401	1.0344	6.345391	25.30540
459	12.61312	3.0309913	1.0432	1.0374	6.345248	25.31129
460	12.61120	3.0322952	1.0432	1.0375	6.344984	25.32459
461	12.61036	3.0332642	1.0432	1.0375	6.344722	25.33409
462	12.60976	3.0337335	1.0433	1.0375	6.344617	25.33882
463	12.60922	3.0340504	1.0462	1.0405	6.344561	25.34210
464	12.60928	3.0343064	1.0525	1.0467	6.344461	25.34442
465	12.60928	3.0344162	1.0493	1.0435	6.344421	25.34543
466	12.60928	3.0345929	1.0555	1.0497	6.344357	25.34705
467	12.60880	3.0347514	1.0616	1.0557	6.344352	25.34884
468	12.60856	3.0343613	1.0616	1.0558	6.344520	25.34540
469	12.60910	3.0337457	1.0556	1.0498	6.344685	25.33937
470	12.61042	3.0329839	1.0586	1.0528	6.344818	25.33146
471	12.61138	3.0324415	1.0525	1.0467	6.344911	25.32582
472	12.61114	3.0321490	1.0343	1.0286	6.345043	25.32329
473	12.61144	3.0322343	1.0282	1.0226	6.344979	25.32388
474	12.61306	3.0325633	1.0344	1.0287	6.344682	25.32582
475	12.61397	3.0338493	1.0375	1.0318	6.344115	25.33706
476	12.61240	3.0345380	1.0526	1.0468	6.344035	25.34445
477	12.60868	3.0342760	1.0588	1.0530	6.344538	25.34454
478	12.60447	3.0330205	1.0558	1.0500	6.345455	25.33579
479	12.60393	3.0318383	1.0498	1.0440	6.345945	25.32526
480	12.60315	3.0313508	1.0558	1.0500	6.346208	25.32129
481	12.60135	3.0314362	1.0498	1.0440	6.346374	25.32328
482	12.60111	3.0315032	1.0528	1.0470	6.346376	25.32406
483	12.60183	3.0312899	1.0529	1.0471	6.346375	25.32161
484	12.60255	3.0309609	1.0529	1.0471	6.346416	25.31810
485	12.60363	3.0305710	1.0439	1.0381	6.346440	25.31378
486	12.60501	3.0300166	1.0347	1.0290	6.346491	25.30775
487	12.60663	3.0301140	1.0285	1.0229	6.346278	25.30756
488	12.60675	3.0305953	1.0378	1.0321	6.346089	25.31191
489	12.60639	3.0315214	1.0561	1.0503	6.345791	25.32068
490	12.60483	3.0347515	1.1140	1.1079	6.344786	25.35148
491	12.57702	3.0337034	1.1993	1.1927	6.348210	25.36047
492	12.49397	3.0310534	1.2908	1.2837	6.358278	25.39186
493	12.41582	3.0307191	1.4005	1.3928	6.366982	25.44147
494	12.35394	3.0306284	1.5194	1.5111	6.373822	25.48247
495	12.30773	3.0307507	1.6657	1.6566	6.378868	25.51491
496	12.27407	3.0307511	1.8212	1.8112	6.382581	25.53773
497	12.24949	3.0308611	1.9705	1.9597	6.385254	25.55543
498	12.23223	3.0307821	2.1351	2.1233	6.387190	25.56639
499	12.22040	3.0310625	2.3058	2.2931	6.388394	25.57701
500	12.21154	3.0312028	2.4856	2.4720	6.389323	25.58429
501	12.20566	3.0308373	2.6684	2.6538	6.390111	25.58484
502	12.20168	3.0318123	2.8606	2.8448	6.390191	25.59658
503	12.19847	3.0320988	3.0404	3.0236	6.390441	25.60138
504	12.19526	3.0327204	3.2201	3.2024	6.390567	25.60930
505	12.19205	3.0331898	3.4183	3.3995	6.390749	25.61580
506	12.18932	3.0329034	3.6468	3.6267	6.391161	25.61492
507	12.18641	3.0333606	3.8785	3.8571	6.391315	25.62109
508	12.18290	3.0345127	4.0980	4.0755	6.391276	25.63415
509	12.18005	3.0361831	4.3234	4.2996	6.390972	25.65160
510	12.17815	3.0381831	4.5459	4.5209	6.390440	25.67147
511	12.17869	3.0413366	4.7958	4.7694	6.389210	25.70043
512	12.18148	3.0436918	5.0426	5.0149	6.388028	25.72039
513	12.18356	3.0462064	5.2834	5.2543	6.386866	25.74234
514	12.18088	3.0482273	5.5334	5.5029	6.386411	25.76294
515	12.17025	3.0503709	5.7741	5.7423	6.386787	25.79017
516	12.15102	3.0521669	6.0210	5.9878	6.388241	25.82009
517	12.12124	3.0542751	6.2831	6.2485	6.390741	25.86023
518	12.09006	3.0550393	6.5178	6.4818	6.393897	25.88883
519	12.05205	3.0574051	6.7799	6.7426	6.397210	25.93720
520	12.00739	3.0597226	7.0328	6.9940	6.401276	25.98983
521	11.96220	3.0623651	7.2889	7.2487	6.405280	26.04599
522	11.91977	3.0652714	7.5418	7.5002	6.408879	26.10283
523	11.88252	3.0683134	7.7917	7.7488	6.411855	26.15743
524	11.84619	3.0703340	8.0447	8.0003	6.415115	26.20187
525	11.81707	3.0712038	8.3007	8.2549	6.418014	26.23046
526	11.79755	3.0725207	8.5597	8.5125	6.419681	26.25653
527	11.78280	3.0734763	8.8188	8.7702	6.420956	26.27586
528	11.77028	3.0747384	9.0748	9.0247	6.421866	26.29651
529	11.75965	3.0755288	9.3278	9.2763	6.422747	26.31140
530	11.74891	3.0770853	9.5868	9.5339	6.423350	26.33361
531	11.63649	3.0944153	9.8427	9.7884	6.429199	26.57753
532	11.32128	3.1075517	10.0958	10.0401	6.459158	26.93010
533	11.02585	3.1072103	10.3518	10.2947	6.492328	27.14326
534	10.87795	3.1086205	10.6138	10.5552	6.508399	27.26627
535	10.73376	3.1135568	10.8698	10.8098	6.522687	27.42163
536	10.60686	3.1157004	11.1349	11.0734	6.536173	27.53775
537	10.48793	3.1196922	11.3972	11.3342	6.548037	27.66660
538	10.35557	3.1240250	11.6531	11.5887	6.561307	27.80980
539	10.21442	3.1270099	11.9061	11.8403	6.576157	27.94736
540	10.05982	3.1308348	12.1590	12.0918	6.592234	28.10460
541	9.87840	3.1325640	12.4181	12.3495	6.612305	28.26306
542	9.72074	3.1338181	12.6924	12.6223	6.629915	28.39933
543	9.59987	3.1333628	12.9574	12.8858	6.644060	28.49019
544	9.50089	3.1298910	13.2226	13.1495	6.657001	28.53371
545	9.39814	3.1258474	13.4907	13.4162	6.670670	28.57461
546	9.28784	3.1238023	13.7652	13.6891	6.684402	28.64194
547	9.17006	3.1274650	14.0303	13.9527	6.696568	28.77364
548	9.06451	3.1291249	14.2924	14.2134	6.708199	28.87574
549	8.95547	3.1288239	14.5544	14.4739	6.721123	28.96112
550	8.84283	3.1274316	14.8165	14.7346	6.734991	29.03866
551	8.72708	3.1271616	15.0785	14.9951	6.748767	29.13067
552	8.62688	3.1273723	15.3469	15.2620	6.760526	29.21529
553	8.54835	3.1276383	15.6089	15.5225	6.769716	29.28289
554	8.47709	3.1269054	15.8801	15.7923	6.778509	29.33431
555	8.39978	3.1232759	16.1545	16.0651	6.789353	29.36084
556	8.30560	3.1203072	16.4318	16.3409	6.801941	29.40840
557	8.19254	3.1173767	16.7029	16.6105	6.816812	29.47236
558	8.06405	3.1146383	16.9803	16.8863	6.833500	29.55162
559	7.95401	3.1143009	17.2577	17.1622	6.846912	29.64095
560	7.86432	3.1108062	17.5533	17.4561	6.859374	29.68008
561	7.73678	3.1086174	17.8398	17.7410	6.875851	29.76544
562	7.60763	3.1091294	18.1140	18.0137	6.891306	29.88134
563	7.50540	3.1096903	18.4036	18.3017	6.903497	29.97520
564	7.43398	3.1096173	18.6808	18.5774	6.912254	30.03605
565	7.37599	3.1082154	18.9643	18.8592	6.920019	30.07119
566	7.32359	3.1071212	19.2477	19.1411	6.926965	30.10487
567	7.27136	3.1061625	19.5312	19.4230	6.933836	30.13992
568	7.21235	3.1058864	19.8114	19.7016	6.941219	30.18830
569	7.16053	3.1057948	20.1011	19.9897	6.947641	30.23251
570	7.11929	3.1058199	20.3784	20.2654	6.952709	30.26879
571	7.08866	3.1056788	20.6617	20.5472	6.956556	30.29403
572	7.06315	3.1051811	20.9362	20.8201	6.959948	30.31095
573	7.03839	3.1040747	21.2347	21.1170	6.963548	30.32064
574	7.00886	3.1022309	21.5182	21.3989	6.968100	30.32658
575	6.97603	3.1014385	21.8047	21.6838	6.972551	30.34680
576	6.94390	3.1007813	22.0850	21.9625	6.976854	30.36790
577	6.91828	3.1000504	22.3684	22.2443	6.980391	30.38248
578	6.89495	3.0993932	22.6732	22.5474	6.983610	30.39583
579	6.87221	3.0990802	22.9810	22.8535	6.986590	30.41242
580	6.85248	3.0990804	23.2644	23.1353	6.989043	30.42976
581	6.83995	3.0984847	23.5510	23.4203	6.990897	30.43426
582	6.82945	3.0985217	23.8374	23.7051	6.992188	30.44384
583	6.81791	3.0977601	24.1268	23.9929	6.994003	30.44566
584	6.80239	3.0978034	24.4134	24.2778	6.995915	30.45976
585	6.78476	3.0974965	24.6998	24.5627	6.998263	30.47194
586	6.76937	3.0975274	24.9802	24.8415	7.000168	30.48583
587	6.75351	3.0971468	25.2606	25.1203	7.002335	30.49566
588	6.73213	3.0965267	25.5501	25.4082	7.005308	30.50778
589	6.70653	3.0964042	25.8304	25.6869	7.008562	30.52911
590	6.67894	3.0959071	26.1169	25.9718	7.012253	30.54814
591	6.65003	3.0954407	26.3942	26.2475	7.016096	30.56872
592	6.61965	3.0948515	26.6898	26.5415	7.020187	30.58929
593	6.58507	3.0946984	26.9794	26.8294	7.024589	30.61841
594	6.54928	3.0946190	27.2629	27.1113	7.029107	30.64947
595	6.51368	3.0941467	27.5432	27.3901	7.033804	30.67611
596	6.47770	3.0937603	27.8358	27.6810	7.038509	30.70407
597	6.45072	3.0927660	28.1649	28.0082	7.042398	30.71727
598	6.43421	3.0938530	28.4269	28.2688	7.043925	30.74396
599	6.41879	3.0934295	28.6951	28.5355	7.046079	30.75308
600	6.40721	3.0930920	28.9724	28.8112	7.047707	30.75968
601	6.39989	3.0935036	29.2437	29.0810	7.048424	30.77069
602	6.39006	3.0935529	29.5180	29.3537	7.049639	30.77998
603	6.38356	3.0935899	29.7984	29.6326	7.050442	30.78613
604	6.38294	3.0922822	30.0696	29.9022	7.051187	30.77217
605	6.38310	3.0922086	30.3500	30.1811	7.051211	30.77109
606	6.37721	3.0925648	30.6091	30.4387	7.051775	30.78020
607	6.36984	3.0917301	30.8802	30.7083	7.053129	30.77755
608	6.36580	3.0907174	31.1636	30.9901	7.054156	30.76992
609	6.36032	3.0906868	31.4350	31.2599	7.054865	30.77440
610	6.35163	3.0901776	31.7091	31.5325	7.056223	30.77652
611	6.34196	3.0903926	31.9742	31.7961	7.057335	30.78750
612	6.33051	3.0901902	32.2608	32.0811	7.058884	30.79549
613	6.31400	3.0898713	32.5350	32.3537	7.061129	30.80678
614	6.29361	3.0898041	32.8123	32.6295	7.063735	30.82436
615	6.26782	3.0901604	33.0865	32.9021	7.066807	30.85153
616	6.24379	3.0904001	33.3640	33.1780	7.069720	30.87585
617	6.22364	3.0906029	33.6352	33.4477	7.072162	30.89627
618	6.20845	3.0912354	33.8973	33.7083	7.073760	30.91695
619	6.19891	3.0912171	34.1837	33.9931	7.074978	30.92529
620	6.19412	3.0913953	34.4672	34.2750	7.075497	30.93149
621	6.18597	3.0922856	34.7506	34.5568	7.076076	30.94863
622	6.17140	3.0928322	35.0218	34.8264	7.077641	30.96783
623	6.15536	3.0926237	35.3022	35.1053	7.079778	30.98002
624	6.14045	3.0926301	35.5855	35.3870	7.081663	30.99357
625	6.12920	3.0923601	35.8659	35.6658	7.083228	31.00071
626	6.12121	3.0919490	36.1433	35.9416	7.084454	31.00332
627	6.11608	3.0921885	36.4205	36.2173	7.084986	31.01054
628	6.10906	3.0923913	36.7040	36.4991	7.085775	31.01907
629	6.10087	3.0921950	36.9996	36.7931	7.086917	31.02423
630	6.09365	3.0922136	37.2740	37.0658	7.087826	31.03091
631	6.08664	3.0926005	37.5481	37.3385	7.088520	31.04150
632	6.08099	3.0927541	37.8376	37.6263	7.089160	31.04823
633	6.07698	3.0927174	38.1271	37.9141	7.089693	31.05136
634	6.07337	3.0924842	38.4259	38.2112	7.090275	31.05194
635	6.06992	3.0924782	38.7215	38.5052	7.090722	31.05490
636	6.06697	3.0929818	38.9958	38.7779	7.090841	31.06306
637	6.06311	3.0929389	39.2791	39.0596	7.091358	31.06599
638	6.06164	3.0930127	39.5626	39.3415	7.091512	31.06802
639	6.05945	3.0929821	39.8491	39.6263	7.091811	31.06955
640	6.05656	3.0932155	40.1295	39.9051	7.092063	31.07467
641	6.05524	3.0935902	40.4097	40.1838	7.092043	31.07991
642	6.05112	3.0948307	40.6872	40.4597	7.091930	31.09733
643	6.03980	3.0963171	40.9827	40.7536	7.092603	31.12411
644	6.02538	3.0970053	41.2753	41.0445	7.094077	31.14487
645	6.01163	3.0975953	41.5586	41.3262	7.095519	31.16394
646	5.99590	3.0979395	41.8422	41.6081	7.097336	31.18211
647	5.98206	3.0980381	42.1225	41.8868	7.099044	31.19582
648	5.97227	3.0982471	42.3998	42.1626	7.100180	31.20704
649	5.96609	3.0985975	42.6802	42.4413	7.100788	31.21651
650	5.95707	3.0991875	42.9545	42.7141	7.101630	31.23127
651	5.94536	3.0993351	43.2378	42.9958	7.103042	31.24359
652	5.93569	3.0993353	43.5305	43.2868	7.104274	31.25238
653	5.92779	3.0992433	43.8078	43.5625	7.105328	31.25852
654	5.91964	3.0991575	44.0882	43.8413	7.106412	31.26496
655	5.91164	3.0993358	44.3564	44.1080	7.107339	31.27422
656	5.90481	3.0994281	44.6277	44.3777	7.108163	31.28144
657	5.89838	3.0993914	44.9110	44.6595	7.109003	31.28684
658	5.89094	3.0994530	45.1823	44.9291	7.109920	31.29428
659	5.88330	3.0996866	45.4566	45.2019	7.110773	31.30384
660	5.87597	3.0997728	45.7309	45.4747	7.111664	31.31146
661	5.86970	3.0997791	46.0051	45.7473	7.112463	31.31721
662	5.86449	3.0998038	46.2885	46.0290	7.113117	31.32218
663	5.85923	3.1000129	46.5569	46.2959	7.113681	31.32926
664	5.85377	3.1001175	46.8371	46.5745	7.114325	31.33536
665	5.84897	3.1001914	47.1054	46.8413	7.114902	31.34051
666	5.84639	3.1001607	47.3827	47.1170	7.115251	31.34243
667	5.84361	3.1001301	47.6570	47.3897	7.115626	31.34453
668	5.83881	3.1002101	47.9252	47.6564	7.116199	31.34975
669	5.83487	3.1005421	48.1994	47.9290	7.116533	31.35699
670	5.83442	3.1006036	48.4707	48.1987	7.116564	31.35798
671	5.83553	3.1008618	48.7389	48.4654	7.116295	31.35971
672	5.83477	3.1015134	49.0163	48.7412	7.116057	31.36757
673	5.83275	3.1013660	49.2904	49.0138	7.116397	31.36766
674	5.82628	3.1022020	49.5556	49.2774	7.116787	31.38290
675	5.81269	3.1027800	49.8300	49.5502	7.118216	31.40186
676	5.79856	3.1031368	50.0891	49.8079	7.119830	31.41889
677	5.78568	3.1033829	50.3603	50.0775	7.121342	31.43350
678	5.77398	3.1037827	50.6437	50.3593	7.122626	31.44875
679	5.76273	3.1042563	50.9119	50.6260	7.123813	31.46441
680	5.75143	3.1047299	51.1830	50.8955	7.125006	31.48013
681	5.74240	3.1055294	51.4575	51.1684	7.125740	31.49740
682	5.73343	3.1058493	51.7164	51.4258	7.126719	31.50924
683	5.72426	3.1062615	51.9816	51.6895	7.127674	31.52232
684	5.71519	3.1072703	52.2650	51.9713	7.128304	31.54199
685	5.70340	3.1084576	52.5394	52.2441	7.129185	31.56623
686	5.68854	3.1100450	52.8014	52.5047	7.130245	31.59786
687	5.67289	3.1116697	53.0728	52.7745	7.131387	31.63069
688	5.65734	3.1128823	53.3288	53.0290	7.132731	31.65881
689	5.64068	3.1134672	53.6153	53.3138	7.134546	31.68092
690	5.62871	3.1137383	53.8835	53.5805	7.135930	31.69510
691	5.62253	3.1135907	54.1608	53.8562	7.136801	31.69913
692	5.61921	3.1137385	54.4259	54.1198	7.137151	31.70379
693	5.61625	3.1140772	54.6911	54.3835	7.137355	31.71027
694	5.61137	3.1147175	54.9440	54.6349	7.137643	31.72196
695	5.60383	3.1154256	55.2123	54.9017	7.138234	31.73692
696	5.59765	3.1164047	55.4653	55.1532	7.138509	31.75366
697	5.59172	3.1172053	55.7336	55.4199	7.138846	31.76816
698	5.58484	3.1177104	55.9834	55.6683	7.139460	31.78023
699	5.57927	3.1178276	56.2334	55.9169	7.140113	31.78670
700	5.57605	3.1180679	56.5047	56.1866	7.140400	31.79232
701	5.57314	3.1183020	56.7546	56.4350	7.140653	31.79759
702	5.57008	3.1182713	57.0227	56.7016	7.141065	31.80001
703	5.56701	3.1184192	57.2878	56.9652	7.141382	31.80445
704	5.56300	3.1187704	57.5561	57.2319	7.141713	31.81208
705	5.55833	3.1186597	57.8486	57.5228	7.142372	31.81510
706	5.55341	3.1186290	58.1293	57.8018	7.143020	31.81928
707	5.55040	3.1196085	58.3791	58.0501	7.142891	31.83306
708	5.54628	3.1200521	58.6503	58.3198	7.143186	31.84184
709	5.54001	3.1212104	58.9153	58.5833	7.143376	31.86074
710	5.53384	3.1223072	59.1624	58.8289	7.143586	31.87886
711	5.52857	3.1226832	59.4426	59.1076	7.144063	31.88797
712	5.52375	3.1231086	59.6896	59.3531	7.144455	31.89722
713	5.52079	3.1234045	59.9547	59.6167	7.144681	31.90325
714	5.51783	3.1236141	60.2382	59.8985	7.144952	31.90829
715	5.51528	3.1242798	60.4820	60.1409	7.144930	31.91812
716	5.51212	3.1246559	60.7411	60.3985	7.145139	31.92525
717	5.50826	3.1249518	61.0183	60.6741	7.145479	31.93213
718	5.50580	3.1253156	61.2653	60.9197	7.145604	31.93846
719	5.50394	3.1254575	61.5336	61.1865	7.145771	31.94170
720	5.50104	3.1256672	61.8080	61.4592	7.146035	31.94670
721	5.49773	3.1261111	62.0609	61.7106	7.146226	31.95475
722	5.49658	3.1266044	62.3200	61.9683	7.146117	31.96130
723	5.49537	3.1268511	62.5728	62.2197	7.146145	31.96511
724	5.49121	3.1270916	62.8349	62.4802	7.146552	31.97166
725	5.48600	3.1273569	63.0848	62.7286	7.147080	31.97950
726	5.48194	3.1279242	63.3379	62.9803	7.147300	31.98967
727	5.47923	3.1282511	63.5970	63.2379	7.147477	31.99582
728	5.47853	3.1283992	63.8560	63.4953	7.147493	31.99804
729	5.47783	3.1286089	64.1090	63.7469	7.147477	32.00096
730	5.47898	3.1286152	64.3712	64.0076	7.147333	31.99980
731	5.48009	3.1286954	64.6333	64.2682	7.147156	31.99953
732	5.48199	3.1287880	64.8803	64.5138	7.146871	31.99864
733	5.48314	3.1290224	65.1362	64.7682	7.146606	32.00007
734	5.48319	3.1290533	65.3770	65.0076	7.146588	32.00026
735	5.48334	3.1293555	65.6208	65.2500	7.146414	32.00342
736	5.48264	3.1291953	65.8830	65.5106	7.146595	32.00214
737	5.48159	3.1290227	66.1603	65.7863	7.146826	32.00106
738	5.48269	3.1289981	66.4225	66.0470	7.146705	31.99960
739	5.48374	3.1290228	66.6875	66.3104	7.146564	31.99875
740	5.48374	3.1290846	66.9589	66.5802	7.146538	31.99932
741	5.48304	3.1290230	67.2483	66.8680	7.146666	31.99915
742	5.48304	3.1293253	67.5379	67.1559	7.146512	32.00243
743	5.48319	3.1299791	67.7849	67.4014	7.146152	32.00956
744	5.48089	3.1299360	68.0501	67.6651	7.146474	32.01114
745	5.47858	3.1297696	68.3091	67.9226	7.146861	32.01133
746	5.47873	3.1299177	68.5714	68.1834	7.146769	32.01274
747	5.47923	3.1300904	68.8396	68.4500	7.146620	32.01408
748	5.47833	3.1302139	69.0864	68.6954	7.146675	32.01622
749	5.47638	3.1304545	69.3363	68.9438	7.146801	32.02068
750	5.47503	3.1307815	69.5923	69.1983	7.146805	32.02555
751	5.47407	3.1311578	69.8483	69.4529	7.146732	32.03060
752	5.47217	3.1314108	70.1166	69.7196	7.146846	32.03515
753	5.47007	3.1318242	70.3727	69.9742	7.146899	32.04171
754	5.46831	3.1324782	70.6195	70.2195	7.146780	32.05067
755	5.46651	3.1329225	70.8877	70.4862	7.146779	32.05729
756	5.46476	3.1332867	71.1500	70.7470	7.146815	32.06296
757	5.46280	3.1337619	71.3906	70.9861	7.146816	32.07009
758	5.46115	3.1340890	71.6437	71.2378	7.146858	32.07525
759	5.45930	3.1342742	71.8876	71.4802	7.147000	32.07900
760	5.45799	3.1347741	72.1405	71.7317	7.146906	32.08578
761	5.45644	3.1355826	72.3906	71.9802	7.146679	32.09631
762	5.45334	3.1365332	72.6313	72.2196	7.146573	32.10993
763	5.44933	3.1372617	72.8844	72.4712	7.146700	32.12189
764	5.44528	3.1378792	73.1221	72.7076	7.146892	32.13265
765	5.44012	3.1382929	73.3505	72.9346	7.147332	32.14217
766	5.43551	3.1389536	73.6036	73.1862	7.147571	32.15395
767	5.43161	3.1404172	73.8444	73.4256	7.147294	32.17417
768	5.42856	3.1417636	74.1035	73.6832	7.146970	32.19224
769	5.42575	3.1425975	74.3475	73.9257	7.146888	32.20427
770	5.42285	3.1433759	74.5912	74.1680	7.146847	32.21577
771	5.41840	3.1441730	74.8383	74.4136	7.146993	32.22896
772	5.41269	3.1448095	75.0851	74.6590	7.147383	32.24155
773	5.40594	3.1451124	75.3411	74.9135	7.148085	32.25135
774	5.39884	3.1452299	75.6002	75.1712	7.148929	32.25939
775	5.39179	3.1453784	75.8501	75.4196	7.149750	32.26773
776	5.38604	3.1459717	76.1214	75.6893	7.150170	32.27987
777	5.38079	3.1466084	76.3957	75.9619	7.150502	32.29202
778	5.37609	3.1469978	76.6519	76.2166	7.150897	32.30085
779	5.37214	3.1472390	76.8957	76.4590	7.151275	32.30727
780	5.36894	3.1473627	77.1609	76.7227	7.151621	32.31163
781	5.36674	3.1475977	77.4320	76.9922	7.151781	32.31629
782	5.36604	3.1481046	77.7095	77.2681	7.151605	32.32259
783	5.36529	3.1484941	77.9747	77.5317	7.151498	32.32761
784	5.36479	3.1487971	78.2490	77.8044	7.151406	32.33140
785	5.36479	3.1488837	78.5081	78.0619	7.151366	32.33225
786	5.36539	3.1489147	78.7613	78.3136	7.151279	32.33190
787	5.36634	3.1490631	79.0507	78.6014	7.151086	32.33253
788	5.36684	3.1491559	79.3220	78.8711	7.150980	32.33297
789	5.36684	3.1492611	79.5933	79.1407	7.150930	32.33403
790	5.36674	3.1495146	79.8645	79.4104	7.150813	32.33688
791	5.36699	3.1497249	80.1115	79.6560	7.150675	32.33890
792	5.36754	3.1497868	80.3857	79.9285	7.150579	32.33894
793	5.36799	3.1499291	80.6662	80.2074	7.150452	32.33999
794	5.36784	3.1499415	80.9375	80.4771	7.150471	32.34014
795	5.36689	3.1498303	81.2392	80.7770	7.150657	32.33964
796	5.36684	3.1499355	81.4984	81.0347	7.150614	32.34076
797	5.36714	3.1500840	81.7877	81.3223	7.150503	32.34201
798	5.36724	3.1501459	82.0652	81.5982	7.150464	32.34249
799	5.36749	3.1504427	82.3518	81.8830	7.150280	32.34548
800	5.36749	3.1507210	82.6229	82.1525	7.150138	32.34851
801	5.36709	3.1508324	82.9249	82.4528	7.150136	32.35001
802	5.36584	3.1509253	83.2053	82.7315	7.150251	32.35213
803	5.36604	3.1514942	83.4918	83.0164	7.149929	32.35827
804	5.36744	3.1527868	83.7813	83.3041	7.149068	32.37147
805	5.36914	3.1538630	84.0526	83.5738	7.148284	32.38193
806	5.37169	3.1551868	84.3300	83.8496	7.147261	32.39438
807	5.37454	3.1556942	84.6074	84.1254	7.146636	32.39725
808	5.37649	3.1561149	84.8755	84.3918	7.146171	32.40002
809	5.37709	3.1562078	85.1440	84.6588	7.146052	32.40036
810	5.37704	3.1562698	85.4183	84.9315	7.146031	32.40098
811	5.37774	3.1563874	85.6924	85.2040	7.145886	32.40151
812	5.37814	3.1569877	85.9822	85.4920	7.145522	32.40780
813	5.37909	3.1581635	86.3143	85.8222	7.144782	32.42008
814	5.38074	3.1587391	86.5917	86.0979	7.144273	32.42489
815	5.38069	3.1589744	86.8659	86.3705	7.144160	32.42748
816	5.38029	3.1590054	87.1190	86.6221	7.144200	32.42810
817	5.38119	3.1590612	87.4146	86.9159	7.144063	32.42771
818	5.38289	3.1592160	87.6799	87.1797	7.143772	32.42770
819	5.38394	3.1593646	87.9633	87.4614	7.143566	32.42823
820	5.38409	3.1594080	88.2224	87.7190	7.143530	32.42845
821	5.38429	3.1594885	88.4967	87.9917	7.143468	32.42904
822	5.38444	3.1594886	88.7712	88.2645	7.143455	32.42876
823	5.38419	3.1595444	89.0484	88.5401	7.143464	32.42950
824	5.38464	3.1597859	89.3259	88.8160	7.143284	32.43167
825	5.38554	3.1600893	89.6001	89.0885	7.143015	32.43411
826	5.38574	3.1602627	89.8685	89.3553	7.142904	32.43576
827	5.38449	3.1602999	90.1398	89.6250	7.143048	32.43726
828	5.38374	3.1603557	90.4110	89.8946	7.143120	32.43848
829	5.38349	3.1605477	90.6822	90.1642	7.143055	32.44077
830	5.38304	3.1605664	90.9809	90.4612	7.143109	32.44127
831	5.38429	3.1608079	91.2460	90.7246	7.142828	32.44268
832	5.38579	3.1609627	91.5053	90.9825	7.142562	32.44286
833	5.38674	3.1611113	91.7918	91.2672	7.142369	32.44349
834	5.38664	3.1611114	92.0539	91.5278	7.142388	32.44346
835	5.38614	3.1611115	92.3161	91.7884	7.142457	32.44381
836	5.38649	3.1612044	92.5843	92.0550	7.142369	32.44440
837	5.38674	3.1612045	92.8680	92.3370	7.142344	32.44402
838	5.38689	3.1612479	93.1452	92.6125	7.142309	32.44423
839	5.38704	3.1613223	93.4135	92.8793	7.142256	32.44479
840	5.38744	3.1615329	93.6818	93.1460	7.142100	32.44667
841	5.38784	3.1616815	93.9559	93.4185	7.141976	32.44784
842	5.38794	3.1618054	94.2151	93.6761	7.141903	32.44902
843	5.38779	3.1617746	94.5016	93.9610	7.141946	32.44867
844	5.38754	3.1617870	94.7697	94.2275	7.141977	32.44892
845	5.38784	3.1617747	95.0473	94.5034	7.141952	32.44836
846	5.38804	3.1618367	95.2912	94.7458	7.141899	32.44875
847	5.38754	3.1619235	95.5806	95.0335	7.141923	32.45007
848	5.38764	3.1621403	95.8522	95.3034	7.141801	32.45231
849	5.38784	3.1622580	96.1506	95.6001	7.141720	32.45330
850	5.38819	3.1623757	96.4190	95.8669	7.141619	32.45417
851	5.38844	3.1625863	96.6781	96.1245	7.141481	32.45619
852	5.38894	3.1628279	96.9403	96.3851	7.141295	32.45833
853	5.38874	3.1627970	97.2207	96.6638	7.141343	32.45803
854	5.38859	3.1630634	97.4888	96.9303	7.141227	32.46107
855	5.38954	3.1638561	97.7419	97.1820	7.140690	32.46903
856	5.39044	3.1643020	98.0284	97.4668	7.140345	32.47309
857	5.39159	3.1645746	98.2846	97.7214	7.140060	32.47495
858	5.39324	3.1647852	98.5345	97.9698	7.139745	32.47562
859	5.39424	3.1649959	98.7691	98.2030	7.139512	32.47693
860	5.39464	3.1651817	98.9948	98.4274	7.139368	32.47854
861	5.39424	3.1653862	99.2082	98.6395	7.139314	32.48115
862	5.39394	3.1656031	99.3789	98.8092	7.139241	32.48382
863	5.39414	3.1666561	99.4765	98.9062	7.138656	32.49554
864	5.39479	3.1670155	99.4767	98.9064	7.138383	32.49900
865	5.40009	3.1671703	99.4222	98.8522	7.137630	32.49565
866	5.40744	3.1674428	99.3977	98.8279	7.136556	32.49164
867	5.41194	3.1675790	99.3706	98.8009	7.135914	32.48884
868	5.41419	3.1679507	99.3524	98.7829	7.135432	32.49089
869	5.41525	3.1680437	99.3282	98.7588	7.135249	32.49094
870	5.41454	3.1678020	99.3132	98.7438	7.135466	32.48888
871	5.41184	3.1679817	99.3011	98.7318	7.135711	32.49354
872	5.41019	3.1682544	99.2707	98.7016	7.135773	32.49825
873	5.41094	3.1684712	99.2434	98.6745	7.135563	32.50000
874	5.41029	3.1683473	99.2224	98.6536	7.135710	32.49924
875	5.40824	3.1682667	99.1982	98.6295	7.136011	32.50032
876	5.40634	3.1683783	99.1769	98.6084	7.136191	32.50344
877	5.40504	3.1684031	99.1680	98.5996	7.136342	32.50498
878	5.40404	3.1690971	99.1529	98.5845	7.136098	32.51385
879	5.40464	3.1700080	99.1167	98.5485	7.135537	32.52363
880	5.40709	3.1699708	99.1045	98.5364	7.135247	32.52084
881	5.40829	3.1696423	99.0773	98.5093	7.135270	32.51596
882	5.40819	3.1698531	99.0682	98.5003	7.135170	32.51845
883	5.40804	3.1698840	99.0441	98.4763	7.135172	32.51896
884	5.40789	3.1701257	99.0257	98.4580	7.135062	32.52186
885	5.40774	3.1706711	99.0140	98.4464	7.134790	32.52821
886	5.40874	3.1705533	98.9897	98.4223	7.134726	32.52591
887	5.40979	3.1700327	98.9715	98.4041	7.134870	32.51899
888	5.40934	3.1698530	98.9625	98.3953	7.135022	32.51739
889	5.40884	3.1698840	98.9413	98.3741	7.135069	32.51824
890	5.40874	3.1699460	98.9325	98.3654	7.135048	32.51904
891	5.40894	3.1700637	98.9143	98.3474	7.134960	32.52020
892	5.40939	3.1701567	98.8961	98.3293	7.134853	32.52082
893	5.40994	3.1702744	98.8809	98.3141	7.134721	32.52164
894	5.41059	3.1702372	98.8691	98.3024	7.134658	32.52059
895	5.41069	3.1700079	98.8569	98.2903	7.134767	32.51789
896	5.41044	3.1699149	98.8419	98.2754	7.134848	32.51709
897	5.41044	3.1701256	98.8298	98.2633	7.134735	32.51949
898	5.41124	3.1704913	98.8177	98.2513	7.134440	32.52287
899	5.41314	3.1705780	98.7996	98.2333	7.134153	32.52202
900	5.41504	3.1705780	98.7815	98.2153	7.133913	32.52019
901	5.41630	3.1707577	98.7695	98.2034	7.133659	32.52102
902	5.41670	3.1709437	98.7513	98.1853	7.133509	32.52276
903	5.41725	3.1710614	98.7394	98.1734	7.133377	32.52357
904	5.41790	3.1713589	98.7272	98.1614	7.133136	32.52632
905	5.41895	3.1717246	98.7032	98.1374	7.132809	32.52947
906	5.42040	3.1720283	98.6881	98.1225	7.132464	32.53152
907	5.42210	3.1722701	98.6759	98.1103	7.132121	32.53262
908	5.42395	3.1720593	98.6579	98.0925	7.131999	32.52844
909	5.42500	3.1716068	98.6427	98.0774	7.132107	32.52229
910	5.42440	3.1715448	98.6397	98.0744	7.132215	32.52217
911	5.42390	3.1719663	98.6280	98.0627	7.132054	32.52745
912	5.42490	3.1719353	98.6097	98.0445	7.131944	32.52614
913	5.42650	3.1716749	98.6038	98.0387	7.131880	32.52163
914	5.42640	3.1720282	98.5949	98.0298	7.131705	32.52574
915	5.42600	3.1731441	98.5584	97.9935	7.131161	32.53882
916	5.43011	3.1733858	98.4855	97.9211	7.130514	32.53763
917	5.45234	3.1741420	98.3881	97.8243	7.127310	32.52472
918	5.47227	3.1746564	98.2726	97.7094	7.124524	32.51131
919	5.48445	3.1748361	98.1355	97.5731	7.122894	32.50164
920	5.49352	3.1747801	97.9892	97.4278	7.121779	32.49230
921	5.50018	3.1747490	97.8343	97.2737	7.120953	32.48558
922	5.50389	3.1742963	97.6577	97.0982	7.120722	32.47695
923	5.50510	3.1733786	97.4689	96.9105	7.121052	32.46548
924	5.50836	3.1729011	97.2802	96.7230	7.120891	32.45702
925	5.50911	3.1723307	97.0671	96.5111	7.121093	32.44993
926	5.50349	3.1716054	96.8419	96.2873	7.122179	32.44725
927	5.49693	3.1712397	96.6074	96.0541	7.123194	32.44956
928	5.48901	3.1711281	96.3698	95.8180	7.124244	32.45606
929	5.48269	3.1711529	96.1385	95.5881	7.125021	32.46256
930	5.47773	3.1708802	95.8917	95.3427	7.125785	32.46438
931	5.47257	3.1702480	95.6391	95.0917	7.126764	32.46232
932	5.47002	3.1698823	95.3559	94.8102	7.127274	32.46079
933	5.47262	3.1698388	95.0666	94.5226	7.126962	32.45792
934	5.46911	3.1698201	94.7834	94.2411	7.127407	32.46123
935	5.46365	3.1697891	94.4941	93.9535	7.128105	32.46630
936	5.46045	3.1698510	94.2048	93.6659	7.128469	32.47025
937	5.45754	3.1699749	93.9308	93.3935	7.128763	32.47460
938	5.45534	3.1700306	93.6598	93.1241	7.129005	32.47749
939	5.45349	3.1701855	93.4042	92.8700	7.129151	32.48117
940	5.45339	3.1699747	93.1421	92.6096	7.129269	32.47900
941	5.45704	3.1698197	92.8772	92.3462	7.128885	32.47384
942	5.46045	3.1699745	92.6247	92.0952	7.128367	32.47243
943	5.46195	3.1699434	92.3780	91.8499	7.128189	32.47074
944	5.46370	3.1698380	92.1371	91.6105	7.128018	32.46797
945	5.46561	3.1695218	91.8968	91.3716	7.127941	32.46266
946	5.46751	3.1693358	91.6531	91.1294	7.127794	32.45883
947	5.46701	3.1692800	91.4097	90.8874	7.127881	32.45880
948	5.46571	3.1692490	91.1782	90.6573	7.128056	32.45982
949	5.46611	3.1693108	90.9346	90.4152	7.127967	32.46026
950	5.46656	3.1692178	90.6972	90.1791	7.127954	32.45888
951	5.46481	3.1690938	90.4627	89.9461	7.128236	32.45929
952	5.46250	3.1690070	90.2313	89.7160	7.128567	32.46065
953	5.45890	3.1688273	89.9938	89.4799	7.129111	32.46221
954	5.45544	3.1687343	89.7593	89.2468	7.129591	32.46461
955	5.45254	3.1684306	89.5249	89.0138	7.130113	32.46409
956	5.45098	3.1682199	89.2905	88.7808	7.130415	32.46331
957	5.45359	3.1681888	89.0591	88.5507	7.130098	32.46056
958	5.45514	3.1680710	88.8306	88.3235	7.129960	32.45783
959	5.45409	3.1679780	88.6053	88.0996	7.130136	32.45791
960	5.45208	3.1678603	88.3769	87.8726	7.130446	32.45862
961	5.44963	3.1677983	88.1546	87.6516	7.130783	32.46040
962	5.44668	3.1674513	87.9202	87.4186	7.131335	32.45943
963	5.44588	3.1673087	87.7071	87.2068	7.131507	32.45869
964	5.44693	3.1672529	87.4665	86.9675	7.131398	32.45716
965	5.44563	3.1672281	87.2504	86.7527	7.131571	32.45824
966	5.44357	3.1671351	87.0219	86.5256	7.131874	32.45929
967	5.44187	3.1671041	86.8120	86.3170	7.132100	32.46068
968	5.44107	3.1669243	86.5866	86.0929	7.132291	32.45953
969	5.44207	3.1668995	86.3645	85.8721	7.132173	32.45839
970	5.44372	3.1669551	86.1299	85.6389	7.131930	32.45754
971	5.44392	3.1670108	85.9199	85.4301	7.131870	32.45808
972	5.44232	3.1670108	85.7097	85.2212	7.132067	32.45973
973	5.44162	3.1670727	85.5117	85.0243	7.132118	32.46121
974	5.44117	3.1670107	85.2894	84.8034	7.132203	32.46105
975	5.44112	3.1669239	85.0916	84.6067	7.132251	32.46021
976	5.44182	3.1670105	84.8816	84.3979	7.132112	32.46062
977	5.44422	3.1670724	84.6746	84.1922	7.131771	32.45910
978	5.44678	3.1671343	84.4644	83.9832	7.131411	32.45744
979	5.44848	3.1669236	84.2545	83.7745	7.131303	32.45351
980	5.44813	3.1667129	84.0382	83.5595	7.131455	32.45156
981	5.44768	3.1666508	83.8038	83.3265	7.131539	32.45141
982	5.45133	3.1677659	83.5813	83.1053	7.130480	32.46064
983	5.45314	3.1685837	83.3712	82.8964	7.129814	32.46828
984	5.45384	3.1675117	83.1582	82.6847	7.130290	32.45554
985	5.45534	3.1675240	82.9420	82.4698	7.130089	32.45434
986	5.45674	3.1675549	82.7320	82.2610	7.129891	32.45344
987	5.45839	3.1674371	82.5097	82.0400	7.129740	32.45061
988	5.46215	3.1672264	82.2874	81.8190	7.129373	32.44470
989	5.46521	3.1666501	82.0650	81.5980	7.129289	32.43532
990	5.46526	3.1665633	81.8367	81.3710	7.129323	32.43440
991	5.46476	3.1666500	81.6083	81.1439	7.129335	32.43598
992	5.46195	3.1665570	81.3738	80.9108	7.129733	32.43775
993	5.45995	3.1665012	81.1484	80.6868	7.130010	32.43917
994	5.45900	3.1665879	80.9200	80.4597	7.130078	32.44118
995	5.45474	3.1665012	80.6825	80.2235	7.130656	32.44443
996	5.45339	3.1665569	80.4510	79.9934	7.130791	32.44648
997	5.45379	3.1666187	80.2257	79.7695	7.130703	32.44691
998	5.45274	3.1667735	79.9945	79.5396	7.130748	32.44979
999	5.45314	3.1666186	79.7569	79.3034	7.130774	32.44776
1000	5.45529	3.1664698	79.5224	79.0703	7.130576	32.44411
1001	5.45664	3.1664512	79.2878	78.8371	7.130410	32.44271
1002	5.45779	3.1665006	79.0503	78.6010	7.130233	32.44227
1003	5.45885	3.1668598	78.8159	78.3680	7.129904	32.44545
1004	5.46035	3.1667111	78.5783	78.1317	7.129789	32.44243
1005	5.46015	3.1667420	78.3379	77.8928	7.129792	32.44309
1006	5.46025	3.1667109	78.1034	77.6596	7.129790	32.44275
1007	5.46175	3.1665002	77.8658	77.4234	7.129707	32.43903
1008	5.46350	3.1665001	77.6252	77.1842	7.129481	32.43745
1009	5.46576	3.1665558	77.3908	76.9512	7.129162	32.43602
1010	5.46886	3.1666486	77.1441	76.7060	7.128715	32.43420
1011	5.46806	3.1667105	76.9035	76.4668	7.128778	32.43579
1012	5.46516	3.1666795	76.6721	76.2367	7.129155	32.43836
1013	5.46290	3.1667724	76.4375	76.0035	7.129385	32.44171
1014	5.46170	3.1669210	76.1971	75.7645	7.129452	32.44467
1015	5.46040	3.1674971	75.9473	75.5161	7.129304	32.45259
1016	5.45900	3.1673421	75.6916	75.2620	7.129557	32.45232
1017	5.45819	3.1669084	75.4479	75.0197	7.129883	32.44829
1018	5.45850	3.1667411	75.2104	74.7836	7.129928	32.44622
1019	5.45930	3.1665613	74.9699	74.5445	7.129917	32.44352
1020	5.46055	3.1664559	74.7230	74.2991	7.129810	32.44124
1021	5.46345	3.1663753	74.4734	74.0509	7.129481	32.43764
1022	5.46656	3.1663194	74.1962	73.7753	7.129112	32.43414
1023	5.46751	3.1668583	73.9495	73.5301	7.128701	32.43946
1024	5.46581	3.1668892	73.6999	73.2819	7.128893	32.44158
1025	5.46415	3.1665298	73.4471	73.0306	7.129286	32.43922
1026	5.46451	3.1664678	73.1912	72.7762	7.129269	32.43831
1027	5.46461	3.1664987	72.9413	72.5277	7.129234	32.43868
1028	5.46446	3.1664057	72.6856	72.2736	7.129297	32.43790
1029	5.46340	3.1663189	72.4421	72.0315	7.129470	32.43805
1030	5.46275	3.1663189	72.1893	71.7801	7.129546	32.43880
1031	5.46295	3.1662568	71.9395	71.5318	7.129548	32.43803
1032	5.46195	3.1662258	71.6960	71.2897	7.129685	32.43877
1033	5.46140	3.1661947	71.4430	71.0382	7.129765	32.43907
1034	5.46165	3.1661018	71.1934	70.7900	7.129777	32.43790
1035	5.46125	3.1659840	70.9253	70.5236	7.129884	32.43708
1036	5.46270	3.1659839	70.6695	70.2693	7.129695	32.43580
1037	5.46466	3.1660457	70.4198	70.0210	7.129410	32.43474
1038	5.46390	3.1660766	70.1701	69.7727	7.129483	32.43594
1039	5.46175	3.1660766	69.9143	69.5185	7.129749	32.43815
1040	5.46050	3.1663181	69.6676	69.2732	7.129773	32.44222
1041	5.46040	3.1663924	69.4210	69.0280	7.129740	32.44328
1042	5.46035	3.1662746	69.1681	68.7766	7.129803	32.44212
1043	5.46040	3.1661630	68.9124	68.5224	7.129850	32.44093
1044	5.46095	3.1662868	68.6564	68.2679	7.129709	32.44193
1045	5.46155	3.1664044	68.4098	68.0227	7.129565	32.44280
1046	5.46225	3.1661999	68.1570	67.7713	7.129579	32.43993
1047	5.46290	3.1659830	67.9044	67.5202	7.129607	32.43696
1048	5.46380	3.1658343	67.6514	67.2687	7.129566	32.43453
1049	5.46446	3.1658032	67.3956	67.0144	7.129495	32.43367
1050	5.46616	3.1657722	67.1456	66.7659	7.129291	32.43180
1051	5.46506	3.1658031	66.8963	66.5180	7.129407	32.43334
1052	5.46295	3.1658898	66.6435	66.2667	7.129621	32.43648
1053	5.46200	3.1660445	66.3906	66.0153	7.129653	32.43928
1054	5.46120	3.1659516	66.1378	65.7639	7.129797	32.43912
1055	5.46010	3.1661311	65.8820	65.5097	7.129835	32.44235
1056	5.45995	3.1660443	65.6261	65.2552	7.129894	32.44164
1057	5.46015	3.1660133	65.3734	65.0039	7.129879	32.44122
1058	5.46055	3.1660751	65.1174	64.7495	7.129790	32.44166
1059	5.46130	3.1660131	64.8618	64.4953	7.129722	32.44035
1060	5.46230	3.1657405	64.5877	64.2229	7.129735	32.43643
1061	5.46385	3.1655298	64.3257	63.9623	7.129645	32.43267
1062	5.46631	3.1655792	64.0608	63.6990	7.129303	32.43099
1063	5.46616	3.1654986	63.7957	63.4355	7.129358	32.43035
1064	5.46666	3.1654366	63.5306	63.1719	7.129322	32.42929
1065	5.46596	3.1654118	63.2810	62.9237	7.129418	32.42981
1066	5.46330	3.1653188	63.0220	62.6662	7.129796	32.43145
1067	5.46060	3.1651082	62.7721	62.4178	7.130243	32.43180
1068	5.45860	3.1648356	62.5135	62.1607	7.130635	32.43077
1069	5.45910	3.1646249	62.2577	61.9064	7.130677	32.42802
1070	5.45865	3.1648045	61.9988	61.6489	7.130633	32.43062
1071	5.45729	3.1647425	61.7460	61.3976	7.130831	32.43135
1072	5.45524	3.1646867	61.4841	61.1373	7.131113	32.43283
1073	5.45399	3.1646556	61.2313	60.8859	7.131282	32.43381
1074	5.45269	3.1646246	60.9694	60.6255	7.131456	32.43484
1075	5.45128	3.1645316	60.7227	60.3802	7.131677	32.43527
1076	5.44983	3.1644758	60.4638	60.1228	7.131884	32.43616
1077	5.44913	3.1643829	60.2048	59.8654	7.132016	32.43591
1078	5.44938	3.1642899	59.9460	59.6080	7.132027	32.43474
1079	5.45058	3.1642341	59.6932	59.3567	7.131900	32.43307
1080	5.45118	3.1642278	59.4312	59.0962	7.131821	32.43255
1081	5.45028	3.1640791	59.1814	58.8478	7.132008	32.43186
1082	5.44913	3.1640542	58.9286	58.5965	7.132161	32.43281
1083	5.44863	3.1640232	58.6668	58.3362	7.132234	32.43307
1084	5.44738	3.1642647	58.4046	58.0756	7.132258	32.43715
1085	5.44563	3.1649273	58.1488	57.8212	7.132121	32.44650
1086	5.44538	3.1651812	57.8930	57.5669	7.132012	32.44975
1087	5.44543	3.1653050	57.6249	57.3004	7.131933	32.45124
1088	5.44548	3.1653854	57.3692	57.0461	7.131878	32.45223
1089	5.44573	3.1654101	57.1071	56.7855	7.131827	32.45240
1090	5.44668	3.1653481	56.8482	56.5281	7.131734	32.45090
1091	5.44933	3.1652860	56.5832	56.2647	7.131427	32.44776
1092	5.45299	3.1652859	56.3151	55.9981	7.130959	32.44436
1093	5.45714	3.1651929	56.0624	55.7468	7.130479	32.43941
1094	5.46130	3.1652857	55.8004	55.4864	7.129899	32.43657
1095	5.46305	3.1651927	55.5507	55.2381	7.129722	32.43395
1096	5.46390	3.1651926	55.2887	54.9776	7.129609	32.43325
1097	5.46451	3.1653164	55.0298	54.7202	7.129461	32.43421
1098	5.46466	3.1652234	54.7679	54.4598	7.129485	32.43313
1099	5.46400	3.1653843	54.5060	54.1995	7.129476	32.43572
1100	5.46360	3.1651365	54.2533	53.9481	7.129652	32.43342
1101	5.46466	3.1641393	53.9913	53.6877	7.130043	32.42122
1102	5.46776	3.1637490	53.7294	53.4273	7.129853	32.41392
1103	5.47127	3.1634455	53.4704	53.1697	7.129566	32.40722
1104	5.47488	3.1632658	53.2085	52.9094	7.129200	32.40183
1105	5.47903	3.1640769	52.9587	52.6610	7.128240	32.40714
1106	5.48089	3.1648014	52.7000	52.4038	7.127616	32.41369
1107	5.48064	3.1648013	52.4470	52.1522	7.127641	32.41406
1108	5.48024	3.1644297	52.1759	51.8827	7.127883	32.41036
1109	5.47908	3.1635378	51.9108	51.6192	7.128495	32.40149
1110	5.47813	3.1627513	51.6582	51.3680	7.129027	32.39362
1111	5.47808	3.1627513	51.3994	51.1106	7.129027	32.39379
1112	5.47843	3.1635748	51.1433	50.8560	7.128540	32.40292
1113	5.47853	3.1645408	50.8875	50.6017	7.128009	32.41390
1114	5.47748	3.1646955	50.6316	50.3473	7.128053	32.41680
1115	5.47683	3.1647698	50.3756	50.0928	7.128090	32.41840
1116	5.47648	3.1646211	50.1289	49.8474	7.128208	32.41717
1117	5.47643	3.1638964	49.8731	49.5931	7.128593	32.40913
1118	5.47613	3.1605281	49.6203	49.3418	7.130412	32.37134
1119	5.47613	3.1569199	49.3673	49.0903	7.132322	32.33055
1120	5.48284	3.1552060	49.1147	48.8390	7.132378	32.30479
1121	5.49457	3.1587203	48.8649	48.5907	7.129027	32.33345
1122	5.50389	3.1610661	48.6059	48.3332	7.126602	32.35118
1123	5.51297	3.1626633	48.3500	48.0787	7.124606	32.36067
1124	5.51217	3.1640751	48.0941	47.8243	7.123953	32.37756
1125	5.50354	3.1634125	47.8385	47.5702	7.125385	32.37849
1126	5.49532	3.1600135	47.5884	47.3216	7.128217	32.34801
1127	5.48916	3.1571295	47.3205	47.0551	7.130518	32.32139
1128	5.48575	3.1540609	47.0676	46.8037	7.132571	32.29002
1129	5.49703	3.1531639	46.8149	46.5525	7.131616	32.26914
1130	5.52491	3.1557739	46.5589	46.2979	7.126708	32.27204
1131	5.53986	3.1597403	46.2942	46.0347	7.122717	32.30271
1132	5.54588	3.1632939	46.0381	45.7801	7.120074	32.33726
1133	5.53298	3.1641671	45.7854	45.5289	7.121230	32.35968
1134	5.51422	3.1638390	45.5294	45.2743	7.123760	32.37417
1135	5.49883	3.1635666	45.2675	45.0139	7.125838	32.38605
1136	5.48846	3.1633870	45.0145	44.7624	7.127235	32.39414
1137	5.48159	3.1632012	44.7617	44.5110	7.128193	32.39879
1138	5.47643	3.1630216	44.5060	44.2567	7.128933	32.40186
1139	5.47287	3.1630464	44.2653	44.0174	7.129363	32.40569
1140	5.47022	3.1624829	44.0064	43.7599	7.129991	32.40199
1141	5.46846	3.1623280	43.7566	43.5116	7.130288	32.40205
1142	5.46786	3.1625137	43.5005	43.2570	7.130260	32.40486
1143	5.46716	3.1626003	43.2387	42.9967	7.130296	32.40665
1144	5.46526	3.1626002	42.9889	42.7483	7.130530	32.40861
1145	5.46345	3.1625383	42.7331	42.4940	7.130785	32.40977
1146	5.46190	3.1623896	42.4712	42.2335	7.131054	32.40972
1147	5.46090	3.1623276	42.2122	41.9760	7.131207	32.41011
1148	5.46045	3.1621170	41.9623	41.7275	7.131370	32.40828
1149	5.45985	3.1617888	41.7065	41.4732	7.131614	32.40526
1150	5.45970	3.1616649	41.4506	41.2187	7.131693	32.40412
1151	5.45960	3.1616339	41.2068	40.9764	7.131717	32.40399
1152	5.45850	3.1617267	40.9388	40.7098	7.131800	32.40624
1153	5.45684	3.1616338	40.6768	40.4494	7.132052	32.40691
1154	5.45544	3.1614232	40.4241	40.1981	7.132335	32.40600
1155	5.45389	3.1614355	40.1499	39.9254	7.132518	32.40777
1156	5.45304	3.1614231	39.8818	39.6589	7.132626	32.40859
1157	5.45264	3.1615468	39.6167	39.3953	7.132604	32.41051
1158	5.45073	3.1616087	39.3578	39.1378	7.132806	32.41318
1159	5.45048	3.1615776	39.0957	38.8773	7.132848	32.41320
1160	5.45208	3.1613980	38.8430	38.6260	7.132735	32.40973
1161	5.45229	3.1612122	38.5871	38.3716	7.132803	32.40756
1162	5.45173	3.1612431	38.3280	38.1139	7.132850	32.40857
1163	5.45133	3.1611687	38.0693	37.8567	7.132934	32.40824
1164	5.45068	3.1611872	37.8103	37.5992	7.133000	32.40921
1165	5.44903	3.1612119	37.5545	37.3448	7.133190	32.41121
1166	5.44738	3.1611871	37.2956	37.0874	7.133405	32.41265
1167	5.44598	3.1610632	37.0335	36.8267	7.133642	32.41273
1168	5.44497	3.1606731	36.7776	36.5723	7.133970	32.40940
1169	5.44492	3.1606112	36.5186	36.3148	7.134003	32.40887
1170	5.44563	3.1606606	36.2658	36.0634	7.133883	32.40888
1171	5.44643	3.1607657	36.0039	35.8030	7.133720	32.40943
1172	5.44648	3.1604933	35.7297	35.5304	7.133852	32.40642
1173	5.44633	3.1602518	35.4706	35.2727	7.133993	32.40395
1174	5.44788	3.1603136	35.2057	35.0094	7.133758	32.40329
1175	5.44773	3.1608830	34.9527	34.7578	7.133469	32.41002
1176	5.44803	3.1613349	34.6970	34.5035	7.133184	32.41499
1177	5.44883	3.1610314	34.4501	34.2580	7.133239	32.41089
1178	5.45008	3.1611552	34.1913	34.0006	7.133009	32.41121
1179	5.45269	3.1613408	33.9322	33.7430	7.132576	32.41093
1180	5.45609	3.1611673	33.6764	33.4886	7.132233	32.40580
1181	5.46025	3.1611239	33.4143	33.2281	7.131725	32.40142
1182	5.46350	3.1615447	33.1646	32.9798	7.131085	32.40318
1183	5.46375	3.1613651	32.9116	32.7282	7.131143	32.40102
1184	5.46696	3.1615446	32.6652	32.4832	7.130638	32.40009
1185	5.50530	3.1613645	32.4090	32.2284	7.125893	32.36120
1186	5.56430	3.1614815	32.1593	31.9802	7.118394	32.30586
1187	5.60313	3.1616915	31.9004	31.7227	7.113392	32.27108
1188	5.61524	3.1616046	31.6414	31.4651	7.111909	32.25861
1189	5.63570	3.1592830	31.3854	31.2106	7.110552	32.21292
1190	5.68416	3.1531573	31.1388	30.9654	7.107672	32.09768
1191	5.73373	3.1493786	30.8798	30.7079	7.103412	32.00811
1192	5.76873	3.1476104	30.6240	30.4535	7.099930	31.95517
1193	5.78700	3.1458735	30.3621	30.1931	7.098535	31.91849
1194	5.80669	3.1426112	30.1092	29.9417	7.097756	31.86339
1195	5.83340	3.1399491	29.8623	29.6961	7.095778	31.80845
1196	5.85524	3.1369977	29.6093	29.4446	7.094562	31.75496
1197	5.87273	3.1369666	29.3596	29.1962	7.092373	31.73829
1198	5.87996	3.1398002	29.0977	28.9358	7.089985	31.76335
1199	5.87860	3.1351456	28.8449	28.6844	7.092570	31.71265
1200	5.88300	3.1265719	28.5889	28.4299	7.096465	31.61270
1201	5.90865	3.1136909	28.3300	28.1724	7.099912	31.44489
1202	5.95884	3.1076112	28.0620	27.9059	7.096718	31.33059
1203	6.01366	3.1044621	27.8090	27.6544	7.091417	31.24497
1204	6.06164	3.1029799	27.5562	27.4030	7.086119	31.18442
1205	6.10112	3.1066378	27.3064	27.1546	7.079254	31.18886
1206	6.11333	3.1024506	27.0443	26.8939	7.079861	31.13129
1207	6.12284	3.1014178	26.7856	26.6367	7.079187	31.11123
1208	6.14467	3.1026222	26.5385	26.3911	7.075813	31.10470
1209	6.16030	3.1050811	26.2858	26.1397	7.072580	31.11776
1210	6.16366	3.1011222	26.0298	25.8851	7.074179	31.07093
1211	6.16911	3.1069319	25.7586	25.6155	7.070513	31.13045
1212	6.17446	3.1032179	25.4997	25.3581	7.071735	31.08452
1213	6.18139	3.1108009	25.2469	25.1067	7.066980	31.16231
1214	6.18516	3.1199493	24.9971	24.8583	7.061824	31.26035
1215	6.18139	3.1286887	24.7442	24.6068	7.057823	31.36084
1216	6.14523	3.1201837	24.4943	24.3583	7.066700	31.29996
1217	6.09848	3.1120383	24.2445	24.1099	7.076746	31.25272
1218	6.07723	3.1040668	23.9917	23.8585	7.083515	31.18383
1219	6.07835	3.0978412	23.7329	23.6011	7.086571	31.11375
1220	6.09065	3.0925349	23.4799	23.3496	7.087741	31.04368
1221	6.13861	3.0891277	23.2179	23.0891	7.083424	30.96219
1222	6.20365	3.0878384	22.9711	22.8436	7.075866	30.88881
1223	6.25404	3.0888687	22.7212	22.5952	7.068980	30.85456
1224	6.29535	3.0869600	22.4773	22.3526	7.064742	30.79619
1225	6.32534	3.0843833	22.2247	22.1014	7.062268	30.74079
1226	6.37317	3.0820095	21.9780	21.8561	7.057445	30.67166
1227	6.42304	3.0818434	21.7158	21.5954	7.051249	30.62512
1228	6.46093	3.0821250	21.4600	21.3410	7.046340	30.59435
1229	6.49284	3.0807145	21.2040	21.0864	7.043037	30.55042
1230	6.52575	3.0808673	20.9665	20.8502	7.038824	30.52278
1231	6.56002	3.0806033	20.7167	20.6018	7.034652	30.48942
1232	6.59036	3.0814551	20.4637	20.3503	7.030418	30.47181
1233	6.62140	3.0819207	20.2200	20.1080	7.026294	30.44938
1234	6.65333	3.0832938	19.9701	19.8594	7.021608	30.43609
1235	6.68637	3.0836798	19.7204	19.6111	7.017281	30.41107
1236	6.71907	3.0853721	19.4705	19.3626	7.012350	30.40061
1237	6.75092	3.0856232	19.2236	19.1171	7.008247	30.37523
1238	6.77815	3.0848746	18.9800	18.8749	7.005219	30.34310
1239	6.80239	3.0830037	18.7332	18.6295	7.003118	30.30146
1240	6.82220	3.0833346	18.4803	18.3779	7.000481	30.28769
1241	6.83664	3.0824452	18.2427	18.1417	6.999118	30.26541
1242	6.84632	3.0823776	17.9959	17.8962	6.997941	30.25626
1243	6.85910	3.0821199	17.7613	17.6630	6.996471	30.24231
1244	6.87485	3.0822116	17.5178	17.4208	6.994462	30.22956
1245	6.89355	3.0829043	17.2708	17.1752	6.991789	30.22074
1246	6.91299	3.0824135	17.0301	16.9358	6.989608	30.19845
1247	6.93897	3.0824990	16.7833	16.6904	6.986332	30.17668
1248	6.96627	3.0816341	16.5396	16.4481	6.983360	30.14351
1249	6.98445	3.0809778	16.2837	16.1936	6.981420	30.12062
1250	6.98590	3.0788568	16.0277	15.9390	6.982273	30.09655
1251	7.00637	3.0809530	15.7993	15.7119	6.978701	30.10140
1252	7.03902	3.0811549	15.5464	15.4605	6.974548	30.07519
1253	7.08403	3.0818165	15.2965	15.2119	6.968642	30.04319
1254	7.15349	3.0830237	15.0528	14.9696	6.959455	29.99587
1255	7.22860	3.0837955	14.8151	14.7332	6.949800	29.93912
1256	7.30705	3.0839602	14.5624	14.4818	6.940045	29.87318
1257	7.38171	3.0852168	14.3277	14.2485	6.930251	29.82239
1258	7.44790	3.0858601	14.0779	14.0000	6.921809	29.77250
1259	7.51671	3.0863317	13.8279	13.7515	6.913142	29.71867
1260	7.58154	3.0862696	13.5933	13.5182	6.905232	29.66274
1261	7.63892	3.0872812	13.3406	13.2669	6.897735	29.62470
1262	7.69221	3.0878512	13.0875	13.0152	6.890957	29.58555
1263	7.74212	3.0872187	12.8440	12.7730	6.885165	29.53662
1264	7.78972	3.0887582	12.6030	12.5334	6.878643	29.51271
1265	7.83965	3.0905497	12.3686	12.3003	6.871729	29.48952
1266	7.89788	3.0929431	12.1279	12.0610	6.863541	29.46573
1267	7.96912	3.0943362	11.8872	11.8216	6.854258	29.42052
1268	8.04219	3.0937766	11.6434	11.5792	6.845677	29.35343
1269	8.10851	3.0927873	11.3997	11.3367	6.838122	29.28771
1270	8.16830	3.0930077	11.1530	11.0915	6.830806	29.24027
1271	8.23440	3.0944806	10.8999	10.8398	6.822170	29.20078
1272	8.30764	3.0948359	10.6562	10.5974	6.813203	29.14384
1273	8.39585	3.0947981	10.4065	10.3491	6.802637	29.07066
1274	8.50664	3.0936241	10.1626	10.1066	6.789907	28.96746
1275	8.59589	3.0925057	9.9127	9.8580	6.779749	28.88295
1276	8.66655	3.0923883	9.6659	9.6125	6.771375	28.82423
1277	8.74661	3.0951996	9.4222	9.3702	6.760592	28.78816
1278	8.86867	3.0969979	9.1786	9.1280	6.745312	28.70784
1279	9.02798	3.0973218	8.9347	8.8855	6.726336	28.58295
1280	9.19783	3.0969330	8.6849	8.6370	6.706505	28.44332
1281	9.36494	3.0943457	8.4380	8.3915	6.688020	28.28469
1282	9.52496	3.0913234	8.1912	8.1460	6.670606	28.12847
1283	9.65199	3.0891493	7.9383	7.8945	6.656723	28.00757
1284	9.77452	3.0843137	7.6824	7.6400	6.644516	27.86429
1285	9.87231	3.0795671	7.4326	7.3916	6.635158	27.74174
1286	9.94046	3.0749582	7.1828	7.1432	6.629183	27.64380
1287	9.96542	3.0704137	6.9267	6.8886	6.628185	27.57973
1288	9.93094	3.0715283	6.6676	6.6309	6.631713	27.61720
1289	9.92574	3.0723673	6.3996	6.3643	6.631961	27.62961
1290	9.95249	3.0704503	6.1436	6.1097	6.629656	27.59025
1291	9.96581	3.0684605	5.8785	5.8461	6.628938	27.56045
1292	9.92714	3.0609904	5.6074	5.5765	6.636548	27.51587
1293	9.89907	3.0538692	5.3483	5.3189	6.642794	27.46661
1294	9.92177	3.0521277	5.0803	5.0523	6.640876	27.43218
1295	9.95120	3.0551212	4.8180	4.7915	6.636194	27.43964
1296	10.07863	3.0558593	4.5469	4.5219	6.621085	27.35063
1297	10.25039	3.0553014	4.2788	4.2553	6.601438	27.21609
1298	10.38222	3.0511943	4.0137	3.9916	6.587916	27.07750
1299	10.37034	3.0470908	3.7424	3.7218	6.590960	27.04622
1300	10.36819	3.0489957	3.4684	3.4493	6.590424	27.06659
1301	10.44113	3.0530383	3.1879	3.1704	6.580372	27.05210
1302	10.42266	3.0612170	2.9199	2.9038	6.579156	27.14599
1303	10.19594	3.0660153	2.6425	2.6280	6.603281	27.36310
1304	9.82799	3.0643424	2.3773	2.3643	6.646626	27.62611
1305	9.50139	3.0501031	2.1367	2.1249	6.690905	27.73498
1306	9.30748	3.0481326	1.9264	1.9158	6.714631	27.86563
1307	9.21721	3.0451971	1.7222	1.7127	6.726596	27.90644
1308	9.21073	3.0426828	1.5242	1.5158	6.728455	27.88613
1309	9.24594	3.0420235	1.3383	1.3310	6.724560	27.85207
1310	9.29389	3.0411017	1.1494	1.1431	6.719272	27.80552
1311	9.32075	3.0378200	0.9698	0.9645	6.717506	27.75162
1312	9.39334	3.0346916	0.7960	0.7916	6.710257	27.66401
1313	9.60597	3.0344517	0.6225	0.6190	6.685253	27.49829
1314	9.84356	3.0325905	0.4699	0.4673	6.658139	27.29913
1315	10.03367	3.0318878	0.3206	0.3188	6.636216	27.14907
1316	10.13055	3.0423378	0.1835	0.1824	6.620602	27.17970
1317	10.06291	3.0657833	0.0558	0.0554	6.618711	27.46233
1318	9.37216	3.0900151	-0.0051	-0.0051	6.688899	28.23858
1319	8.59297	3.0771017	0.0009	0.0009	6.786840	28.73042
1320	7.98828	3.0835076	0.0010	0.0010	6.856742	29.29572
1321	7.57485	3.0927279	0.0011	0.0011	6.902725	29.74297
1322	7.26373	3.1075343	0.0012	0.0012	6.933723	30.16992
1323	6.95797	1.4925083	-0.0017	-0.0017	7.774442	13.64782
1324	6.81118	0.7824605	-0.0015	-0.0015	8.155912	6.82743
1325	6.81336	0.8069863	-0.0016	-0.0016	8.143306	7.05714
1326	6.83472	1.0148811	-0.0077	-0.0076	8.035530	9.02610
1327	6.84632	0.8339988	0.0015	0.0015	8.123639	7.30433
1328	6.85481	0.9695036	-0.0013	-0.0013	8.054528	8.58691
1329	6.86314	0.6632987	-0.0012	-0.0012	8.204849	5.70985
1330	6.87190	0.6766935	0.0017	0.0017	8.196568	5.83203
1331	6.88122	0.6469185	-0.0012	-0.0012	8.209393	5.55599
1332	6.89107	0.7948621	0.0050	0.0050	8.134588	6.92761
1333	6.90127	0.7691226	0.0050	0.0050	8.145373	6.68498
1334	6.91185	0.8004220	0.0021	0.0021	8.127903	6.97547
1335	6.92347	0.9369115	-0.0009	-0.0009	8.058075	8.25990
1336	6.93529	0.8670861	0.0053	0.0053	8.090510	7.59672
1337	6.94702	0.8456871	0.0023	0.0022	8.098901	7.39277
1338	6.95859	0.9468531	0.0024	0.0024	8.046648	8.34580
1339	6.96980	0.9052159	0.0053	0.0053	8.065203	7.94877
1340	6.98097	0.7398362	0.0055	0.0055	8.144624	6.39730
1341	6.99255	0.7358228	-0.0005	-0.0005	8.144386	6.35793
1342	7.00393	0.6551044	0.0056	0.0056	8.181666	5.61132
1343	7.01442	0.6209380	0.0057	0.0057	8.196264	5.29687
1344	7.02487	0.6124970	-0.0003	-0.0003	8.198338	5.21825
1345	7.03517	0.7048383	0.0028	0.0028	8.151413	6.06367
1346	7.04552	0.6448815	0.0029	0.0029	8.178624	5.51092
1347	7.05551	0.5966013	0.0060	0.0060	8.200098	5.06896
1348	7.06602	0.6150456	-0.0001	-0.0001	8.189136	5.23525
1349	7.07663	0.4818176	-0.0000	-0.0000	8.251168	4.03185
1350	7.08897	0.5059917	0.0062	0.0061	8.237176	4.24657
1351	7.10262	0.4424058	0.0030	0.0030	8.264811	3.67843
1352	7.11793	0.4122843	0.0063	0.0063	8.276044	3.41077
1353	7.13362	0.4519664	0.0033	0.0033	8.254136	3.75983
1354	7.14827	0.4458503	0.0033	0.0033	8.254141	3.70406
1355	7.16251	0.3888950	0.0064	0.0064	8.278198	3.20112
1356	7.17696	0.4159343	0.0003	0.0003	8.262600	3.43706
1357	7.19147	0.5375199	-0.0026	-0.0026	8.202060	4.51635
1358	7.20583	0.5421653	-0.0025	-0.0024	8.197049	4.55617
1359	7.21904	0.4273504	-0.0056	-0.0056	8.248892	3.53332
1360	7.23132	0.4954900	0.0067	0.0067	8.214280	4.13551
1361	7.24292	0.4183021	0.0100	0.0099	8.248427	3.45133
1362	7.25552	0.6533959	0.0007	0.0007	8.134232	5.55505
1363	7.29851	0.5369590	0.0038	0.0038	8.181528	4.49739
1364	7.33721	0.4325274	0.0040	0.0040	8.223174	3.56676
1365	7.35330	0.4225106	0.0069	0.0069	8.224692	3.47724
1366	7.36525	0.4700439	0.0009	0.0009	8.200108	3.89427
1367	7.38491	0.4445776	0.0040	0.0040	8.208184	3.66769
1368	7.40868	0.3926492	0.0102	0.0101	8.227675	3.21115
1369	7.42258	0.3460019	0.0040	0.0040	8.246454	2.80611
1370	7.42899	0.3255305	0.0012	0.0012	8.254575	2.62970
1371	7.43398	0.3083946	0.0012	0.0012	8.261416	2.48274
1372	7.43891	0.2694026	0.0043	0.0043	8.278156	2.15117
1373	7.44480	0.2577991	0.0074	0.0074	8.282224	2.05290
1374	7.45141	0.2401411	0.0044	0.0043	8.288850	1.90414
1375	7.45956	0.2234446	0.0044	0.0043	8.294700	1.76415
1376	7.46928	0.2577922	0.0074	0.0074	8.277320	2.05140
1377	7.48032	0.2719985	0.0075	0.0075	8.268700	2.17054
1378	7.49246	0.2670578	0.0107	0.0107	8.268503	2.12809
1379	7.50277	0.2731780	0.0077	0.0076	8.263683	2.17910
1380	7.51129	0.2690537	0.0076	0.0076	8.263842	2.14377
1381	7.51877	0.2521503	0.0046	0.0046	8.269953	2.00110
1382	7.52582	0.2323667	0.0078	0.0078	8.277399	1.83515
1383	7.53371	0.2163332	0.0048	0.0048	8.282960	1.70131
1384	7.54351	0.1992235	0.0018	0.0018	8.288578	1.55923
1385	7.55472	0.1839567	0.0079	0.0078	8.293054	1.43311
1386	7.56668	0.1840369	0.0079	0.0078	8.290609	1.43328
1387	7.57901	0.1727585	0.0111	0.0111	8.293073	1.34047
1388	7.59129	0.1696039	0.0019	0.0019	8.291976	1.31426
1389	7.60231	0.1622867	0.0051	0.0051	8.292947	1.25428
1390	7.61296	0.1600952	0.0052	0.0051	8.291752	1.23610
1391	7.62256	0.1539417	0.0050	0.0050	8.292489	1.18587
1392	7.63137	0.1499513	0.0083	0.0082	8.292441	1.15330
1393	7.64024	0.1440833	0.0083	0.0082	8.293189	1.10565
1394	7.64905	0.1421250	0.0112	0.0112	8.292254	1.08960
1395	7.65856	0.1413434	0.0082	0.0082	8.290673	1.08302
1396	7.66769	0.1383345	0.0052	0.0052	8.290125	1.05855
1397	7.67789	0.1472771	0.0054	0.0053	8.284216	1.13020
1398	7.68851	0.2001884	0.0087	0.0086	8.259060	1.56073
1399	7.69987	0.2081989	0.0145	0.0144	8.253273	1.62614
1400	7.71081	0.2383889	0.0055	0.0055	8.237784	1.87551
1401	7.72171	0.2320873	0.0085	0.0085	8.238402	1.82259
1402	7.73265	0.2139378	0.0116	0.0116	8.244212	1.67191
1403	7.74302	0.1974959	0.0025	0.0025	8.249344	1.53621
1404	7.75165	0.1841069	0.0085	0.0084	8.253456	1.42632
1405	7.75837	0.1721863	0.0087	0.0087	8.257285	1.32899
1406	7.76382	0.1626775	0.0056	0.0056	8.260303	1.25169
1407	7.76864	0.1522490	0.0088	0.0087	8.263829	1.16731
1408	7.77351	0.1423154	0.0087	0.0087	8.267113	1.08729
1409	7.77865	0.1349332	0.0027	0.0027	8.269236	1.02801
1410	7.78421	0.1304154	0.0056	0.0056	8.270044	0.99177
