Scan Count	Temperature [ITS-90, deg C]	Conductivity [S/m]	Depth [salt water, m]	Oxygen Saturation, Weiss [ml/l]	Salinity, Practical [PSU]
1	17.18963	0.0037152	-0.0368	6.725413	0.02509
2	17.19141	0.0037152	-0.0399	6.725163	0.02509
3	17.19374	0.0037059	-0.0339	6.724838	0.02505
4	17.19422	0.0037090	-0.0308	6.724770	0.02506
5	17.19306	0.0037152	-0.0370	6.724932	0.02509
6	17.18847	0.0037183	-0.0339	6.725576	0.02511
7	17.18286	0.0036874	-0.0370	6.726372	0.02495
8	17.18094	0.0037059	-0.0400	6.726637	0.02505
9	17.18012	0.0037090	-0.0340	6.726752	0.02506
10	17.17889	0.0036966	-0.0339	6.726928	0.02500
11	17.17779	0.0037337	-0.0339	6.727074	0.02519
12	17.17656	0.0037152	-0.0340	6.727251	0.02510
13	17.17574	0.0037090	-0.0309	6.727368	0.02506
14	17.17588	0.0037244	-0.0400	6.727346	0.02514
15	17.17478	0.0037152	-0.0340	6.727501	0.02510
16	17.17266	0.0037183	-0.0430	6.727799	0.02511
17	17.17280	0.0037152	-0.0401	6.727781	0.02510
18	17.17266	0.0037090	-0.0370	6.727801	0.02506
19	17.17362	0.0037152	-0.0369	6.727665	0.02510
20	17.17403	0.0037152	-0.0340	6.727607	0.02510
21	17.17376	0.0037183	-0.0400	6.727645	0.02511
22	17.17376	0.0037244	-0.0369	6.727644	0.02514
23	17.17444	0.0037183	-0.0430	6.727549	0.02511
24	17.17540	0.0037244	-0.0340	6.727413	0.02514
25	17.17588	0.0037152	-0.0370	6.727347	0.02510
26	17.17684	0.0037183	-0.0370	6.727212	0.02511
27	17.17738	0.0037244	-0.0340	6.727134	0.02514
28	17.17834	0.0037275	-0.0339	6.726998	0.02516
29	17.17916	0.0037152	-0.0340	6.726886	0.02510
30	17.17902	0.0037152	-0.0340	6.726905	0.02510
31	17.17601	0.0037183	-0.0370	6.727328	0.02511
32	17.17129	0.0037244	-0.0340	6.727990	0.02514
33	17.16650	0.0037275	-0.0309	6.728664	0.02516
34	17.16452	0.0037244	-0.0340	6.728943	0.02514
35	17.16329	0.0037275	-0.0340	6.729116	0.02516
36	17.16356	0.0037152	-0.0370	6.729080	0.02510
37	17.16438	0.0037244	-0.0370	6.728963	0.02514
38	17.16425	0.0037275	-0.0340	6.728981	0.02516
39	17.16425	0.0037152	-0.0279	6.728984	0.02510
40	17.16445	0.0037183	-0.0370	6.728954	0.02511
41	17.16425	0.0037244	-0.0340	6.728982	0.02514
42	17.16055	0.0037244	-0.0371	6.729502	0.02514
43	17.15624	0.0037275	-0.0310	6.730107	0.02516
44	17.15447	0.0037152	-0.0340	6.730360	0.02510
45	17.15467	0.0037275	-0.0400	6.730329	0.02516
46	17.15515	0.0037152	-0.0340	6.730264	0.02510
47	17.15440	0.0037244	-0.0310	6.730368	0.02514
48	17.15016	0.0037275	-0.0279	6.730964	0.02516
49	17.14578	0.0037337	-0.0340	6.731579	0.02519
50	17.14496	0.0037275	-0.0340	6.731696	0.02516
51	17.14592	0.0037244	-0.0340	6.731562	0.02515
52	17.14715	0.0037183	-0.0400	6.731390	0.02511
53	17.14866	0.0037244	-0.0309	6.731176	0.02515
54	17.14982	0.0037244	-0.0340	6.731013	0.02515
55	17.15098	0.0037275	-0.0372	6.730849	0.02516
56	17.15153	0.0037337	-0.0370	6.730770	0.02519
57	17.14927	0.0037275	-0.0370	6.731089	0.02516
58	17.14941	0.0037244	-0.0279	6.731071	0.02515
59	17.15057	0.0037244	-0.0370	6.730907	0.02515
60	17.15112	0.0037275	-0.0370	6.730829	0.02516
61	17.15112	0.0037244	-0.0340	6.730830	0.02515
62	17.15071	0.0037275	-0.0340	6.730887	0.02516
63	17.15118	0.0037244	-0.0279	6.730820	0.02515
64	17.15187	0.0037152	-0.0309	6.730726	0.02510
65	17.15214	0.0037275	-0.0310	6.730685	0.02516
66	17.14961	0.0037244	-0.0370	6.731042	0.02515
67	17.14483	0.0037183	-0.0400	6.731717	0.02511
68	17.14223	0.0037244	-0.0340	6.732081	0.02515
69	17.14107	0.0037244	-0.0340	6.732245	0.02515
70	17.14161	0.0037337	-0.0340	6.732166	0.02519
71	17.14366	0.0037244	-0.0309	6.731879	0.02515
72	17.14585	0.0037275	-0.0400	6.731571	0.02516
73	17.14797	0.0037244	-0.0340	6.731273	0.02515
74	17.15187	0.0037275	-0.0370	6.730723	0.02516
75	17.15624	0.0037244	-0.0339	6.730108	0.02514
76	17.15939	0.0037244	-0.0279	6.729665	0.02514
77	17.16288	0.0037275	-0.0340	6.729174	0.02516
78	17.16678	0.0037337	-0.0279	6.728624	0.02519
79	17.17095	0.0037275	-0.0310	6.728038	0.02516
80	17.17451	0.0037337	-0.0370	6.727536	0.02519
81	17.17814	0.0037244	-0.0370	6.727028	0.02514
82	17.18135	0.0037275	-0.0340	6.726575	0.02516
83	17.18477	0.0037244	-0.0310	6.726094	0.02514
84	17.18772	0.0037183	-0.0340	6.725682	0.02511
85	17.18963	0.0037059	-0.0279	6.725415	0.02505
86	17.19148	0.0037152	-0.0309	6.725153	0.02509
87	17.19429	0.0037090	-0.0310	6.724760	0.02506
88	17.19600	0.0037152	-0.0370	6.724518	0.02509
89	17.19799	0.0037090	-0.0309	6.724240	0.02506
90	17.19956	0.0037244	-0.0280	6.724016	0.02514
91	17.19963	-0.1503782	-0.0189	6.725025	0.00000
92	16.58565	1.2250916	0.0539	6.470146	8.51339
93	14.81244	2.7466685	0.1751	6.204087	21.44664
94	13.47338	2.7834987	0.3084	6.338583	22.52892
95	12.72833	2.7314779	0.4175	6.441307	22.50219
96	12.49181	2.7058379	0.5297	6.477935	22.40986
97	12.42305	2.7148342	0.5600	6.482587	22.53284
98	12.37967	2.7182276	0.5691	6.486361	22.58981
99	12.34571	2.7107945	0.5751	6.493056	22.54223
100	12.33467	2.7132736	0.5782	6.493419	22.57151
101	12.34350	2.7156187	0.5812	6.491524	22.58766
102	12.35925	2.7182512	0.5842	6.488721	22.60227
103	12.37203	2.7219794	0.5751	6.485859	22.62868
104	12.38188	2.7255220	0.5660	6.483407	22.65514
105	12.38791	2.7287558	0.5600	6.481512	22.68107
106	12.38929	2.7350223	0.5479	6.479036	22.73753
107	12.38188	2.7230624	0.5539	6.484316	22.63266
108	12.36457	2.7193806	0.5630	6.487686	22.60941
109	12.33754	2.7257098	0.5661	6.488475	22.68357
110	12.32132	2.7328592	0.5630	6.487704	22.75881
111	12.32972	2.7329412	0.5660	6.486700	22.75448
112	12.32084	2.7261668	0.5570	6.490242	22.69782
113	12.28509	2.7162919	0.5630	6.498062	22.62894
114	12.26163	2.7171930	0.5600	6.500456	22.65133
115	12.28675	2.7163972	0.5630	6.497829	22.62890
116	12.33682	2.7149753	0.5661	6.492538	22.58579
117	12.38325	2.7140977	0.5721	6.487473	22.54993
118	12.41767	2.7107647	0.5691	6.484713	22.49891
119	12.44661	2.7057624	0.5722	6.483202	22.43603
120	12.47600	2.7014815	0.5751	6.481371	22.37956
121	12.50295	2.7013761	0.5721	6.478285	22.36262
122	12.52351	2.7049906	0.5751	6.474576	22.38331
123	12.53706	2.7038633	0.5661	6.473421	22.36503
124	12.53742	2.6979905	0.5599	6.475535	22.31143
125	12.51787	2.6931022	0.5660	6.479596	22.27853
126	12.49289	2.6920761	0.5661	6.482872	22.28395
127	12.47354	2.6930909	0.5660	6.484745	22.30462
128	12.46068	2.6953599	0.5691	6.485404	22.33290
129	12.45110	2.6980671	0.5690	6.485518	22.36324
130	12.43932	2.6982540	0.5661	6.486818	22.37193
131	12.42281	2.6971338	0.5631	6.489149	22.37152
132	12.40321	2.6955412	0.5691	6.492016	22.36864
133	12.38732	2.6948530	0.5721	6.494120	22.37180
134	12.37669	2.6957515	0.5782	6.495024	22.38631
135	12.37060	2.6983888	0.5783	6.494757	22.41402
136	12.36409	2.7025568	0.5691	6.493971	22.45596
137	12.35639	2.7031700	0.5661	6.494639	22.46616
138	12.34953	2.6988967	0.5600	6.497021	22.43121
139	12.34338	2.6946259	0.5721	6.499320	22.39585
140	12.33336	2.6935704	0.5782	6.500879	22.39217
141	12.30814	2.6949646	0.5873	6.503302	22.41993
142	12.27562	2.6983138	0.5873	6.505851	22.46999
143	12.26038	2.7028730	0.5843	6.505932	22.52086
144	12.25187	2.7030132	0.5812	6.506873	22.52725
145	12.23759	2.7104214	0.5752	6.505777	22.60373
146	12.21101	2.7116492	0.5692	6.508418	22.63100
147	12.17619	2.7030431	0.5661	6.515698	22.57297
148	12.15191	2.7024243	0.5691	6.518769	22.58190
149	12.14016	2.7036799	0.5661	6.519673	22.60051
150	12.12610	2.7058703	0.5661	6.520497	22.62913
151	12.11685	2.7085990	0.5662	6.520556	22.65980
152	12.11223	2.7100192	0.5691	6.520564	22.67566
153	12.10482	2.7105745	0.5813	6.521222	22.68525
154	12.09765	2.7118139	0.5812	6.521596	22.70100
155	12.09392	2.7134219	0.5783	6.521429	22.71806
156	12.09475	2.7151179	0.5752	6.520695	22.73317
157	12.09931	2.7163462	0.5752	6.519700	22.74171
158	12.10393	2.7180955	0.5751	6.518503	22.75501
159	12.10524	2.7176508	0.5782	6.518518	22.75013
160	12.10559	2.7173173	0.5752	6.518602	22.74684
161	12.10778	2.7176625	0.5782	6.518216	22.74869
162	12.11312	2.7189029	0.5692	6.517127	22.75687
163	12.11934	2.7202431	0.5661	6.515898	22.76542
164	12.12551	2.7216420	0.5691	6.514654	22.77455
165	12.12990	2.7229066	0.5631	6.513668	22.78352
166	12.13186	2.7231173	0.5752	6.513360	22.78427
167	12.13209	2.7221279	0.5782	6.513704	22.77502
168	12.12824	2.7198684	0.5752	6.515000	22.75657
169	12.11863	2.7180485	0.5813	6.516804	22.74566
170	12.11075	2.7176917	0.5752	6.517859	22.74716
171	12.10512	2.6849111	0.5722	6.530820	22.44908
172	12.10203	2.6314280	0.5722	6.551266	21.96000
173	12.10043	2.6328044	0.5783	6.550939	21.97355
174	12.09723	2.6630006	0.5783	6.539975	22.25250
175	12.09344	2.6281326	0.5693	6.553523	21.93482
176	12.08770	2.6954856	0.5632	6.528894	22.55677
177	12.07301	2.7132057	0.5692	6.523956	22.72876
178	12.02773	2.7094705	0.5723	6.530664	22.72181
179	11.97513	2.7086294	0.5783	6.537154	22.74600
180	11.91358	2.7095884	0.5814	6.544023	22.79235
181	11.86473	2.7120557	0.5813	6.548834	22.84502
182	11.83771	2.7172904	0.5783	6.550023	22.91009
183	11.83530	2.7272783	0.5814	6.546506	23.00419
184	11.85996	2.7350564	0.5723	6.540653	23.06112
185	11.89289	2.7400016	0.5754	6.534918	23.08661
186	11.91175	2.7444334	0.5662	6.531031	23.11602
187	11.91317	2.7487036	0.5662	6.529247	23.15470
188	11.90592	2.7507426	0.5632	6.529322	23.17810
189	11.90173	2.7520827	0.5723	6.529303	23.19311
190	11.90727	2.7531643	0.5632	6.528245	23.19970
191	11.92319	2.7541754	0.5723	6.526004	23.19918
192	11.94467	2.7555394	0.5783	6.522983	23.19849
193	11.96615	2.7574800	0.5784	6.519746	23.20312
194	11.98688	2.7602038	0.5845	6.516303	23.21546
195	12.01141	2.7642001	0.5844	6.511944	23.23721
196	12.04299	2.7681984	0.5753	6.506771	23.25456
197	12.08035	2.7713797	0.5755	6.501243	23.26075
198	12.13215	2.7732711	0.5724	6.494537	23.24607
199	12.20292	2.7746204	0.5724	6.485856	23.21468
200	12.28264	2.7758579	0.5694	6.476205	23.17683
201	12.35920	2.7769304	0.5785	6.467002	23.13953
202	12.42395	2.7777791	0.5845	6.459256	23.10753
203	12.47714	2.7787696	0.5815	6.452797	23.08400
204	12.52489	2.7798723	0.5785	6.446928	23.06486
205	12.57504	2.7806152	0.5724	6.440926	23.04101
206	12.62875	2.7810573	0.5785	6.434638	23.01229
207	12.68248	2.7807500	0.5755	6.428629	22.97682
208	12.73973	2.7805017	0.5664	6.422208	22.93984
209	12.80619	2.7806427	0.5633	6.414610	22.90091
210	12.87803	2.7810550	0.5664	6.406318	22.86129
211	12.93668	2.7817154	0.5664	6.399445	22.83197
212	12.97606	2.7825117	0.5695	6.394711	22.81550
213	12.99725	2.7833142	0.5786	6.392032	22.81002
214	13.00247	2.7838100	0.5907	6.391265	22.81135
215	12.99974	2.7840816	0.5938	6.391476	22.81544
216	13.00010	2.7855751	0.5968	6.390901	22.82868
217	13.00788	2.7864312	0.5817	6.389717	22.83174
218	13.02957	2.7849373	0.5786	6.387806	22.80526
219	13.06844	2.7839393	0.5757	6.383784	22.77299
220	13.11965	2.7842457	0.5696	6.377912	22.74514
221	13.18040	2.7846643	0.5635	6.370938	22.71267
222	13.22016	2.7853252	0.5605	6.366243	22.69493
223	13.24315	2.7844926	0.5726	6.363961	22.67380
224	13.27049	2.7821491	0.5757	6.361726	22.63659
225	13.30521	2.7799715	0.5877	6.358606	22.59655
226	13.33021	2.7795347	0.5969	6.355962	22.57786
227	13.32659	2.7811572	0.5969	6.355795	22.59450
228	13.31336	2.7851826	0.5939	6.355858	22.63832
229	13.30913	2.7884718	0.5758	6.355171	22.67025
230	13.31164	2.7897949	0.5667	6.354424	22.68059
231	13.31501	2.7898540	0.5636	6.354027	22.67912
232	13.31513	2.7880583	0.5607	6.354646	22.66299
233	13.30980	2.7820425	0.5758	6.357362	22.61235
234	13.29694	2.7772758	0.5788	6.360482	22.57733
235	13.25018	2.7751888	0.5849	6.366462	22.58631
236	13.17369	2.7753781	0.5940	6.374988	22.63334
237	13.10296	2.7790412	0.5970	6.381644	22.70831
238	13.07130	2.7837504	0.6031	6.383530	22.76957
239	13.07124	2.7863657	0.5880	6.382603	22.79315
240	13.06765	2.7878952	0.5790	6.382462	22.80907
241	13.05371	2.7886395	0.5728	6.383764	22.82413
242	13.04216	2.7891062	0.5668	6.384898	22.83527
243	13.04459	2.7891358	0.5638	6.384614	22.83407
244	13.05511	2.7877831	0.5638	6.383912	22.81558
245	13.05596	2.7833963	0.5699	6.385383	22.77557
246	13.03669	2.7777441	0.5760	6.389575	22.73621
247	12.97885	2.7752797	0.5912	6.396989	22.74859
248	12.88100	2.7753572	0.5912	6.408035	22.80798
249	12.80051	2.7792091	0.5972	6.415773	22.89134
250	12.77708	2.7838947	0.5973	6.416736	22.94799
251	12.78903	2.7864332	0.5942	6.414461	22.96377
252	12.79024	2.7878682	0.5761	6.413804	22.97605
253	12.77949	2.7885888	0.5701	6.414762	22.98911
254	12.76790	2.7889729	0.5731	6.415937	22.99963
255	12.76036	2.7885299	0.5731	6.416953	23.00019
256	12.75692	2.7864040	0.5792	6.418115	22.98298
257	12.75101	2.7817997	0.5792	6.420456	22.94478
258	12.73273	2.7778294	0.5883	6.423973	22.91981
259	12.68869	2.7769275	0.5944	6.429314	22.93831
260	12.63813	2.7804436	0.5944	6.433793	23.00099
261	12.61745	2.7856022	0.5883	6.434266	23.06057
262	12.62767	2.7890037	0.5854	6.431861	23.08531
263	12.63801	2.7895529	0.5793	6.430483	23.08400
264	12.64030	2.7883361	0.5733	6.430667	23.07152
265	12.63741	2.7868479	0.5703	6.431538	23.05974
266	12.63254	2.7859386	0.5703	6.432425	23.05443
267	12.62773	2.7856612	0.5734	6.433074	23.05484
268	12.62322	2.7849055	0.5794	6.433863	23.05070
269	12.61775	2.7824855	0.5764	6.435370	23.03200
270	12.60453	2.7798716	0.5855	6.437833	23.01625
271	12.57949	2.7796771	0.5917	6.440763	23.02974
272	12.55560	2.7830408	0.5885	6.442258	23.07500
273	12.54792	2.7880889	0.5947	6.441285	23.12576
274	12.55926	2.7911015	0.5886	6.438888	23.14630
275	12.57756	2.7918990	0.5856	6.436509	23.14236
276	12.59534	2.7921825	0.5796	6.434381	23.13405
277	12.62905	2.7925131	0.5766	6.430422	23.11643
278	12.68802	2.7929026	0.5675	6.423577	23.08395
279	12.75415	2.7931207	0.5736	6.415994	23.04564
280	12.81592	2.7930965	0.5706	6.409005	23.00788
281	12.86272	2.7920973	0.5736	6.404070	22.97045
282	12.88403	2.7910158	0.5797	6.402051	22.94777
283	12.87991	2.7905787	0.5919	6.402674	22.94630
284	12.86508	2.7915182	0.5949	6.404012	22.96377
285	12.86085	2.7926233	0.5980	6.404093	22.97634
286	12.87816	2.7938111	0.5950	6.401708	22.97661
287	12.90977	2.7951408	0.5950	6.397659	22.96950
288	12.94529	2.7970265	0.5920	6.392975	22.96506
289	12.98638	2.7991314	0.5830	6.387592	22.95925
290	13.06150	2.7999411	0.5708	6.378854	22.92124
291	13.15160	2.7999935	0.5678	6.368727	22.86754
292	13.22646	2.7987330	0.5678	6.360792	22.81139
293	13.26633	2.7997677	0.5678	6.355969	22.79684
294	13.29792	2.8026013	0.5406	6.351442	22.80337
295	13.34443	2.8026304	0.5104	6.346245	22.77590
296	13.40182	2.7972706	0.5043	6.341735	22.69390
297	13.45425	2.7947752	0.5134	6.336773	22.64060
298	13.47794	2.7935337	0.5104	6.334572	22.61554
299	13.47338	2.7930078	0.5105	6.335263	22.61354
300	13.46114	2.7944146	0.5043	6.336133	22.63331
301	13.45535	2.7973175	0.4983	6.335761	22.66261
302	13.45874	2.7993223	0.4893	6.334683	22.67848
303	13.46544	2.7997126	0.4741	6.333801	22.67799
304	13.47344	2.7978791	0.4803	6.333553	22.65691
305	13.47652	2.7946390	0.4833	6.334343	22.62623
306	13.47861	2.7915658	0.4924	6.335184	22.59762
307	13.47911	2.7902128	0.4924	6.335602	22.58528
308	13.47147	2.7905142	0.4986	6.336346	22.59246
309	13.46212	2.7919205	0.5076	6.336895	22.61051
310	13.45806	2.7937526	0.5016	6.336707	22.62923
311	13.45935	2.7953604	0.4956	6.336001	22.64280
312	13.46372	2.7969922	0.4956	6.334944	22.65476
313	13.46994	2.7980210	0.4835	6.333894	22.66025
314	13.47695	2.7983226	0.4835	6.333008	22.65879
315	13.48440	2.7982989	0.4866	6.332189	22.65417
316	13.48976	2.7974118	0.4866	6.331904	22.64311
317	13.49160	2.7956912	0.4897	6.332299	22.62669
318	13.48896	2.7942370	0.4927	6.333101	22.61530
319	13.48526	2.7941129	0.5018	6.333556	22.61638
320	13.48261	2.7953602	0.4928	6.333414	22.62905
321	13.48151	2.7969388	0.4989	6.332986	22.64377
322	13.48243	2.7980505	0.4928	6.332495	22.65312
323	13.48489	2.7980209	0.4928	6.332232	22.65140
324	13.48754	2.7910103	0.5141	6.334386	22.58740
325	13.48311	2.7841362	0.5474	6.337280	22.52880
326	13.40286	2.7770036	0.5960	6.348728	22.51244
327	13.16392	2.7605051	0.6596	6.381368	22.50570
328	12.84355	2.7360213	0.7233	6.426486	22.47482
329	12.55728	2.7242789	0.7990	6.463601	22.53862
330	12.32126	2.7206394	0.8688	6.492248	22.64688
331	12.11442	2.7205417	0.9416	6.516365	22.77105
332	11.94549	2.7200282	1.0234	6.536327	22.86925
333	11.79572	2.7229097	1.0961	6.552831	22.98789
334	11.67490	2.7227234	1.1962	6.567149	23.06079
335	11.57346	2.7259042	1.2659	6.577919	23.15346
336	11.50201	2.7440321	1.3175	6.579365	23.36776
337	11.48913	2.7618857	1.3326	6.573972	23.54323
338	11.50854	2.7693286	1.3357	6.568804	23.60070
339	11.62151	2.7701760	1.3297	6.555204	23.53697
340	11.80395	2.7704513	1.3327	6.533748	23.42451
341	11.94868	2.7702025	1.3419	6.516980	23.33159
342	12.03051	2.7675390	1.3600	6.508477	23.25598
343	12.07443	2.7635286	1.3842	6.504889	23.19168
344	12.10529	2.7578849	1.4237	6.503427	23.12052
345	12.09599	2.7532745	1.4752	6.506237	23.08372
346	12.01472	2.7497605	1.5268	6.517013	23.10138
347	11.87404	2.7452268	1.5844	6.535154	23.14641
348	11.72931	2.7399857	1.6420	6.554129	23.18759
349	11.61221	2.7376867	1.7057	6.568804	23.23917
350	11.52062	2.7392306	1.7603	6.579029	23.31096
351	11.44747	2.7556088	1.7785	6.581329	23.51062
352	11.39295	2.7603507	1.7815	6.585929	23.58980
353	11.39563	2.7642059	1.7846	6.584112	23.62435
354	11.43653	2.7663960	1.7785	6.578432	23.61887
355	11.47415	2.7674617	1.7785	6.573583	23.60492
356	11.50178	2.7678738	1.7755	6.570169	23.59122
357	11.51741	2.7678854	1.7846	6.568325	23.58139
358	11.51840	2.7681740	1.7756	6.568096	23.58347
359	11.51502	2.7687219	1.7817	6.568283	23.59075
360	11.51566	2.7692698	1.7757	6.567995	23.59548
361	11.51957	2.7694111	1.7727	6.567481	23.59432
362	11.52418	2.7725342	1.7515	6.565731	23.62068
363	11.55389	2.7744084	1.6848	6.561515	23.61937
364	11.78009	2.7738522	1.5879	6.535241	23.47109
365	12.08781	2.7743210	1.4728	6.499286	23.28300
366	12.32895	2.7742894	1.3698	6.471468	23.13367
367	12.47660	2.7745356	1.2758	6.454425	23.04542
368	12.55878	2.7747353	1.1910	6.444945	22.99713
369	12.60543	2.7695072	1.1396	6.441524	22.92114
370	12.60627	2.7653960	1.1275	6.442931	22.88321
371	12.44105	2.7588348	1.1275	6.464285	22.92365
372	12.18053	2.7523743	1.1246	6.496760	23.02357
373	11.96645	2.7479336	1.1216	6.523325	23.11443
374	11.80966	2.7454152	1.1277	6.542617	23.18826
375	11.69541	2.7443298	1.1337	6.556445	23.24934
376	11.61525	2.7448708	1.1368	6.565673	23.30453
377	11.56230	2.7464099	1.1307	6.571324	23.35215
378	11.53159	2.7485720	1.1368	6.574113	23.39170
379	11.51788	2.7510460	1.1308	6.574774	23.42351
380	11.51589	2.7534442	1.1217	6.574081	23.44723
381	11.52021	2.7552022	1.1158	6.572891	23.46098
382	11.52570	2.7555139	1.1128	6.572124	23.46043
383	11.52459	2.7543437	1.1097	6.572707	23.45017
384	11.50744	2.7527095	1.1158	6.575363	23.44569
385	11.47159	2.7500415	1.1129	6.580630	23.44333
386	11.43094	2.7480559	1.1158	6.586209	23.45040
387	11.39452	2.7474570	1.1218	6.590754	23.46782
388	11.36558	2.7477568	1.1250	6.594068	23.48899
389	11.34537	2.7484326	1.1251	6.596202	23.50817
390	11.33178	2.7492083	1.1311	6.597511	23.52410
391	11.32157	2.7502015	1.1312	6.598335	23.53994
392	11.31402	2.7515121	1.1281	6.598718	23.55709
393	11.30915	2.7531169	1.1221	6.598668	23.57531
394	11.30764	2.7547514	1.1161	6.598208	23.59167
395	11.30979	2.7555805	1.1222	6.597629	23.59811
396	11.31263	2.7555981	1.1132	6.597285	23.59647
397	11.31228	2.7552453	1.1192	6.597464	23.59336
398	11.30660	2.7549983	1.1192	6.598235	23.59466
399	11.29784	2.7553218	1.1253	6.599148	23.60329
400	11.29105	2.7560629	1.1315	6.599663	23.61461
401	11.28821	2.7567746	1.1285	6.599721	23.62313
402	11.28792	2.7572392	1.1254	6.599574	23.62770
403	11.28879	2.7579451	1.1255	6.599194	23.63380
404	11.29024	2.7593982	1.1285	6.598453	23.64657
405	11.29285	2.7618815	1.1225	6.597172	23.66832
406	11.29807	2.7642066	1.1256	6.595644	23.68690
407	11.30578	2.7655490	1.1135	6.594205	23.69462
408	11.31391	2.7657668	1.1166	6.593159	23.69147
409	11.32162	2.7651308	1.1135	6.592494	23.68054
410	11.32766	2.7638237	1.1197	6.592290	23.66436
411	11.33027	2.7621813	1.1167	6.592622	23.64722
412	11.32789	2.7611396	1.1167	6.593311	23.63893
413	11.32203	2.7609808	1.1227	6.594067	23.64117
414	11.31524	2.7617989	1.1228	6.594552	23.65322
415	11.31141	2.7634647	1.1259	6.594354	23.67136
416	11.31228	2.7656550	1.1229	6.593395	23.69145
417	11.31872	2.7673805	1.1290	6.591958	23.70359
418	11.32795	2.7679046	1.1230	6.590662	23.70262
419	11.33712	2.7676512	1.1230	6.589676	23.69436
420	11.34438	2.7675216	1.1230	6.588868	23.68849
421	11.34926	2.7681223	1.1261	6.588057	23.69103
422	11.35355	2.7695479	1.1201	6.586993	23.70171
423	11.35855	2.7710268	1.1262	6.585826	23.71243
424	11.36494	2.7717457	1.1172	6.584791	23.71511
425	11.37139	2.7714864	1.1262	6.584131	23.70854
426	11.37737	2.7704256	1.1263	6.583837	23.69472
427	11.38150	2.7692472	1.1263	6.583809	23.68099
428	11.38191	2.7685344	1.1324	6.584039	23.67403
429	11.37889	2.7693003	1.1264	6.584097	23.68317
430	11.37685	2.7713685	1.1295	6.583532	23.70393
431	11.37941	2.7735846	1.1294	6.582367	23.72315
432	11.38609	2.7752588	1.1235	6.580926	23.73463
433	11.39237	2.7761137	1.1205	6.579853	23.73865
434	11.39656	2.7765265	1.1204	6.579199	23.73985
435	11.40005	2.7763849	1.1175	6.578842	23.73628
436	11.40546	2.7755593	1.1115	6.578526	23.72506
437	11.41261	2.7740205	1.1176	6.578281	23.70600
438	11.41901	2.7725114	1.1237	6.578113	23.68772
439	11.41942	2.7713563	1.1329	6.578514	23.67660
440	11.41383	2.7713564	1.1328	6.579173	23.68017
441	11.40778	2.7726766	1.1359	6.579373	23.69645
442	11.40726	2.7745688	1.1359	6.578699	23.71458
443	11.41343	2.7761371	1.1299	6.577362	23.72538
444	11.42256	2.7771278	1.1330	6.575901	23.72885
445	11.43059	2.7776526	1.1301	6.574751	23.72864
446	11.43659	2.7780064	1.1301	6.573908	23.72813
447	11.44188	2.7783367	1.1331	6.573156	23.72784
448	11.44677	2.7785844	1.1241	6.572484	23.72705
449	11.45155	2.7788616	1.1301	6.571815	23.72659
450	11.45632	2.7793040	1.1363	6.571081	23.72769
451	11.46093	2.7799883	1.1363	6.570275	23.73118
452	11.46512	2.7805959	1.1303	6.569546	23.73420
453	11.46914	2.7809027	1.1273	6.568954	23.73451
454	11.47467	2.7810384	1.1243	6.568251	23.73225
455	11.48336	2.7808023	1.1213	6.567321	23.72448
456	11.49478	2.7799349	1.1213	6.566315	23.70903
457	11.50598	2.7789732	1.1274	6.565371	23.69286
458	11.51496	2.7780883	1.1305	6.564658	23.67883
459	11.52021	2.7777049	1.1306	6.564190	23.67188
460	11.52284	2.7778405	1.1306	6.563829	23.67148
461	11.52482	2.7782651	1.1276	6.563432	23.67420
462	11.52785	2.7787252	1.1277	6.562898	23.67658
463	11.53235	2.7789729	1.1277	6.562274	23.67603
464	11.53748	2.7788313	1.1247	6.561726	23.67143
465	11.54204	2.7780880	1.1186	6.561478	23.66157
466	11.54490	2.7767728	1.1247	6.561651	23.64742
467	11.54414	2.7754225	1.1278	6.562261	23.63524
468	11.53865	2.7746855	1.1310	6.563190	23.63183
469	11.53048	2.7747092	1.1340	6.564141	23.63725
470	11.52354	2.7752870	1.1340	6.564734	23.64709
471	11.52015	2.7761951	1.1310	6.564780	23.65776
472	11.52120	2.7768556	1.1341	6.564402	23.66328
473	11.52535	2.7770207	1.1280	6.563851	23.66219
474	11.52990	2.7766078	1.1250	6.563476	23.65542
475	11.53293	2.7757528	1.1251	6.563450	23.64548
476	11.53281	2.7743790	1.1312	6.563995	23.63267
477	11.52745	2.7731117	1.1313	6.565115	23.62421
478	11.51677	2.7725400	1.1313	6.566592	23.62564
479	11.50423	2.7729763	1.1283	6.567898	23.63772
480	11.49560	2.7741023	1.1313	6.568477	23.65378
481	11.49379	2.7752873	1.1314	6.568231	23.66605
482	11.49799	2.7759712	1.1284	6.567472	23.66979
483	11.50435	2.7760537	1.1255	6.566693	23.66651
484	11.50994	2.7758355	1.1286	6.566119	23.66090
485	11.51368	2.7757235	1.1255	6.565724	23.65747
486	11.51572	2.7758767	1.1256	6.565425	23.65760
487	11.51747	2.7761657	1.1256	6.565107	23.65920
488	11.51939	2.7764428	1.1257	6.564774	23.66057
489	11.52179	2.7767435	1.1318	6.564377	23.66186
490	11.52429	2.7771268	1.1409	6.563934	23.66385
491	11.52721	2.7777874	1.1288	6.563336	23.66819
492	11.53060	2.7785836	1.1288	6.562630	23.67350
493	11.53451	2.7792443	1.1289	6.561916	23.67720
494	11.53719	2.7797398	1.1229	6.561409	23.68014
495	11.53947	2.7799876	1.1229	6.561046	23.68101
496	11.54297	2.7799639	1.1199	6.560644	23.67855
497	11.54840	2.7795509	1.1290	6.560167	23.67122
498	11.55500	2.7789963	1.1230	6.559607	23.66182
499	11.56212	2.7786659	1.1292	6.558898	23.65418
500	11.56861	2.7789726	1.1262	6.558019	23.65293
501	11.57439	2.7797984	1.1322	6.557022	23.65698
502	11.57988	2.7807070	1.1293	6.556028	23.66199
503	11.58766	2.7813678	1.1263	6.554863	23.66323
504	11.60174	2.7818633	1.1263	6.553021	23.65890
505	11.62432	2.7820874	1.1294	6.550291	23.64664
506	11.65364	2.7819750	1.1295	6.546903	23.62695
507	11.68381	2.7816974	1.1326	6.543482	23.60521
508	11.70901	2.7815850	1.1325	6.540580	23.58819
509	11.72925	2.7818622	1.1326	6.538111	23.57796
510	11.74891	2.7823282	1.1387	6.535639	23.56987
511	11.77310	2.7826585	1.1327	6.532691	23.55765
512	11.80478	2.7827231	1.1296	6.528975	23.53825
513	11.84177	2.7826874	1.1237	6.524681	23.51459
514	11.87840	2.7827166	1.1359	6.520410	23.49180
515	11.91187	2.7826041	1.1328	6.516562	23.46971
516	11.94236	2.7824681	1.1358	6.513073	23.44931
517	11.97129	2.7823852	1.1299	6.509748	23.43041
518	11.99935	2.7824912	1.1331	6.506455	23.41381
519	12.02767	2.7825736	1.1270	6.503143	23.39687
520	12.05696	2.7826559	1.1391	6.499721	23.37933
521	12.08568	2.7825199	1.1300	6.496451	23.36016
522	12.11288	2.7821892	1.1301	6.493431	23.34015
523	12.13886	2.7817759	1.1332	6.490585	23.32017
524	12.16206	2.7814157	1.1422	6.488041	23.30243
525	12.18112	2.7810851	1.1363	6.485965	23.28755
526	12.19627	2.7808371	1.1425	6.484311	23.27586
527	12.20994	2.7807544	1.1333	6.482766	23.26663
528	12.22450	2.7807543	1.1334	6.481087	23.25761
529	12.23991	2.7805594	1.1365	6.479385	23.24627
530	12.25371	2.7802289	1.1395	6.477918	23.23469
531	12.26466	2.7797922	1.1365	6.476820	23.22391
532	12.27228	2.7794559	1.1305	6.476067	23.21611
533	12.27687	2.7790724	1.1366	6.475682	23.20975
534	12.28002	2.7787184	1.1337	6.475451	23.20455
535	12.28401	2.7784117	1.1336	6.475105	23.19927
536	12.28967	2.7780813	1.1276	6.474577	23.19274
537	12.29658	2.7777509	1.1307	6.473904	23.18545
538	12.30254	2.7773852	1.1247	6.473354	23.17842
539	12.30695	2.7770372	1.1277	6.472976	23.17250
540	12.30874	2.7767364	1.1248	6.472882	23.16864
541	12.30802	2.7765418	1.1370	6.473037	23.16729
542	12.30546	2.7764357	1.1401	6.473371	23.16789
543	12.30212	2.7761586	1.1401	6.473858	23.16741
544	12.29873	2.7760466	1.1493	6.474290	23.16847
545	12.29569	2.7759641	1.1432	6.474671	23.16958
546	12.29337	2.7750325	1.1433	6.475284	23.16246
547	12.29259	2.7746198	1.1402	6.475527	23.15915
548	12.29480	2.7749204	1.1373	6.475161	23.16055
549	12.30153	2.7744016	1.1282	6.474579	23.15164
550	12.30898	2.7738650	1.1313	6.473920	23.14213
551	12.31583	2.7735466	1.1314	6.473249	23.13499
552	12.32167	2.7733815	1.1285	6.472638	23.12989
553	12.32370	2.7735760	1.1314	6.472333	23.13042
554	12.32156	2.7737942	1.1345	6.472499	23.13374
555	12.31792	2.7738473	1.1346	6.472898	23.13647
556	12.31518	2.7738060	1.1498	6.473229	23.13777
557	12.31309	2.7736292	1.1498	6.473535	23.13743
558	12.31094	2.7728865	1.1407	6.474057	23.13194
559	12.30832	2.7718433	1.1378	6.474746	23.12398
560	12.30731	2.7706942	1.1347	6.475289	23.11406
561	12.30796	2.7702228	1.1378	6.475389	23.10933
562	12.30975	2.7700814	1.1349	6.475235	23.10693
563	12.31136	2.7702228	1.1349	6.474997	23.10724
564	12.31071	2.7708002	1.1410	6.474859	23.11294
565	12.30826	2.7714308	1.1410	6.474906	23.12023
566	12.30492	2.7719023	1.1471	6.475115	23.12661
567	12.30129	2.7719141	1.1472	6.475530	23.12895
568	12.29783	2.7716548	1.1503	6.476024	23.12870
569	12.29414	2.7705293	1.1503	6.476868	23.12063
570	12.29092	2.7689622	1.1473	6.477820	23.10822
571	12.28902	2.7678135	1.1504	6.478467	23.09885
572	12.28931	2.7677310	1.1353	6.478463	23.09791
573	12.29164	2.7677015	1.1384	6.478206	23.09621
574	12.29444	2.7674306	1.1353	6.477984	23.09201
575	12.29611	2.7671007	1.1354	6.477914	23.08796
576	12.29617	2.7667415	1.1324	6.478041	23.08462
577	12.29503	2.7665236	1.1385	6.478252	23.08332
578	12.29313	2.7663999	1.1356	6.478518	23.08335
579	12.29086	2.7669653	1.1204	6.478569	23.08994
580	12.29194	2.7682258	1.0750	6.477976	23.10086
581	12.31482	2.7705527	1.0023	6.474475	23.10818
582	12.38242	2.7697861	0.9417	6.466981	23.05970
583	12.44781	2.7690726	0.9267	6.459733	23.01318
584	12.47019	2.7690076	0.9297	6.457189	22.99893
585	12.42640	2.7687429	0.9358	6.462313	23.02324
586	12.34034	2.7674007	0.9390	6.472704	23.06363
587	12.24931	2.7661706	0.9389	6.483656	23.10824
588	12.17518	2.7652644	0.9359	6.492560	23.14556
589	12.12581	2.7636752	0.9480	6.498871	23.16140
590	12.08663	2.7373831	1.0057	6.513286	22.94310
591	12.00804	2.7116278	1.0999	6.532166	22.75350
592	11.95429	2.6986085	1.2089	6.543400	22.66594
593	11.92408	2.6938657	1.2938	6.548755	22.64042
594	11.90362	2.6943442	1.3786	6.550987	22.65721
595	11.90314	2.6955342	1.4515	6.550592	22.66848
596	11.91299	2.6940234	1.5303	6.550005	22.64852
597	11.92714	2.6844120	1.6304	6.551979	22.55114
598	11.93694	2.6776060	1.7607	6.553402	22.48238
599	11.95553	2.6717423	1.9031	6.553427	22.41708
600	11.98364	2.6716200	2.0427	6.550153	22.39907
601	11.93546	2.6757034	2.1669	6.554302	22.46558
602	11.83048	2.6817807	2.2942	6.564416	22.58502
603	11.73653	2.6877522	2.4185	6.573272	22.69738
604	11.67221	2.6889767	2.5488	6.580439	22.74795
605	11.55325	2.6979355	2.6670	6.591133	22.90440
606	11.29865	2.7222178	2.8066	6.612028	23.29051
607	11.04941	2.7347651	2.9278	6.636892	23.56712
608	10.85524	2.7401230	3.0612	6.658080	23.74285
609	10.68757	2.7452084	3.1916	6.676255	23.90029
610	10.54723	2.7535887	3.3310	6.689830	24.07268
611	10.43524	2.7574651	3.4764	6.701825	24.18398
612	10.35076	2.7630678	3.6219	6.709786	24.29424
613	10.27618	2.7657180	3.7856	6.717765	24.36970
614	10.21454	2.7709849	3.9372	6.723093	24.46216
615	10.15670	2.7755183	4.0918	6.728259	24.54520
616	10.10531	2.7804733	4.2434	6.732464	24.62823
617	10.06549	2.7824033	4.4041	6.736518	24.67406
618	10.03216	2.7857094	4.5708	6.739206	24.72901
619	10.00323	2.7883552	4.7405	6.741632	24.77458
620	9.97270	2.7915693	4.9103	6.744015	24.82688
621	9.94320	2.7953640	5.0830	6.746027	24.88425
622	9.91489	2.7985810	5.2558	6.748133	24.93522
623	9.88371	2.8005806	5.4316	6.751104	24.97631
624	9.85193	2.8031903	5.6013	6.753889	25.02387
625	9.82146	2.8051379	5.7953	6.756794	25.06408
626	9.79564	2.8079208	5.9559	6.758776	25.10935
627	9.77491	2.8089810	6.1439	6.760866	25.13415
628	9.75609	2.8100355	6.3197	6.762725	25.15761
629	9.73888	2.8104859	6.5137	6.764642	25.17398
630	9.72169	2.8114280	6.7076	6.766350	25.19522
631	9.70228	2.8127732	6.8895	6.768158	25.22201
632	9.68365	2.8137215	7.0865	6.770039	25.24434
633	9.66643	2.8149189	7.2866	6.771643	25.26818
634	9.64860	2.8157608	7.4777	6.773472	25.28895
635	9.63022	2.8167925	7.6502	6.775288	25.31201
636	9.61391	2.8182156	7.8382	6.776683	25.33751
637	9.60037	2.8191943	8.0171	6.777928	25.35667
638	9.58967	2.8196688	8.2050	6.779041	25.36885
639	9.58146	2.8206239	8.3959	6.779642	25.38403
640	9.57564	2.8221366	8.5657	6.779711	25.40308
641	9.57021	2.8242372	8.7506	6.779480	25.42768
642	9.56783	2.8261721	8.9446	6.778947	25.44848
643	9.56528	2.8274900	9.1204	6.778697	25.46329
644	9.55692	2.8288616	9.3054	6.779138	25.48276
645	9.54229	2.8306612	9.4871	6.780162	25.51092
646	9.52214	2.8327404	9.6993	6.781744	25.54581
647	9.49962	2.8351055	9.9085	6.783492	25.58526
648	9.47545	2.8383393	10.1146	6.785068	25.63458
649	9.44777	2.8438706	10.3358	6.786084	25.70935
650	9.40862	2.8515914	10.5480	6.787555	25.81433
651	9.36510	2.8568046	10.7693	6.790637	25.89767
652	9.32626	2.8589090	10.9874	6.794491	25.94672
653	9.29488	2.8618368	11.2056	6.797072	25.99870
654	9.26820	2.8654220	11.4239	6.798789	26.05392
655	9.24869	2.8686685	11.6331	6.799773	26.10061
656	9.22566	2.8737199	11.8421	6.800399	26.16802
657	9.19223	2.8781173	12.0573	6.802583	26.23661
658	9.14813	2.8891871	12.2604	6.803152	26.38033
659	9.05187	2.9174741	12.4574	6.802519	26.73718
660	8.90385	2.9396941	12.6726	6.810788	27.07408
661	8.76137	2.9507861	12.8908	6.823260	27.29598
662	8.62861	2.9570328	13.0940	6.836708	27.46235
663	8.51861	2.9608318	13.3152	6.848482	27.58685
664	8.42727	2.9624032	13.5273	6.858992	27.67442
665	8.34721	2.9656243	13.7395	6.867379	27.77054
666	8.27342	2.9684840	13.9425	6.875166	27.85833
667	8.20822	2.9729715	14.1577	6.881150	27.95650
668	8.15558	2.9773647	14.3697	6.885626	28.04399
669	8.10515	2.9838678	14.5972	6.888852	28.15193
670	8.02487	2.9990802	14.8063	6.891713	28.37520
671	7.88933	3.0154532	15.0246	6.900799	28.65696
672	7.73117	3.0241128	15.2457	6.916251	28.87827
673	7.59509	3.0277128	15.4792	6.931378	29.02935
674	7.48389	3.0297971	15.6853	6.944169	29.14442
675	7.40007	3.0305900	15.9156	6.954203	29.22325
676	7.33951	3.0318032	16.1338	6.961155	29.28720
677	7.29558	3.0322911	16.3521	6.966393	29.32949
678	7.26325	3.0337603	16.5763	6.969716	29.37252
679	7.23565	3.0344128	16.7915	6.972845	29.40286
680	7.20165	3.0369798	17.0158	6.975846	29.45920
681	7.15349	3.0418536	17.2340	6.979492	29.55251
682	7.09350	3.0462909	17.4552	6.984820	29.65153
683	7.02945	3.0493810	17.6886	6.991311	29.73986
684	6.96471	3.0535782	17.9038	6.997345	29.84103
685	6.90402	3.0567627	18.1311	7.003371	29.92807
686	6.84595	3.0606028	18.3432	7.008745	30.02020
687	6.79707	3.0621629	18.5555	7.014096	30.07981
688	6.75129	3.0645002	18.7766	7.018676	30.14528
689	6.71107	3.0650942	19.0009	7.023424	30.18702
690	6.67714	3.0668937	19.2222	7.026789	30.23643
691	6.64653	3.0677998	19.4282	7.030181	30.27326
692	6.61887	3.0683817	19.6433	7.033366	30.30398
693	6.59535	3.0687676	19.8647	7.036131	30.32893
694	6.57164	3.0696066	20.0890	7.038695	30.35903
695	6.54368	3.0709171	20.3012	7.041556	30.39812
696	6.50973	3.0717319	20.5224	7.045420	30.43716
697	6.47719	3.0728592	20.7466	7.048951	30.47843
698	6.44795	3.0735149	20.9618	7.052305	30.51164
699	6.42007	3.0740665	21.1831	7.055542	30.54254
700	6.38617	3.0754758	21.4074	7.059106	30.58832
701	6.34702	3.0770448	21.6377	7.063250	30.64064
702	6.30132	3.0787735	21.8619	7.068141	30.70073
703	6.25425	3.0799386	22.1014	7.073495	30.75599
704	6.20962	3.0810487	22.3408	7.078572	30.80854
705	6.16952	3.0814906	22.5651	7.083420	30.84971
706	6.13566	3.0821041	22.8075	7.087394	30.88717
707	6.10972	3.0833431	23.0348	7.090047	30.92442
708	6.08597	3.0832453	23.2773	7.093109	30.94487
709	6.06260	3.0830126	23.5166	7.096195	30.96351
710	6.03949	3.0832827	23.7591	7.098990	30.98751
711	6.01721	3.0828047	23.9865	7.102068	31.00247
712	5.99367	3.0822777	24.2319	7.105333	31.01804
713	5.97182	3.0821124	24.4593	7.108199	31.03612
714	5.95144	3.0816651	24.6986	7.111024	31.04971
715	5.92774	3.0809971	24.9382	7.114390	31.06391
716	5.89843	3.0800902	25.1714	7.118595	31.08061
717	5.87051	3.0806423	25.4139	7.121868	31.11234
718	5.84973	3.0822673	25.6533	7.123674	31.14953
719	5.83679	3.0832486	25.8835	7.124815	31.17232
720	5.82936	3.0846470	26.1170	7.125037	31.19470
721	5.82451	3.0849477	26.3655	7.125503	31.20243
722	5.81396	3.0862606	26.6019	7.126167	31.22676
723	5.79709	3.0864694	26.8443	7.128212	31.24459
724	5.78008	3.0866721	27.0777	7.130278	31.26249
725	5.76717	3.0868809	27.3171	7.131820	31.27669
726	5.75637	3.0871203	27.5595	7.133077	31.28927
727	5.74785	3.0858260	27.8323	7.134848	31.28253
728	5.74150	3.0852373	28.1021	7.135973	31.28169
729	5.73525	3.0875564	28.3384	7.135559	31.31339
730	5.73031	3.0867650	28.5839	7.136610	31.30898
731	5.72769	3.0865013	28.8233	7.137088	31.30834
732	5.72471	3.0856181	29.0597	7.137936	31.30108
733	5.71872	3.0849189	29.3083	7.139074	31.29869
734	5.71186	3.0847412	29.5536	7.140048	31.30294
735	5.70612	3.0847413	29.7961	7.140787	31.30816
736	5.69987	3.0838767	30.0356	7.142044	31.30414
737	5.69005	3.0830183	30.2720	7.143755	31.30351
738	5.67414	3.0814366	30.5175	7.146627	31.30041
739	5.65457	3.0800146	30.7568	7.149885	31.30251
740	5.63460	3.0794755	31.0023	7.152732	31.31490
741	5.61655	3.0796780	31.2508	7.154942	31.33385
742	5.60041	3.0794208	31.4934	7.157151	31.34587
743	5.58479	3.0778459	31.7418	7.159992	31.34257
744	5.56782	3.0771844	31.9993	7.162526	31.35082
745	5.55396	3.0767924	32.2570	7.164518	31.35920
746	5.54307	3.0769642	32.5086	7.165831	31.37118
747	5.53419	3.0771114	32.7449	7.166898	31.38101
748	5.52827	3.0767622	32.9812	7.167849	31.38249
749	5.52320	3.0765969	33.2419	7.168594	31.38523
750	5.51668	3.0764990	33.4691	7.169489	31.39010
751	5.51091	3.0762602	33.6995	7.170362	31.39269
752	5.50760	3.0762419	33.9480	7.170802	31.39545
753	5.50570	3.0765606	34.1906	7.170883	31.40071
754	5.50891	3.0780130	34.4329	7.169705	31.41399
755	5.52059	3.0806179	34.6602	7.166827	31.43235
756	5.53574	3.0825184	34.9148	7.163881	31.43950
757	5.55014	3.0836896	35.1633	7.161419	31.43911
758	5.56305	3.0842477	35.4057	7.159476	31.43323
759	5.57153	3.0843703	35.6541	7.158329	31.42656
760	5.57515	3.0844501	35.8997	7.157829	31.42396
761	5.57384	3.0851248	36.1453	7.157645	31.43266
762	5.56837	3.0855789	36.3908	7.158112	31.44278
763	5.56209	3.0858305	36.6361	7.158788	31.45137
764	5.55622	3.0855178	36.8907	7.159712	31.45321
765	5.55165	3.0854505	37.1362	7.160338	31.45661
766	5.54738	3.0855058	37.3847	7.160861	31.46110
767	5.54297	3.0857329	37.6242	7.161312	31.46768
768	5.53785	3.0854815	37.8636	7.162107	31.46952
769	5.53364	3.0851872	38.1029	7.162808	31.47003
770	5.53047	3.0847457	38.3696	7.163454	31.46788
771	5.52746	3.0852733	38.6181	7.163566	31.47653
772	5.52380	3.0857948	38.8514	7.163764	31.48573
773	5.51989	3.0847153	39.0940	7.164844	31.47710
774	5.51568	3.0843106	39.3394	7.165604	31.47636
775	5.51021	3.0845315	39.5758	7.166194	31.48386
776	5.50309	3.0841024	39.8152	7.167340	31.48557
777	5.49612	3.0835996	40.0456	7.168507	31.48631
778	5.48615	3.0822630	40.2850	7.170503	31.48045
779	5.47578	3.0816439	40.5335	7.172171	31.48306
780	5.46696	3.0814417	40.7759	7.173417	31.48893
781	5.45769	3.0809453	41.0153	7.174877	31.49189
782	5.44998	3.0807983	41.2517	7.175952	31.49735
783	5.44543	3.0810437	41.4851	7.176413	31.50429
784	5.44332	3.0813258	41.7305	7.176538	31.50933
785	5.44392	3.0816876	41.9761	7.176274	31.51274
786	5.44648	3.0824050	42.2276	7.175569	31.51834
787	5.44968	3.0829937	42.4700	7.174849	31.52187
788	5.45224	3.0829876	42.7034	7.174530	31.51929
789	5.45414	3.0831103	42.9519	7.174226	31.51877
790	5.45564	3.0833557	43.1943	7.173907	31.52001
791	5.45734	3.0837237	43.4277	7.173498	31.52246
792	5.45880	3.0838709	43.6731	7.173239	31.52264
793	5.45774	3.0839752	43.9065	7.173324	31.52470
794	5.45284	3.0836687	44.1429	7.174123	31.52573
795	5.44708	3.0836689	44.3853	7.174868	31.53102
796	5.44262	3.0838836	44.6188	7.175332	31.53752
797	5.44012	3.0839573	44.8732	7.175620	31.54058
798	5.43882	3.0840371	45.1157	7.175750	31.54259
799	5.43757	3.0842825	45.3551	7.175786	31.54643
800	5.43661	3.0843133	45.5886	7.175897	31.54756
801	5.43596	3.0842214	45.8339	7.176035	31.54701
802	5.43541	3.0841356	46.0825	7.176157	31.54644
803	5.43461	3.0843135	46.3249	7.176171	31.54908
804	5.43341	3.0841909	46.5644	7.176396	31.54871
805	5.43196	3.0839028	46.8099	7.176742	31.54669
806	5.43066	3.0837618	47.0553	7.176990	31.54620
807	5.42886	3.0836086	47.3038	7.177309	31.54604
808	5.42610	3.0833450	47.5432	7.177809	31.54553
809	5.42215	3.0830201	47.7766	7.178496	31.54546
810	5.41855	3.0829343	48.0281	7.179011	31.54775
811	5.41640	3.0824929	48.2767	7.179529	31.54466
812	5.41354	3.0822049	48.5251	7.180055	31.54396
813	5.41029	3.0822663	48.7707	7.180446	31.54759
814	5.40734	3.0821560	49.0130	7.180890	31.54900
815	5.40454	3.0822052	49.2526	7.181230	31.55208
816	5.40294	3.0826161	49.5010	7.181222	31.55812
817	5.40169	3.0828798	49.7373	7.181247	31.56217
818	5.40184	3.0834625	49.9830	7.180923	31.56850
819	5.40349	3.0839163	50.2283	7.180474	31.57197
820	5.40519	3.0840513	50.4768	7.180188	31.57178
821	5.40584	3.0841924	50.7133	7.180035	31.57265
822	5.40584	3.0840699	50.9617	7.180106	31.57114
823	5.40464	3.0839902	51.1981	7.180308	31.57125
824	5.40324	3.0840087	51.4466	7.180484	31.57266
825	5.40149	3.0839904	51.6770	7.180725	31.57399
826	5.39889	3.0836103	51.9224	7.181268	31.57201
827	5.39574	3.0835122	52.1709	7.181731	31.57375
828	5.39354	3.0833468	52.4104	7.182108	31.57383
829	5.39179	3.0832978	52.6376	7.182365	31.57481
830	5.39049	3.0831139	52.9043	7.182636	31.57382
831	5.38934	3.0829668	53.1529	7.182869	31.57312
832	5.38759	3.0828688	53.4075	7.183152	31.57353
833	5.38574	3.0830283	53.6529	7.183311	31.57696
834	5.38384	3.0830529	53.8984	7.183548	31.57891
835	5.38099	3.0830224	54.1591	7.183937	31.58112
836	5.37774	3.0831451	54.3984	7.184295	31.58545
837	5.37504	3.0830226	54.6500	7.184714	31.58649
838	5.37259	3.0827897	54.9045	7.185160	31.58603
839	5.36979	3.0825261	55.1681	7.185667	31.58555
840	5.36674	3.0825262	55.4047	7.186065	31.58831
841	5.36424	3.0825570	55.6440	7.186376	31.59090
842	5.36284	3.0825571	55.8895	7.186562	31.59210
843	5.36204	3.0825571	56.1289	7.186670	31.59273
844	5.36099	3.0825020	56.3804	7.186840	31.59298
845	5.36059	3.0824040	56.6229	7.186950	31.59212
846	5.36069	3.0824715	56.8623	7.186906	31.59268
847	5.36094	3.0824716	57.1078	7.186880	31.59232
848	5.36139	3.0824962	57.3441	7.186814	31.59206
849	5.36189	3.0825024	57.5806	7.186752	31.59155
850	5.36249	3.0824657	57.8290	7.186700	31.59045
851	5.36304	3.0823554	58.0838	7.186694	31.58855
852	5.36319	3.0822696	58.3412	7.186727	31.58732
853	5.36324	3.0822819	58.5898	7.186719	31.58729
854	5.36289	3.0822084	58.8201	7.186809	31.58667
855	5.36224	3.0822208	59.0565	7.186892	31.58731
856	5.36169	3.0822944	59.3019	7.186929	31.58854
857	5.36154	3.0824416	59.5382	7.186875	31.59024
858	5.36129	3.0822823	59.7807	7.186998	31.58855
859	5.36154	3.0822946	60.0293	7.186965	31.58833
860	5.36154	3.0821782	60.2747	7.187032	31.58689
861	5.35984	3.0821599	60.5203	7.187267	31.58817
862	5.35660	3.0819147	60.7657	7.187822	31.58833
863	5.35160	3.0816635	61.0202	7.188606	31.59006
864	5.34661	3.0816268	61.2567	7.189275	31.59424
865	5.34226	3.0815656	61.4961	7.189873	31.59753
866	5.33926	3.0813879	61.7416	7.190360	31.59822
867	5.33692	3.0812715	61.9901	7.190731	31.59899
868	5.33537	3.0812042	62.2264	7.190972	31.59957
869	5.33387	3.0811859	62.4719	7.191181	31.60066
870	5.33237	3.0812473	62.7052	7.191346	31.60265
871	5.33087	3.0812351	62.9599	7.191552	31.60380
872	5.32937	3.0812168	63.1962	7.191760	31.60489
873	5.32838	3.0811740	63.4325	7.191918	31.60524
874	5.32743	3.0811005	63.6752	7.192085	31.60518
875	5.32638	3.0811557	63.9175	7.192196	31.60668
876	5.32543	3.0812049	64.1386	7.192297	31.60802
877	5.32473	3.0811559	64.3904	7.192419	31.60800
878	5.32438	3.0812050	64.6236	7.192443	31.60878
879	5.32398	3.0812480	64.8632	7.192477	31.60952
880	5.32338	3.0812174	65.1056	7.192577	31.60962
881	5.32238	3.0812052	65.3420	7.192717	31.61031
882	5.32134	3.0811869	65.5874	7.192868	31.61097
883	5.32024	3.0811564	65.8117	7.193031	31.61155
884	5.31854	3.0810829	66.0541	7.193295	31.61220
885	5.31699	3.0810400	66.2967	7.193523	31.61306
886	5.31604	3.0810524	66.5421	7.193645	31.61397
887	5.31480	3.0811015	66.7875	7.193785	31.61559
888	5.31335	3.0812487	67.0299	7.193898	31.61851
889	5.31090	3.0812059	67.2754	7.194242	31.62021
890	5.30636	3.0807524	67.5149	7.195077	31.61923
891	5.29918	3.0803724	67.7632	7.196214	31.62158
892	5.29005	3.0801090	68.0269	7.197540	31.62709
893	5.28177	3.0798701	68.2876	7.198744	31.63207
894	5.27483	3.0800909	68.5208	7.199526	31.64101
895	5.26945	3.0799317	68.7573	7.200312	31.64418
896	5.26576	3.0798460	68.9937	7.200840	31.64658
897	5.26371	3.0797848	69.2332	7.201143	31.64770
898	5.26192	3.0797848	69.4665	7.201380	31.64928
899	5.25968	3.0796930	69.7180	7.201725	31.65024
900	5.25838	3.0796379	69.9695	7.201928	31.65071
901	5.25758	3.0796932	70.1998	7.202007	31.65198
902	5.25693	3.0796381	70.4423	7.202126	31.65185
903	5.25604	3.0795523	70.6757	7.202293	31.65161
904	5.25424	3.0791724	70.9120	7.202735	31.64887
905	5.25095	3.0787619	71.1575	7.203387	31.64720
906	5.24776	3.0786455	71.3879	7.203867	31.64878
907	5.24487	3.0784924	71.6396	7.204329	31.64965
908	5.24248	3.0782657	71.8790	7.204766	31.64922
909	5.24034	3.0780881	72.1244	7.205145	31.64910
910	5.23809	3.0780024	72.3518	7.205486	31.65014
911	5.23501	3.0774816	72.5941	7.206172	31.64702
912	5.23107	3.0770711	72.8365	7.206908	31.64595
913	5.22808	3.0770712	73.0881	7.207300	31.64866
914	5.22604	3.0770407	73.3396	7.207587	31.65012
915	5.22429	3.0769550	73.5698	7.207864	31.65068
916	5.22151	3.0764588	73.8093	7.208498	31.64756
917	5.21558	3.0756869	74.0396	7.209687	31.64427
918	5.20841	3.0757299	74.2852	7.210597	31.65143
919	5.20408	3.0764898	74.5307	7.210754	31.66406
920	5.20218	3.0771578	74.7790	7.210644	31.67333
921	5.20134	3.0774214	75.0155	7.210616	31.67702
922	5.19989	3.0774766	75.2489	7.210779	31.67890
923	5.19890	3.0775380	75.4882	7.210880	31.68043
924	5.19760	3.0775380	75.7277	7.211053	31.68154
925	5.19611	3.0775688	75.9761	7.211236	31.68318
926	5.19517	3.0775995	76.2308	7.211347	31.68430
927	5.19417	3.0773238	76.4610	7.211631	31.68199
928	5.19039	3.0765151	76.6944	7.212563	31.67625
929	5.18382	3.0759944	76.9399	7.213701	31.67643
930	5.17790	3.0757005	77.1915	7.214632	31.67857
931	5.17133	3.0754065	77.4339	7.215648	31.68132
932	5.16471	3.0752596	77.6947	7.216591	31.68579
933	5.15934	3.0750576	77.9581	7.217403	31.68846
934	5.15427	3.0750149	78.2279	7.218090	31.69265
935	5.14910	3.0750579	78.4641	7.218742	31.69793
936	5.14487	3.0747946	78.7005	7.219439	31.69882
937	5.14094	3.0743291	78.9520	7.220206	31.69712
938	5.13642	3.0741822	79.1915	7.220878	31.69961
939	5.13165	3.0740292	79.4370	7.221586	31.70228
940	5.12747	3.0741579	79.6765	7.222063	31.70759
941	5.12394	3.0745501	79.9157	7.222314	31.71530
942	5.12101	3.0746788	80.1674	7.222630	31.71943
943	5.11902	3.0748872	80.4098	7.222781	31.72358
944	5.11758	3.0750466	80.6614	7.222887	31.72664
945	5.11634	3.0750589	80.8886	7.223047	31.72785
946	5.11510	3.0750774	81.1340	7.223204	31.72912
947	5.11306	3.0752367	81.3796	7.223388	31.73275
948	5.11097	3.0753532	81.6190	7.223601	31.73595
949	5.10874	3.0752921	81.8767	7.223930	31.73725
950	5.10640	3.0752922	82.1190	7.224239	31.73935
951	5.10452	3.0753535	82.3705	7.224456	31.74172
952	5.10283	3.0754087	82.5949	7.224651	31.74385
953	5.10104	3.0753537	82.8374	7.224918	31.74480
954	5.09950	3.0753232	83.0796	7.225141	31.74580
955	5.09821	3.0753232	83.3191	7.225314	31.74691
956	5.09657	3.0753540	83.5677	7.225516	31.74869
957	5.09448	3.0755011	83.8160	7.225712	31.75224
958	5.09200	3.0754706	84.0525	7.226057	31.75413
959	5.08991	3.0755074	84.3101	7.226314	31.75641
960	5.08842	3.0756178	84.5676	7.226453	31.75896
961	5.08703	3.0755995	84.8163	7.226649	31.75995
962	5.08609	3.0757037	85.0677	7.226721	31.76192
963	5.08540	3.0757344	85.3102	7.226800	31.76281
964	5.08480	3.0757529	85.5555	7.226873	31.76347
965	5.08460	3.0758510	85.7950	7.226851	31.76466
966	5.08455	3.0758143	86.0435	7.226884	31.76417
967	5.08440	3.0757899	86.2950	7.226922	31.76391
968	5.08420	3.0758512	86.5344	7.226920	31.76468
969	5.08406	3.0758452	86.7829	7.226949	31.76463
970	5.08371	3.0759678	87.0344	7.226933	31.76623
971	5.08301	3.0760598	87.2739	7.226979	31.76783
972	5.08202	3.0762008	87.5104	7.227037	31.77027
973	5.08132	3.0764030	87.7709	7.227023	31.77311
974	5.08142	3.0765257	88.0405	7.226950	31.77429
975	5.08157	3.0765503	88.3466	7.226924	31.77428
976	5.08152	3.0767096	88.5921	7.226850	31.77602
977	5.08103	3.0768139	88.8314	7.226863	31.77757
978	5.08068	3.0768752	89.0799	7.226881	31.77848
979	5.08083	3.0769550	89.3285	7.226824	31.77912
980	5.08003	3.0771328	89.5859	7.226837	31.78179
981	5.07845	3.0772370	89.8314	7.226992	31.78437
982	5.07666	3.0772249	90.0891	7.227236	31.78580
983	5.07497	3.0772801	90.3435	7.227432	31.78792
984	5.07318	3.0773292	90.5922	7.227643	31.79006
985	5.07169	3.0773109	90.8466	7.227852	31.79114
986	5.07055	3.0773907	91.0861	7.227962	31.79302
987	5.06956	3.0774582	91.3315	7.228060	31.79462
988	5.06817	3.0774276	91.5739	7.228263	31.79548
989	5.06703	3.0774216	91.8286	7.228420	31.79637
990	5.06648	3.0775748	92.0800	7.228414	31.79852
991	5.06569	3.0776975	92.3193	7.228456	31.80056
992	5.06494	3.0778079	92.5588	7.228498	31.80241
993	5.06470	3.0780408	92.8163	7.228410	31.80518
994	5.06489	3.0782247	93.0406	7.228289	31.80699
995	5.06519	3.0782738	93.2831	7.228229	31.80714
996	5.06564	3.0782249	93.5315	7.228204	31.80604
997	5.06604	3.0782740	93.7740	7.228131	31.80610
998	5.06638	3.0783660	94.0224	7.228042	31.80670
999	5.06658	3.0784396	94.2710	7.227982	31.80723
1000	5.06678	3.0785071	94.5256	7.227926	31.80768
1001	5.06683	3.0785010	94.7649	7.227928	31.80745
1002	5.06688	3.0784827	95.0012	7.227937	31.80708
1003	5.06723	3.0785686	95.2498	7.227851	31.80760
1004	5.06718	3.0785932	95.5073	7.227850	31.80780
1005	5.06708	3.0786239	95.7497	7.227852	31.80813
1006	5.06688	3.0785933	95.9953	7.227900	31.80785
1007	5.06628	3.0785995	96.2376	7.227980	31.80837
1008	5.06623	3.0787160	96.4710	7.227928	31.80963
1009	5.06574	3.0788081	96.7255	7.227949	31.81103
1010	5.06509	3.0788327	96.9620	7.228025	31.81181
1011	5.06445	3.0789002	97.2165	7.228078	31.81307
1012	5.06375	3.0788635	97.4468	7.228193	31.81320
1013	5.06316	3.0789493	97.6802	7.228229	31.81464
1014	5.06231	3.0790230	97.9165	7.228304	31.81617
1015	5.06122	3.0789495	98.1589	7.228492	31.81625
1016	5.06038	3.0789312	98.4198	7.228617	31.81672
1017	5.05934	3.0790355	98.6528	7.228701	31.81879
1018	5.05790	3.0790662	98.8892	7.228877	31.82039
1019	5.05552	3.0795505	99.1287	7.228928	31.82808
1020	5.05110	3.0803843	99.3711	7.229053	31.84171
1021	5.04540	3.0809055	99.6226	7.229516	31.85299
1022	5.03979	3.0812612	99.8529	7.230056	31.86230
1023	5.03503	3.0814637	100.0922	7.230569	31.86905
1024	5.03141	3.0816171	100.3408	7.230961	31.87414
1025	5.02888	3.0816662	100.5862	7.231269	31.87700
1026	5.02680	3.0818441	100.8107	7.231447	31.88091
1027	5.02546	3.0819913	101.0287	7.231546	31.88377
1028	5.02467	3.0822244	101.2166	7.231527	31.88710
1029	5.02382	3.0825739	101.3863	7.231449	31.89183
1030	5.02333	3.0835122	101.4925	7.231005	31.90299
1031	5.02447	3.0842420	101.5260	7.230460	31.91023
1032	5.02977	3.0848308	101.5170	7.229450	31.91190
1033	5.04113	3.0848552	101.4991	7.227963	31.90132
1034	5.05070	3.0847999	101.5082	7.226752	31.89153
1035	5.05621	3.0850022	101.5054	7.225928	31.88858
1036	5.05834	3.0852108	101.4905	7.225537	31.88894
1037	5.05904	3.0850758	101.4877	7.225520	31.88673
1038	5.05755	3.0850636	101.4938	7.225720	31.88801
1039	5.05507	3.0853273	101.4820	7.225898	31.89340
1040	5.05313	3.0854807	101.4760	7.226065	31.89701
1041	5.05115	3.0854439	101.4760	7.226343	31.89849
1042	5.04832	3.0852293	101.4763	7.226826	31.89873
1043	5.04559	3.0853274	101.4675	7.227126	31.90247
1044	5.04316	3.0854133	101.4736	7.227395	31.90577
1045	5.04073	3.0854808	101.4800	7.227674	31.90887
1046	5.03880	3.0858857	101.4799	7.227704	31.91535
1047	5.03850	3.0864378	101.4743	7.227442	31.92196
1048	5.04009	3.0867445	101.4743	7.227069	31.92395
1049	5.04212	3.0869102	101.4685	7.226715	31.92390
1050	5.04356	3.0872414	101.4656	7.226348	31.92631
1051	5.04470	3.0875850	101.4687	7.226013	31.92915
1052	5.04584	3.0879900	101.4658	7.225645	31.93269
1053	5.04703	3.0882599	101.4571	7.225343	31.93465
1054	5.04783	3.0884317	101.4541	7.225147	31.93585
1055	5.04778	3.0886404	101.4422	7.225040	31.93829
1056	5.04807	3.0888490	101.4454	7.224888	31.94039
1057	5.04882	3.0890761	101.4424	7.224667	31.94228
1058	5.04956	3.0892540	101.4396	7.224474	31.94361
1059	5.05065	3.0893399	101.4368	7.224286	31.94354
1060	5.05140	3.0884624	101.3914	7.224666	31.93282
1061	5.05626	3.0892539	101.2888	7.223603	31.93727
1062	5.07661	3.0893089	101.1043	7.220933	31.91852
1063	5.09155	3.0894867	100.9196	7.218898	31.90635
1064	5.10109	3.0897811	100.7382	7.217500	31.90070
1065	5.10750	3.0899835	100.5535	7.216557	31.89698
1066	5.11152	3.0901798	100.3630	7.215925	31.89547
1067	5.11475	3.0903086	100.1693	7.215433	31.89395
1068	5.11748	3.0900446	99.9727	7.215218	31.88843
1069	5.11962	3.0896210	99.7577	7.215166	31.88166
1070	5.12186	3.0894859	99.5549	7.214946	31.87808
1071	5.12543	3.0895718	99.3341	7.214431	31.87575
1072	5.12931	3.0894060	99.1102	7.214014	31.87027
1073	5.13264	3.0891052	98.8861	7.213742	31.86377
1074	5.13518	3.0891910	98.6593	7.213362	31.86245
1075	5.13716	3.0898107	98.4293	7.212764	31.86774
1076	5.13856	3.0901605	98.1933	7.212389	31.87051
1077	5.13890	3.0903998	97.9725	7.212209	31.87302
1078	5.13846	3.0905409	97.7241	7.212185	31.87518
1079	5.13826	3.0906022	97.4942	7.212172	31.87618
1080	5.13806	3.0907065	97.2611	7.212136	31.87768
1081	5.13826	3.0907739	97.0221	7.212068	31.87838
1082	5.13875	3.0906879	96.7889	7.212045	31.87703
1083	5.13870	3.0906449	96.5559	7.212069	31.87671
1084	5.13567	3.0906019	96.3228	7.212479	31.87922
1085	5.12782	3.0905835	96.0749	7.213498	31.88663
1086	5.11917	3.0906878	95.8417	7.214554	31.89619
1087	5.11306	3.0906326	95.6026	7.215369	31.90152
1088	5.10765	3.0905528	95.3665	7.216107	31.90590
1089	5.10144	3.0904239	95.1306	7.216975	31.91047
1090	5.09617	3.0903379	94.8885	7.217697	31.91464
1091	5.09260	3.0905527	94.6433	7.218037	31.92064
1092	5.09150	3.0908043	94.4043	7.218036	31.92467
1093	5.09284	3.0911602	94.1621	7.217664	31.92758
1094	5.09543	3.0912645	93.9200	7.217267	31.92642
1095	5.09697	3.0913319	93.6809	7.217026	31.92584
1096	5.09771	3.0914485	93.4328	7.216861	31.92658
1097	5.09836	3.0915405	93.1934	7.216722	31.92713
1098	5.09905	3.0915956	92.9422	7.216596	31.92722
1099	5.09945	3.0916938	92.7033	7.216486	31.92808
1100	5.09990	3.0917428	92.4611	7.216395	31.92833
1101	5.10039	3.0918041	92.2160	7.216292	31.92868
1102	5.10104	3.0918838	91.9708	7.216160	31.92909
1103	5.10178	3.0919758	91.7135	7.216007	31.92956
1104	5.10263	3.0919758	91.4684	7.215892	31.92887
1105	5.10322	3.0919450	91.2141	7.215826	31.92807
1106	5.10352	3.0919510	90.9720	7.215779	31.92798
1107	5.10352	3.0919755	90.7117	7.215759	31.92839
1108	5.10362	3.0921228	90.4696	7.215661	31.93009
1109	5.10442	3.0922148	90.2183	7.215502	31.93051
1110	5.10521	3.0918832	89.9671	7.215574	31.92608
1111	5.10501	3.0915701	89.7159	7.215763	31.92282
1112	5.10337	3.0913920	89.4708	7.216066	31.92247
1113	5.10163	3.0908886	89.2195	7.216558	31.91851
1114	5.09905	3.0905387	88.9743	7.217076	31.91710
1115	5.09647	3.0905386	88.7202	7.217405	31.91970
1116	5.09548	3.0908270	88.4810	7.217371	31.92406
1117	5.09647	3.0912137	88.2267	7.217027	31.92765
1118	5.09880	3.0913547	87.9816	7.216642	31.92715
1119	5.10099	3.0916861	87.7183	7.216174	31.92898
1120	5.10183	3.0915080	87.4457	7.216155	31.92627
1121	5.10283	3.0908266	87.1974	7.216390	31.91766
1122	5.10362	3.0902434	86.9494	7.216598	31.91036
1123	5.10303	3.0900408	86.6951	7.216779	31.90874
1124	5.10248	3.0896173	86.4499	7.217074	31.90455
1125	5.10019	3.0896909	86.1987	7.217324	31.90769
1126	5.09935	3.0897460	85.9534	7.217397	31.90925
1127	5.10010	3.0893654	85.6993	7.217501	31.90432
1128	5.09965	3.0889849	85.4480	7.217760	31.90052
1129	5.09841	3.0881012	85.2059	7.218395	31.89173
1130	5.09652	3.0871072	84.9545	7.219173	31.88230
1131	5.09438	3.0864936	84.7094	7.219776	31.87745
1132	5.09329	3.0862175	84.4612	7.220062	31.87546
1133	5.09279	3.0858494	84.2131	7.220320	31.87185
1134	5.09260	3.0852236	83.9709	7.220680	31.86501
1135	5.09160	3.0847083	83.7196	7.221083	31.86020
1136	5.09056	3.0848248	83.4715	7.221149	31.86265
1137	5.09106	3.0853829	83.2262	7.220776	31.86867
1138	5.09250	3.0859655	82.9779	7.220267	31.87408
1139	5.09483	3.0865237	82.7328	7.219656	31.87834
1140	5.09662	3.0870819	82.4814	7.219115	31.88314
1141	5.09796	3.0863456	82.2363	7.219336	31.87357
1142	5.09865	3.0861247	81.9911	7.219360	31.87050
1143	5.09880	3.0863761	81.7459	7.219198	31.87335
1144	5.09915	3.0854682	81.4946	7.219640	31.86277
1145	5.09925	3.0849467	81.2495	7.219905	31.85684
1146	5.09875	3.0847933	81.0043	7.220047	31.85568
1147	5.09831	3.0843271	80.7559	7.220352	31.85091
1148	5.09796	3.0842964	80.5079	7.220408	31.85101
1149	5.09766	3.0849710	80.2597	7.220074	31.85912
1150	5.09826	3.0854739	80.0113	7.219718	31.86442
1151	5.09970	3.0857007	79.7631	7.219403	31.86576
1152	5.10124	3.0862589	79.5178	7.218895	31.87079
1153	5.10263	3.0872036	79.2728	7.218196	31.88037
1154	5.10313	3.0879582	79.0244	7.217717	31.88864
1155	5.10327	3.0887190	78.7763	7.217279	31.89731
1156	5.10928	3.0894307	78.5282	7.216109	31.89982
1157	5.12116	3.0899522	78.2860	7.214285	31.89456
1158	5.13219	3.0901116	78.0377	7.212766	31.88596
1159	5.14044	3.0904490	77.7925	7.211511	31.88206
1160	5.14586	3.0908908	77.5350	7.210566	31.88205
1161	5.14969	3.0915966	77.2657	7.209683	31.88659
1162	5.15556	3.0902399	77.0113	7.209653	31.86563
1163	5.15934	3.0895647	76.7722	7.209525	31.85445
1164	5.16053	3.0901415	76.5179	7.209053	31.86001
1165	5.16058	3.0905650	76.2729	7.208811	31.86492
1166	5.15869	3.0909148	76.0276	7.208860	31.87083
1167	5.15631	3.0916268	75.7795	7.208778	31.88135
1168	5.15551	3.0919152	75.5341	7.208719	31.88552
1169	5.15730	3.0918783	75.2889	7.208502	31.88351
1170	5.16098	3.0919150	75.0376	7.208001	31.88054
1171	5.16546	3.0919702	74.7865	7.207387	31.87703
1172	5.17043	3.0919700	74.5442	7.206739	31.87240
1173	5.17461	3.0922339	74.2958	7.206051	31.87155
1174	5.17859	3.0923566	74.0538	7.205466	31.86927
1175	5.18093	3.0920618	73.8085	7.205318	31.86380
1176	5.18367	3.0912698	73.5664	7.205387	31.85228
1177	5.18745	3.0908584	73.3242	7.205115	31.84411
1178	5.18899	3.0908215	73.0789	7.204930	31.84234
1179	5.18840	3.0905637	72.8307	7.205141	31.84009
1180	5.18770	3.0904838	72.5916	7.205268	31.83996
1181	5.18735	3.0900357	72.3433	7.205549	31.83531
1182	5.18720	3.0894771	72.0859	7.205864	31.82921
1183	5.18735	3.0886547	71.8408	7.206284	31.81982
1184	5.18641	3.0879245	71.6015	7.206795	31.81251
1185	5.18213	3.0874827	71.3564	7.207581	31.81167
1186	5.17217	3.0871084	71.1171	7.209063	31.81699
1187	5.15954	3.0868079	70.8749	7.210853	31.82572
1188	5.14765	3.0864582	70.6206	7.212573	31.83318
1189	5.13582	3.0859920	70.3723	7.214350	31.83926
1190	5.12439	3.0854952	70.1240	7.216092	31.84461
1191	5.11579	3.0852560	69.8849	7.217329	31.85020
1192	5.10819	3.0849370	69.6337	7.218480	31.85393
1193	5.10129	3.0846733	69.3914	7.219512	31.85763
1194	5.09577	3.0845445	69.1401	7.220289	31.86154
1195	5.09195	3.0844647	68.8979	7.220822	31.86440
1196	5.09001	3.0844831	68.6496	7.221057	31.86658
1197	5.08962	3.0846731	68.4135	7.221000	31.86925
1198	5.08842	3.0845872	68.1683	7.221195	31.86953
1199	5.08793	3.0844522	67.9230	7.221327	31.86858
1200	5.08823	3.0842620	67.6748	7.221386	31.86624
1201	5.08833	3.0841086	67.4325	7.221451	31.86452
1202	5.08907	3.0837651	67.1872	7.221535	31.86000
1203	5.09031	3.0837956	66.9301	7.221352	31.85929
1204	5.09255	3.0839243	66.6909	7.220987	31.85875
1205	5.09339	3.0834153	66.4515	7.221148	31.85224
1206	5.09851	3.0834703	66.2063	7.220450	31.84811
1207	5.10139	3.0834273	65.9613	7.220095	31.84499
1208	5.10104	3.0832984	65.7190	7.220204	31.84397
1209	5.10039	3.0832125	65.4797	7.220329	31.84372
1210	5.10010	3.0831511	65.2465	7.220395	31.84342
1211	5.09935	3.0830039	65.0133	7.220566	31.84256
1212	5.09955	3.0829977	64.7652	7.220538	31.84243
1213	5.10208	3.0830037	64.5230	7.220201	31.84020
1214	5.10273	3.0829055	64.2868	7.220165	31.83858
1215	5.10317	3.0828564	64.0475	7.220128	31.83771
1216	5.10303	3.0827950	63.8082	7.220175	31.83727
1217	5.10248	3.0828747	63.5721	7.220197	31.83881
1218	5.10173	3.0829421	63.3392	7.220252	31.84041
1219	5.10099	3.0830340	63.0968	7.220292	31.84229
1220	5.10039	3.0829665	62.8608	7.220401	31.84220
1221	5.10010	3.0827702	62.6216	7.220540	31.84036
1222	5.10074	3.0826229	62.3853	7.220531	31.83818
1223	5.10337	3.0826228	62.1492	7.220185	31.83579
1224	5.10611	3.0828251	61.9160	7.219715	31.83561
1225	5.10705	3.0828434	61.6768	7.219578	31.83503
1226	5.10750	3.0827697	61.4437	7.219554	31.83388
1227	5.10794	3.0827819	61.1955	7.219484	31.83372
1228	5.10824	3.0827083	60.9622	7.219480	31.83271
1229	5.10869	3.0825610	60.7201	7.219496	31.83072
1230	5.10958	3.0824383	60.4718	7.219441	31.82858
1231	5.11246	3.0825915	60.2326	7.218979	31.82771
1232	5.11395	3.0825608	59.9965	7.218797	31.82605
1233	5.11395	3.0827814	59.7541	7.218672	31.82869
1234	5.11311	3.0825606	59.5181	7.218896	31.82709
1235	5.11311	3.0823459	59.2758	7.219006	31.82476
1236	5.11316	3.0822723	59.0425	7.219034	31.82398
1237	5.11395	3.0822109	58.8094	7.218959	31.82264
1238	5.11530	3.0822844	58.5703	7.218740	31.82232
1239	5.11550	3.0823579	58.3463	7.218669	31.82308
1240	5.11525	3.0823762	58.1221	7.218686	31.82364
1241	5.11505	3.0823578	57.8859	7.218716	31.82373
1242	5.11475	3.0821247	57.6589	7.218876	31.82147
1243	5.11425	3.0819468	57.4197	7.219031	31.82003
1244	5.11530	3.0819468	57.1894	7.218891	31.81914
1245	5.11723	3.0821490	56.9624	7.218525	31.81972
1246	5.11694	3.0821305	56.7261	7.218568	31.81991
1247	5.11629	3.0820324	56.4932	7.218699	31.81952
1248	5.11718	3.0820691	56.2660	7.218558	31.81920
1249	5.11773	3.0820629	56.0298	7.218485	31.81872
1250	5.11853	3.0821486	55.7936	7.218330	31.81906
1251	5.11877	3.0821608	55.5574	7.218286	31.81908
1252	5.11858	3.0820075	55.3213	7.218390	31.81763
1253	5.11887	3.0818173	55.0911	7.218449	31.81529
1254	5.12101	3.0817682	54.8518	7.218193	31.81281
1255	5.12384	3.0817988	54.6157	7.217804	31.81058
1256	5.12603	3.0818171	54.3733	7.217505	31.80882
1257	5.12737	3.0818599	54.1340	7.217303	31.80815
1258	5.12827	3.0817862	53.9010	7.217221	31.80657
1259	5.12906	3.0818904	53.6618	7.217056	31.80712
1260	5.12891	3.0819762	53.4346	7.217024	31.80836
1261	5.12856	3.0817860	53.2013	7.217167	31.80663
1262	5.12876	3.0815959	52.9713	7.217239	31.80439
1263	5.13025	3.0815345	52.7351	7.217073	31.80238
1264	5.13388	3.0815405	52.4989	7.216595	31.79911
1265	5.13632	3.0816508	52.2658	7.216214	31.79816
1266	5.13781	3.0815403	52.0357	7.216076	31.79560
1267	5.13900	3.0815341	51.8023	7.215919	31.79451
1268	5.13960	3.0814789	51.5693	7.215866	31.79342
1269	5.14069	3.0814481	51.3422	7.215736	31.79214
1270	5.14179	3.0813009	51.1029	7.215669	31.78954
1271	5.14263	3.0812334	50.8667	7.215590	31.78808
1272	5.14273	3.0813866	50.6336	7.215489	31.78985
1273	5.14223	3.0814172	50.4035	7.215531	31.79078
1274	5.14179	3.0811106	50.1640	7.215750	31.78783
1275	5.14189	3.0811841	49.9281	7.215692	31.78869
1276	5.14313	3.0814783	49.6886	7.215366	31.79098
1277	5.14527	3.0815088	49.4524	7.215067	31.78941
1278	5.14770	3.0816498	49.2162	7.214670	31.78882
1279	5.14865	3.0814474	48.9892	7.214652	31.78572
1280	5.14880	3.0816803	48.7469	7.214501	31.78836
1281	5.14870	3.0814472	48.5197	7.214634	31.78590
1282	5.14875	3.0811406	48.2837	7.214789	31.78247
1283	5.14934	3.0812448	48.0535	7.214650	31.78321
1284	5.15193	3.0812631	47.8263	7.214300	31.78107
1285	5.15496	3.0811281	47.5962	7.213975	31.77675
1286	5.15725	3.0811280	47.3599	7.213673	31.77469
1287	5.15800	3.0812015	47.1266	7.213532	31.77494
1288	5.15805	3.0812995	46.8936	7.213467	31.77612
1289	5.15790	3.0814159	46.6664	7.213418	31.77770
1290	5.15750	3.0811277	46.4332	7.213620	31.77491
1291	5.15685	3.0808886	46.2031	7.213827	31.77291
1292	5.15665	3.0808272	45.9669	7.213881	31.77252
1293	5.15720	3.0808639	45.7399	7.213785	31.77253
1294	5.16048	3.0811703	45.5004	7.213189	31.77302
1295	5.16596	3.0812683	45.2644	7.212422	31.76905
1296	5.16974	3.0810965	45.0311	7.212021	31.76361
1297	5.17168	3.0812313	44.7979	7.211691	31.76341
1298	5.17188	3.0821203	44.5738	7.211180	31.77347
1299	5.17068	3.0826475	44.3435	7.211043	31.78073
1300	5.16924	3.0813537	44.1044	7.211924	31.76747
1301	5.16780	3.0807468	43.8712	7.212434	31.76204
1302	5.16615	3.0805199	43.6350	7.212763	31.76113
1303	5.16581	3.0802440	43.4108	7.212953	31.75842
1304	5.16725	3.0805075	43.1745	7.212618	31.76017
1305	5.16959	3.0806729	42.9414	7.212220	31.75995
1306	5.17202	3.0803663	42.7112	7.212065	31.75425
1307	5.17426	3.0802742	42.4810	7.211820	31.75118
1308	5.17680	3.0804213	42.2540	7.211407	31.75056
1309	5.18023	3.0806848	42.0238	7.210815	31.75041
1310	5.18387	3.0805192	41.7967	7.210430	31.74519
1311	5.18745	3.0803351	41.5695	7.210060	31.73980
1312	5.19138	3.0803657	41.3394	7.209530	31.73652
1313	5.19432	3.0803349	41.1031	7.209161	31.73350
1314	5.19651	3.0803348	40.8668	7.208873	31.73154
1315	5.19760	3.0804267	40.6305	7.208676	31.73166
1316	5.19895	3.0801017	40.3975	7.208672	31.72680
1317	5.19970	3.0799913	40.1703	7.208630	31.72494
1318	5.20169	3.0799545	39.9338	7.208387	31.72275
1319	5.20328	3.0801260	39.7069	7.208083	31.72330
1320	5.20433	3.0800830	39.4646	7.207966	31.72194
1321	5.20607	3.0799849	39.2373	7.207788	31.71928
1322	5.20741	3.0800829	39.0071	7.207556	31.71923
1323	5.20915	3.0801563	38.7830	7.207286	31.71853
1324	5.21135	3.0803340	38.5347	7.206901	31.71859
1325	5.21404	3.0810450	38.2954	7.206164	31.72426
1326	5.21543	3.0822037	38.0652	7.205353	31.73624
1327	5.21359	3.0817377	37.8411	7.205838	31.73279
1328	5.21065	3.0807322	37.6109	7.206755	31.72424
1329	5.20756	3.0805360	37.3806	7.207254	31.72505
1330	5.20497	3.0804563	37.1415	7.207626	31.72672
1331	5.20353	3.0798616	36.9112	7.208129	31.72143
1332	5.20388	3.0796899	36.6780	7.208171	31.71926
1333	5.20766	3.0797450	36.4387	7.207646	31.71641
1334	5.21473	3.0797203	36.1934	7.206740	31.70954
1335	5.22056	3.0796834	35.9632	7.206001	31.70371
1336	5.22400	3.0798610	35.7208	7.205456	31.70259
1337	5.22693	3.0797445	35.4816	7.205133	31.69859
1338	5.22873	3.0797137	35.2302	7.204912	31.69667
1339	5.22953	3.0796278	34.9941	7.204850	31.69505
1340	5.23042	3.0793458	34.7425	7.204881	31.69111
1341	5.23167	3.0793396	34.5001	7.204717	31.68998
1342	5.23396	3.0795418	34.2639	7.204307	31.69023
1343	5.23710	3.0796826	34.0157	7.203819	31.68898
1344	5.24024	3.0795109	33.7672	7.203501	31.68417
1345	5.24268	3.0797131	33.5189	7.203071	31.68428
1346	5.24572	3.0796272	33.2735	7.202718	31.68054
1347	5.24841	3.0793941	33.0250	7.202491	31.67546
1348	5.25060	3.0794370	32.7796	7.202179	31.67399
1349	5.25230	3.0797433	32.5313	7.201789	31.67600
1350	5.25349	3.0798597	32.2921	7.201566	31.67630
1351	5.25454	3.0795593	32.0469	7.201587	31.67202
1352	5.25524	3.0794550	31.7953	7.201547	31.67029
1353	5.25449	3.0794978	31.5470	7.201615	31.67161
1354	5.25344	3.0797430	31.3016	7.201613	31.67551
1355	5.25235	3.0796877	31.0622	7.201778	31.67604
1356	5.25125	3.0794977	30.8049	7.202016	31.67504
1357	5.25020	3.0794792	30.5594	7.202156	31.67594
1358	5.24876	3.0793443	30.3110	7.202409	31.67590
1359	5.24816	3.0792768	30.0596	7.202517	31.67582
1360	5.24811	3.0792767	29.8082	7.202518	31.67599
1361	5.24751	3.0790315	29.5719	7.202722	31.67388
1362	5.24687	3.0788414	29.3203	7.202902	31.67246
1363	5.24602	3.0790620	29.0720	7.202887	31.67589
1364	5.24562	3.0791049	28.8146	7.202909	31.67688
1365	5.24537	3.0788106	28.5692	7.203094	31.67389
1366	5.24502	3.0791599	28.3087	7.202945	31.67832
1367	5.24462	3.0796011	28.0573	7.202753	31.68384
1368	5.24417	3.0795275	27.8058	7.202845	31.68355
1369	5.24402	3.0795090	27.5546	7.202868	31.68361
1370	5.24368	3.0794783	27.2939	7.202924	31.68372
1371	5.24328	3.0795886	27.0453	7.202910	31.68547
1372	5.24283	3.0797417	26.7850	7.202879	31.68777
1373	5.24253	3.0796191	26.5305	7.202978	31.68678
1374	5.24746	3.0796251	26.2853	7.202332	31.68229
1375	5.26880	3.0797413	26.0276	7.199509	31.66354
1376	5.30756	3.0797101	25.7791	7.194518	31.62666
1377	5.35954	3.0793908	25.5277	7.187983	31.57411
1378	5.40789	3.0787222	25.2764	7.182109	31.52115
1379	5.44773	3.0781640	25.0219	7.177275	31.47755
1380	5.47518	3.0779308	24.7645	7.173864	31.44931
1381	5.50003	3.0767784	24.5099	7.171276	31.41315
1382	5.53283	3.0758589	24.2586	7.167544	31.37225
1383	5.56129	3.0753623	23.9977	7.164147	31.34023
1384	5.58801	3.0748903	23.7465	7.160962	31.31015
1385	5.61449	3.0739282	23.4859	7.158067	31.27481
1386	5.63832	3.0728070	23.2314	7.155597	31.24019
1387	5.66448	3.0714227	22.9709	7.152966	31.20051
1388	5.69015	3.0697018	22.7195	7.150575	31.15754
1389	5.71332	3.0689179	22.4650	7.148012	31.12746
1390	5.73812	3.0686544	22.2104	7.144969	31.10174
1391	5.76011	3.0674238	21.9498	7.142793	31.06782
1392	5.77625	3.0677786	21.6864	7.140535	31.05705
1393	5.78417	3.0676988	21.4380	7.139557	31.04899
1394	5.78018	3.0683660	21.1714	7.139712	31.06025
1395	5.77554	3.0693270	20.9167	7.139797	31.07540
1396	5.77357	3.0728478	20.6411	7.138200	31.11676
1397	5.77635	3.0740727	20.3836	7.137198	31.12804
1398	5.77236	3.0756654	20.1230	7.136868	31.14968
1399	5.74523	3.0778102	19.8625	7.139206	31.19891
1400	5.69433	3.0787789	19.5958	7.145197	31.25705
1401	5.62640	3.0793863	19.3323	7.153565	31.32713
1402	5.55798	3.0793563	19.0686	7.162345	31.39071
1403	5.50495	3.0787806	18.8172	7.169451	31.43391
1404	5.46671	3.0748654	18.5628	7.176442	31.42560
1405	5.44202	3.0724339	18.3203	7.180910	31.42135
1406	5.45724	3.0706640	18.1235	7.179889	31.38719
1407	5.57967	3.0683364	17.9357	7.165369	31.24690
1408	5.73867	3.0647241	17.7358	7.146860	31.05932
1409	5.90056	3.0616761	17.5508	7.127730	30.87688
1410	6.03619	3.0585011	17.3601	7.112057	30.71825
1411	6.14080	3.0564216	17.1480	7.099798	30.60075
1412	6.21869	3.0549479	16.9329	7.090644	30.51450
1413	6.27998	3.0533219	16.7178	7.083686	30.44175
1414	6.32918	3.0521056	16.5058	7.078058	30.38450
1415	6.36641	3.0510057	16.2996	7.073891	30.33932
1416	6.39805	3.0501136	16.0815	7.070329	30.30148
1417	6.42248	3.0485316	15.8605	7.068030	30.26253
1418	6.44190	3.0484642	15.6453	7.065600	30.24466
1419	6.45898	3.0471024	15.4302	7.064122	30.21471
1420	6.47082	3.0462110	15.2120	7.063067	30.19456
1421	6.47703	3.0474379	14.9970	7.061658	30.20260
1422	6.47052	3.0519326	14.7850	7.060212	30.25771
1423	6.46482	3.0544559	14.5699	7.059655	30.29051
1424	6.45339	3.0574324	14.3518	7.059594	30.33339
1425	6.42222	3.0570842	14.1397	7.063703	30.35739
1426	6.38504	3.0578425	13.9305	7.068017	30.39894
1427	6.35188	3.0589554	13.7185	7.071644	30.44087
1428	6.32212	3.0598117	13.5034	7.074972	30.47700
1429	6.29422	3.0613774	13.2852	7.077705	30.51934
1430	6.26012	3.0631208	13.0701	7.081133	30.56928
1431	6.21859	3.0653604	12.8552	7.085249	30.63147
1432	6.16768	3.0668356	12.6491	7.090945	30.69381
1433	6.10865	3.0668728	12.4431	7.098416	30.74774
1434	6.05117	3.0629086	12.2370	7.107763	30.75599
1435	6.01975	3.0605419	12.0341	7.112984	30.75832
1436	6.00265	3.0605971	11.8218	7.115131	30.77457
1437	5.98485	3.0605483	11.6159	7.117422	30.79030
1438	5.96655	3.0600469	11.4038	7.120012	30.80147
1439	5.95535	3.0584390	11.1978	7.122271	30.79387
1440	5.95251	3.0574058	10.9825	7.123165	30.78505
1441	5.95388	3.0587445	10.7705	7.122291	30.79881
1442	5.95150	3.0617898	10.5554	7.121011	30.83497
1443	5.94172	3.0674186	10.3464	7.119335	30.90668
1444	5.92931	3.0671922	10.1344	7.121030	30.91559
1445	5.91528	3.0687653	9.9191	7.121997	30.94606
1446	5.87981	3.0706451	9.7010	7.125539	30.99963
1447	5.82588	3.0707497	9.4860	7.132365	31.05043
1448	5.77534	3.0703399	9.2709	7.139034	31.09247
1449	5.72844	3.0700464	9.0648	7.145184	31.13255
1450	5.69509	3.0701630	8.8558	7.149390	31.16478
1451	5.67349	3.0701570	8.6406	7.152156	31.18481
1452	5.65774	3.0700469	8.4286	7.154229	31.19826
1453	5.64828	3.0692633	8.2103	7.155850	31.19833
1454	5.64536	3.0700775	7.9982	7.155790	31.21028
1455	5.64330	3.0704326	7.7864	7.155863	31.21629
1456	5.63867	3.0693183	7.5681	7.157039	31.20816
1457	5.63591	3.0669372	7.3469	7.158646	31.18406
1458	5.63173	3.0653645	7.1287	7.160007	31.17035
1459	5.62625	3.0654257	6.9134	7.160673	31.17622
1460	5.62102	3.0644161	6.6954	7.161873	31.16982
1461	5.62027	3.0636820	6.4834	7.162353	31.16236
1462	5.62283	3.0640122	6.2683	7.161844	31.16380
1463	5.62892	3.0641161	6.0438	7.161003	31.15944
1464	5.63757	3.0652172	5.8229	7.159306	31.16392
1465	5.64104	3.0653946	5.6047	7.158762	31.16280
1466	5.63897	3.0648989	5.3775	7.159283	31.15925
1467	5.63329	3.0651498	5.1622	7.159875	31.16744
1468	5.62469	3.0658596	4.9319	7.160600	31.18349
1469	5.61293	3.0662819	4.7167	7.161883	31.19925
1470	5.59680	3.0664411	4.4985	7.163867	31.21611
1471	5.58404	3.0666431	4.2834	7.165395	31.23034
1472	5.57751	3.0672061	4.0621	7.165931	31.24285
1473	5.57590	3.0684486	3.8471	7.165475	31.25844
1474	5.57751	3.0689566	3.6229	7.164995	31.26278
1475	5.58198	3.0694952	3.4047	7.164130	31.26479
1476	5.58740	3.0695379	3.1833	7.163406	31.26034
1477	5.58595	3.0692930	2.9652	7.163718	31.25904
1478	5.58243	3.0692930	2.7534	7.164165	31.26241
1479	5.57987	3.0655167	2.5320	7.166487	31.22237
1480	5.57776	3.0654799	2.3169	7.166773	31.22402
1481	5.57701	3.0672056	2.1047	7.165952	31.24425
1482	5.57776	3.0662386	1.8897	7.166362	31.23277
1483	5.58198	3.0695988	1.6805	7.164037	31.26679
1484	5.58750	3.0686804	1.4532	7.163808	31.25142
1485	5.61363	3.0685332	1.2411	7.160525	31.22559
1486	5.79871	3.0704903	1.0261	7.135784	31.07655
1487	5.92708	3.0729261	0.8320	7.118132	30.98594
1488	5.92804	3.0735324	0.6319	7.117690	30.99191
1489	5.82916	3.0740111	0.4321	7.130042	31.08818
1490	5.76409	3.0744772	0.2382	7.138104	31.15350
1491	5.72401	3.0758437	0.0775	7.142507	31.20596
1492	5.62987	3.0815445	0.0535	7.151547	31.35747
1493	5.52496	3.0857219	0.0566	7.162771	31.50263
1494	5.47838	3.0375711	0.0536	7.194375	31.00259
1495	5.57791	3.0331504	0.0507	7.183825	30.86117
1496	5.87314	3.0304664	0.0537	7.147112	30.56214
1497	6.07845	1.8539753	0.0538	7.734529	17.72583
1498	6.16957	0.6207570	0.0569	8.362767	5.42751
1499	6.17456	0.9504785	0.0539	8.191623	8.57453
1500	6.17777	0.9379144	0.0510	8.197541	8.45173
1501	6.18490	1.0274196	0.0511	8.149642	9.32198
1502	6.18949	1.1933995	0.0572	8.062223	10.95609
1503	6.19112	1.1594251	0.0543	8.079665	10.61897
1504	6.19117	1.2377653	0.0453	8.038737	11.39649
1505	6.19091	1.2450425	0.0513	8.034980	11.46904
1506	6.19056	1.1079104	0.0482	8.106646	10.11057
1507	6.19051	1.0307679	0.0514	8.146848	9.35320
1508	6.19061	0.8793219	0.0515	8.225480	7.88185
1509	6.19051	0.7937407	0.0516	8.269747	7.06030
1510	6.19025	0.9070481	0.0487	8.211179	8.14968
1511	6.19035	0.9346842	0.0609	8.196823	8.41727
1512	6.18989	0.7757140	0.0579	8.279165	6.88834
1513	6.18780	0.5686584	0.0489	8.385668	4.93894
1514	6.18521	0.4220925	0.0489	8.460215	3.59360
1515	6.18368	0.4649553	0.0490	8.439000	3.98394
1516	6.18337	0.4964303	0.0492	8.423186	4.27234
1517	6.18490	0.6317882	0.0612	8.354060	5.52836
1518	6.19290	0.5311960	0.0584	8.403655	4.59129
1519	6.20498	0.3687566	0.0584	8.482728	3.11065
1520	6.21135	0.3266820	0.0493	8.502226	2.73452
1521	6.21334	0.2908238	0.0492	8.519438	2.41714
1522	6.21502	0.2468401	0.0525	8.540535	2.03184
1523	6.21783	0.2306346	0.0526	8.547792	1.89094
1524	6.21946	0.2169604	0.0525	8.554045	1.77264
1525	6.22257	0.2379258	0.0557	8.543261	1.95390
1526	6.23195	0.2468504	0.0466	8.536953	2.03092
1527	6.24639	0.2484951	0.0528	8.533107	2.04437
1528	6.25838	0.2501956	0.0559	8.529753	2.05844
1529	6.26614	0.2407024	0.0530	8.532709	1.97549
1530	6.27216	0.2244979	0.0561	8.539249	1.83491
1531	6.27763	0.2069282	0.0501	8.546525	1.68337
1532	6.28248	0.1888273	0.0561	8.554139	1.52825
1533	6.28738	0.1791172	0.0532	8.557713	1.44535
1534	6.29279	0.1699502	0.0503	8.560904	1.36735
1535	6.30250	0.1575328	0.0562	8.564697	1.26208
1536	6.32166	0.1543286	0.0443	8.562119	1.23441
1537	6.34038	0.1434134	0.0534	8.563244	1.14220
1538	6.35557	0.1354807	0.0565	8.563703	1.07546
1539	6.36703	0.1315340	0.0536	8.563093	1.04226
1540	6.37578	0.1284624	0.0536	8.562650	1.01647
1541	6.38243	0.1267747	0.0538	8.562013	1.00227
1542	6.38770	0.1228914	0.0569	8.562684	0.96994
1543	6.39231	0.1201271	0.0567	8.562977	0.94695
1544	6.39651	0.1203061	0.0509	8.561998	0.94832
1545	6.40301	0.1238298	0.0570	8.558984	0.97728
1546	6.43109	0.1681400	0.0569	8.532390	1.34659
1547	6.45775	0.1910646	0.0571	8.515979	1.53945
1548	6.47313	0.1823173	0.0542	8.516850	1.46461
1549	6.48422	0.1721338	0.0542	8.519285	1.37814
1550	6.49309	0.1720939	0.0512	8.517429	1.37745
1551	6.50054	0.1947534	0.0420	8.505229	1.56884
1552	6.50700	0.2531741	0.0542	8.476171	2.06929
1553	6.51291	0.2559259	0.0483	8.473626	2.09273
1554	6.51840	0.2414541	0.0544	8.479378	1.96747
1555	6.52364	0.2072484	0.0485	8.494488	1.67406
1556	6.52847	0.1821536	0.0574	8.505265	1.46087
1557	6.53299	0.1613171	0.0487	8.514033	1.28534
1558	6.53741	0.1462477	0.0576	8.520085	1.15927
1559	6.54132	0.1389451	0.0518	8.522629	1.09841
1560	6.54609	0.1334574	0.0488	8.524143	1.05277
1561	6.55077	0.1266049	0.0549	8.526298	0.99598
1562	6.55581	0.1168298	0.0548	8.529700	0.91537
1563	6.56064	0.1112312	0.0518	8.531225	0.86935
1564	6.56604	0.1088692	0.0520	8.531153	0.84989
