Scan Count	Temperature [ITS-90, deg C]	Conductivity [S/m]	Depth [salt water, m]	Oxygen Saturation, Weiss [ml/l]	Salinity, Practical [PSU]
1	16.31228	0.0024683	0.0164	6.851060	0.01883
2	16.31268	0.0024837	0.0134	6.850998	0.01890
3	16.31301	0.0024312	0.0224	6.850961	0.01864
4	16.31381	0.0023417	0.0104	6.850863	0.01819
5	16.31415	0.0021719	0.0164	6.850850	0.01735
6	16.31482	0.0020916	0.0194	6.850769	0.01696
7	16.31548	0.0020484	0.0195	6.850681	0.01674
8	16.31628	0.0020268	0.0164	6.850569	0.01664
9	16.31682	0.0020299	0.0194	6.850491	0.01665
10	16.31708	0.0020577	0.0194	6.850447	0.01679
11	16.31775	0.0020978	0.0163	6.850341	0.01699
12	16.31822	0.0020669	0.0193	6.850280	0.01683
13	16.31862	0.0020206	0.0193	6.850231	0.01661
14	16.31895	0.0020114	0.0223	6.850185	0.01656
15	16.31935	0.0019867	0.0194	6.850131	0.01644
16	16.31949	0.0019496	0.0163	6.850120	0.01626
17	16.31995	0.0019311	0.0163	6.850055	0.01617
18	16.32002	0.0019311	0.0162	6.850046	0.01617
19	16.32029	0.0019404	0.0133	6.850005	0.01621
20	16.32069	0.0019404	0.0193	6.849947	0.01621
21	16.32095	0.0019496	0.0192	6.849906	0.01626
22	16.32095	0.0019589	0.0162	6.849904	0.01631
23	16.32095	0.0019713	0.0193	6.849902	0.01637
24	16.32142	0.0019682	0.0163	6.849835	0.01635
25	16.32149	0.0019466	0.0101	6.849829	0.01624
26	16.32169	0.0019157	0.0102	6.849807	0.01609
27	16.32162	0.0018972	0.0162	6.849820	0.01600
28	16.32182	0.0018694	0.0193	6.849797	0.01587
29	16.32189	0.0018416	0.0132	6.849792	0.01573
30	16.32196	0.0018200	0.0133	6.849787	0.01563
31	16.32176	0.0017984	0.0163	6.849821	0.01552
32	16.32216	0.0017799	0.0162	6.849766	0.01543
33	16.32202	0.0017737	0.0223	6.849787	0.01540
34	16.32222	0.0017552	0.0162	6.849761	0.01532
35	16.32202	0.0017336	0.0102	6.849795	0.01521
36	16.32229	0.0017181	0.0193	6.849759	0.01514
37	16.32222	0.0016996	0.0132	6.849773	0.01505
38	16.32222	0.0016873	0.0131	6.849775	0.01499
39	16.32222	0.0016842	0.0162	6.849776	0.01497
40	16.32222	0.0016564	0.0162	6.849781	0.01484
41	16.32242	0.0016472	0.0192	6.849754	0.01480
42	16.32229	0.0016379	0.0223	6.849775	0.01475
43	16.32236	0.0016379	0.0132	6.849765	0.01475
44	16.32222	0.0016194	0.0193	6.849789	0.01466
45	16.32256	0.0016163	0.0192	6.849741	0.01465
46	16.32216	0.0016040	0.0193	6.849801	0.01459
47	16.32216	0.0015947	0.0162	6.849803	0.01454
48	16.32222	0.0015824	0.0102	6.849796	0.01449
49	16.32222	0.0015854	0.0193	6.849795	0.01450
50	16.32222	0.0017027	0.0132	6.849772	0.01506
51	16.32216	0.0016842	0.0161	6.849785	0.01497
52	16.32229	0.0016749	0.0161	6.849768	0.01493
53	16.32209	0.0016225	0.0162	6.849807	0.01468
54	16.32202	0.0015854	0.0223	6.849824	0.01450
55	16.32196	0.0016070	0.0162	6.849830	0.01460
56	16.32196	0.0016040	0.0102	6.849830	0.01459
57	16.32209	0.0015762	0.0162	6.849816	0.01446
58	16.32182	0.0016163	0.0162	6.849847	0.01465
59	16.32169	0.0016101	0.0132	6.849868	0.01462
60	16.32169	0.0015916	0.0131	6.849872	0.01453
61	16.32162	0.0017274	0.0162	6.849854	0.01518
62	16.32136	0.0017891	0.0162	6.849881	0.01548
63	16.32149	0.0018447	0.0133	6.849850	0.01575
64	16.32136	0.0018694	0.0132	6.849864	0.01587
65	16.32149	0.0019558	0.0162	6.849828	0.01629
66	16.32109	0.0020299	0.0162	6.849871	0.01665
67	16.32122	0.0021194	0.0162	6.849833	0.01709
68	16.32129	0.0021379	0.0192	6.849819	0.01718
69	16.32129	0.0021009	0.0161	6.849827	0.01700
70	16.32115	0.0021626	0.0162	6.849834	0.01731
71	16.32102	0.0022089	0.0161	6.849844	0.01754
72	16.32089	0.0021379	0.0193	6.849878	0.01718
73	16.32142	0.0020978	0.0133	6.849808	0.01699
74	16.32149	0.0020731	0.0132	6.849804	0.01687
75	16.32209	0.0021626	0.0133	6.849698	0.01731
76	16.32262	0.0020299	0.0132	6.849648	0.01665
77	16.32269	0.0018169	0.0133	6.849681	0.01561
78	16.32296	0.0017984	0.0102	6.849646	0.01552
79	16.32342	0.0018077	0.0163	6.849576	0.01557
80	16.32402	0.0017336	0.0132	6.849504	0.01521
81	16.32449	0.0016842	0.0162	6.849446	0.01497
82	16.32436	0.0016749	0.0223	6.849467	0.01493
83	16.32476	0.0017027	0.0162	6.849404	0.01506
84	16.32489	0.0017459	0.0162	6.849376	0.01527
85	16.32549	0.0017428	0.0193	6.849289	0.01526
86	16.32556	0.0016842	0.0162	6.849291	0.01497
87	16.32556	0.0016749	0.0162	6.849293	0.01493
88	16.32576	0.0017120	0.0162	6.849256	0.01511
89	16.32576	0.0016749	0.0162	6.849264	0.01493
90	16.32576	0.0016472	0.0193	6.849269	0.01480
91	16.32623	0.0015391	0.0102	6.849223	0.01428
92	16.32636	0.0014589	0.0132	6.849219	0.01390
93	16.32676	0.0014095	0.0254	6.849171	0.01367
94	16.32703	0.0013447	0.0163	6.849145	0.01336
95	16.32696	0.0012923	0.0162	6.849164	0.01312
96	16.32716	0.0012367	0.0162	6.849146	0.01286
97	16.32730	0.0012028	0.0133	6.849133	0.01270
98	16.32736	0.0011966	0.0162	6.849125	0.01268
99	16.32803	0.0011750	0.0132	6.849032	0.01258
100	16.32743	0.0011565	0.0193	6.849123	0.01249
101	16.32750	0.0011565	0.0192	6.849113	0.01249
102	16.32743	0.0011503	0.0193	6.849124	0.01246
103	16.32750	0.0011565	0.0133	6.849113	0.01249
104	16.32763	0.0011565	0.0162	6.849094	0.01249
105	16.32750	0.0011411	0.0193	6.849116	0.01242
106	16.32730	0.0011318	0.0101	6.849147	0.01238
107	16.32730	0.0011411	0.0193	6.849145	0.01242
108	16.32730	0.0011503	0.0193	6.849143	0.01246
109	16.32730	0.0011411	0.0223	6.849145	0.01242
110	16.32723	0.0011164	0.0162	6.849159	0.01231
111	16.32663	0.0011040	0.0193	6.849249	0.01225
112	16.32689	0.0011133	0.0162	6.849208	0.01229
113	16.32676	0.0011010	0.0193	6.849230	0.01224
114	16.32649	0.0010855	0.0194	6.849272	0.01217
115	16.32603	0.0010763	0.0163	6.849341	0.01213
116	16.32596	0.0010701	0.0193	6.849352	0.01210
117	16.32576	0.0010701	0.0163	6.849381	0.01210
118	16.32549	0.0010608	0.0162	6.849422	0.01206
119	16.32543	0.0010516	0.0193	6.849433	0.01201
120	16.32509	0.0010423	0.0132	6.849483	0.01197
121	16.32503	0.0010392	0.0162	6.849494	0.01196
122	16.32483	0.0010238	0.0163	6.849526	0.01189
123	16.32436	0.0010053	0.0162	6.849597	0.01181
124	16.32443	0.0010053	0.0192	6.849587	0.01181
125	16.32396	0.0009991	0.0193	6.849656	0.01178
126	16.32376	0.0009837	0.0162	6.849688	0.01171
127	16.32356	0.0009714	0.0132	6.849720	0.01165
128	16.32309	0.0009590	0.0224	6.849790	0.01160
129	16.32316	0.0009621	0.0193	6.849780	0.01161
130	16.32262	0.0009436	0.0224	6.849860	0.01153
131	16.32229	0.0009436	0.0223	6.849909	0.01153
132	16.32196	0.0009343	0.0162	6.849959	0.01149
133	16.32176	0.0009282	0.0192	6.849989	0.01146
134	16.32169	0.0009251	0.0193	6.850000	0.01145
135	16.32149	0.0009189	0.0192	6.850030	0.01142
136	16.32102	0.0009127	0.0192	6.850099	0.01139
137	16.32075	0.0009004	0.0163	6.850140	0.01134
138	16.32055	0.0008973	0.0193	6.850170	0.01132
139	16.32002	0.0008911	0.0223	6.850248	0.01130
140	16.31989	0.0008911	0.0133	6.850268	0.01130
141	16.31962	0.0008881	0.0223	6.850307	0.01128
142	16.31929	0.0008819	0.0193	6.850357	0.01126
143	16.31902	0.0008881	0.0133	6.850394	0.01128
144	16.31875	0.0009189	0.0193	6.850427	0.01142
145	16.31829	0.0009189	0.0223	6.850495	0.01142
146	16.31802	-0.0554528	0.0436	6.851008	0.00000
147	15.85758	1.0910305	0.1132	6.603799	7.64945
148	14.47570	2.8174330	0.2404	6.217145	22.24625
149	13.42294	3.1774504	0.3584	6.206434	26.10294
150	12.70866	3.2086268	0.4735	6.270482	26.88662
151	12.25415	3.2203749	0.5917	6.314486	27.32326
152	11.98134	3.2309389	0.7188	6.339737	27.62292
153	11.82684	3.2151879	0.7794	6.362295	27.58803
154	11.76612	3.2179553	0.7977	6.367803	27.65934
155	11.73025	3.2347064	0.7976	6.365311	27.84546
156	11.69999	3.2401790	0.7946	6.366491	27.92029
157	11.66946	3.2520606	0.7977	6.365253	28.05661
158	11.64392	3.2596173	0.7977	6.365117	28.14809
159	11.63749	3.2668608	0.7977	6.363044	28.22220
160	11.64990	3.2711745	0.8069	6.360065	28.25400
161	11.66442	3.2684842	0.8098	6.359533	28.21726
162	11.66413	3.2731753	0.8159	6.357776	28.26230
163	11.65645	3.2766704	0.8219	6.357266	28.30154
164	11.65452	3.2773105	0.8220	6.357229	28.30913
165	11.66061	3.2775615	0.8280	6.356481	28.30689
166	11.66787	3.2783461	0.8340	6.355404	28.30885
167	11.66987	3.2790052	0.8341	6.354940	28.31363
168	11.66770	3.2790993	0.8371	6.355136	28.31618
169	11.66161	3.2789425	0.8341	6.355848	28.31933
170	11.65195	3.2777499	0.8250	6.357338	28.31530
171	11.64071	3.2751770	0.8310	6.359524	28.29926
172	11.63041	3.2740226	0.8310	6.361070	28.29607
173	11.62292	3.2748321	0.8310	6.361564	28.30952
174	11.62081	3.2750956	0.8250	6.361689	28.31365
175	11.62221	3.2729249	0.8250	6.362368	28.29181
176	11.62321	3.2719212	0.8339	6.362645	28.28145
177	11.62186	3.2736149	0.8249	6.362142	28.29868
178	11.61970	3.2753655	0.8249	6.361705	28.31708
179	11.61707	3.2741483	0.8189	6.362453	28.30744
180	11.61344	3.2729877	0.8189	6.363286	28.29910
181	11.60853	3.2746754	0.8219	6.363168	28.31899
182	11.60408	3.2753656	0.8280	6.363381	28.32899
183	11.59853	3.2723292	0.8279	6.365139	28.30416
184	11.58853	3.2710811	0.8340	6.366690	28.29983
185	11.57731	3.2737095	0.8339	6.366889	28.33357
186	11.57351	3.2780709	0.8431	6.365627	28.37825
187	11.58584	3.2821768	0.8371	6.362732	28.40815
188	11.60461	3.2845319	0.8430	6.359820	28.41634
189	11.60853	3.2824906	0.8370	6.360181	28.39380
190	11.59829	3.2785351	0.8309	6.362790	28.36375
191	11.58327	3.2754600	0.8310	6.365579	28.34578
192	11.56866	3.2724236	0.8309	6.368311	28.32785
193	11.55768	3.2711128	0.8250	6.369993	28.32368
194	11.55173	3.2727060	0.8189	6.370023	28.34350
195	11.55278	3.2766526	0.8249	6.368397	28.38053
196	11.56218	3.2821457	0.8219	6.365282	28.42598
197	11.58421	3.2846640	0.8219	6.361956	28.43324
198	11.60473	3.2806382	0.8157	6.361296	28.37898
199	11.59853	3.2724546	0.8219	6.365091	28.30536
200	11.57743	3.2706422	0.8188	6.368051	28.30410
201	11.56049	3.2724550	0.8157	6.369177	28.33440
202	11.55611	3.2752093	0.8188	6.368593	28.36415
203	11.56160	3.2771232	0.8249	6.367269	28.37829
204	11.56498	3.2786610	0.8278	6.366317	28.39043
205	11.56393	3.2799166	0.8279	6.365948	28.40327
206	11.56101	3.2792260	0.8309	6.366527	28.39889
207	11.55418	3.2769664	0.8339	6.368126	28.38246
208	11.54741	3.2767657	0.8339	6.368931	28.38572
209	11.54495	3.2783474	0.8370	6.368588	28.40276
210	11.54606	3.2803563	0.8309	6.367698	28.42118
211	11.54799	3.2837159	0.8340	6.366203	28.45192
212	11.55254	3.2916400	0.8309	6.362677	28.52442
213	11.56644	3.2968155	0.8310	6.359206	28.56337
214	11.58596	3.2986775	0.8279	6.356406	28.56620
215	11.59958	3.3000366	0.8249	6.354431	28.56874
216	11.60724	3.3024282	0.8188	6.352698	28.58577
217	11.61373	3.3028814	0.8128	6.351832	28.58511
218	11.61847	3.3033849	0.8158	6.351134	28.58629
219	11.62093	3.3080071	0.8127	6.349107	28.62868
220	11.62584	3.3128648	0.8157	6.346728	28.67144
221	11.63509	3.3147683	0.8128	6.345017	28.68254
222	11.64504	3.3154617	0.8098	6.343694	28.68149
223	11.65341	3.3157516	0.8188	6.342692	28.67780
224	11.65956	3.3179458	0.8158	6.341202	28.69407
225	11.66495	3.3225253	0.8188	6.338885	28.73376
226	11.67297	3.3245319	0.8219	6.337268	28.74676
227	11.68141	3.3241973	0.8188	6.336500	28.73703
228	11.68856	3.3240584	0.8249	6.335794	28.73017
229	11.69413	3.3266398	0.8249	6.334221	28.75057
230	11.70069	3.3285526	0.8341	6.332797	28.76380
231	11.70966	3.3291903	0.8370	6.331604	28.76296
232	11.71881	3.3314700	0.8461	6.329768	28.77768
233	11.72843	3.3341736	0.8371	6.327723	28.79610
234	11.73864	3.3359301	0.8401	6.325976	28.80499
235	11.74850	3.3375669	0.8371	6.324312	28.81301
236	11.75778	3.3381862	0.8309	6.323096	28.81174
237	11.76665	3.3370484	0.8220	6.322590	28.79401
238	11.77481	3.3385211	0.8158	6.321169	28.80176
239	11.78198	3.3428205	0.8128	6.318784	28.83730
240	11.78774	3.3437249	0.8099	6.317834	28.84147
241	11.79015	3.3406704	0.8068	6.318736	28.81043
242	11.79244	3.3391657	0.7977	6.319063	28.79429
243	11.79467	3.3426243	0.8099	6.317519	28.82559
244	11.79979	3.3439715	0.8129	6.316470	28.83449
245	11.80778	3.3438449	0.8069	6.315674	28.82710
246	11.81754	3.3473117	0.8130	6.313335	28.85263
247	11.82778	3.3495582	0.8160	6.311408	28.86615
248	11.83537	3.3491847	0.8189	6.310750	28.85670
249	11.84266	3.3487542	0.8252	6.310144	28.84694
250	11.85202	3.3503935	0.8342	6.308540	28.85533
251	11.86285	3.3508744	0.8341	6.307219	28.85153
252	11.87334	3.3487286	0.8494	6.306925	28.82295
253	11.88235	3.3505577	0.8554	6.305288	28.83341
254	11.89048	3.3549012	0.8584	6.302798	28.86852
255	11.89461	3.3553571	0.8493	6.302193	28.86967
256	11.89355	3.3524505	0.8464	6.303398	28.84279
257	11.89685	3.3508424	0.8403	6.303656	28.82492
258	11.90398	3.3533875	0.8252	6.301949	28.84366
259	11.91176	3.3563070	0.8191	6.300034	28.86546
260	11.91695	3.3542865	0.8070	6.300248	28.84220
261	11.92367	3.3502977	0.8040	6.301041	28.79902
262	11.93116	3.3504559	0.8071	6.300194	28.79474
263	11.93895	3.3548373	0.8040	6.297731	28.83044
264	11.94757	3.3561546	0.8072	6.296333	28.83632
265	11.95707	3.3536085	0.8041	6.296291	28.80475
266	11.96664	3.3492782	0.8011	6.296910	28.75619
267	11.97219	3.3488541	0.7981	6.296487	28.74788
268	11.97644	3.3530004	0.8072	6.294487	28.78403
269	11.98436	3.3571551	0.8133	6.292100	28.81742
270	11.99381	3.3582700	0.8162	6.290692	28.82072
271	12.00380	3.3572499	0.8253	6.290028	28.80332
272	12.01479	3.3566036	0.8314	6.289118	28.78870
273	12.02627	3.3576234	0.8496	6.287536	28.78954
274	12.03756	3.3589285	0.8557	6.285866	28.79322
275	12.04822	3.3604745	0.8588	6.284174	28.79969
276	12.05703	3.3626357	0.8678	6.282446	28.81341
277	12.06159	3.3637831	0.8589	6.281541	28.82079
278	12.06153	3.3625089	0.8557	6.282022	28.80874
279	12.06497	3.3595681	0.8437	6.282760	28.77820
280	12.07426	3.3582374	0.8287	6.282284	28.75842
281	12.08439	3.3597960	0.8195	6.280644	28.76542
282	12.09358	3.3611838	0.8014	6.279167	28.77152
283	12.10199	3.3601317	0.7952	6.278680	28.75508
284	12.10999	3.3564442	0.8014	6.279216	28.71398
285	12.11503	3.3528026	0.7953	6.280044	28.67562
286	12.11562	3.3536068	0.7984	6.279683	28.68278
287	12.11711	3.3560894	0.7984	6.278605	28.70516
288	12.12357	3.3567671	0.8015	6.277677	28.70662
289	12.13229	3.3553482	0.8014	6.277294	28.68650
290	12.13953	3.3535749	0.8076	6.277197	28.66416
291	12.14249	3.3554811	0.8136	6.276179	28.67993
292	12.14522	3.3606002	0.8319	6.273993	28.72630
293	12.14902	3.3640547	0.8409	6.272314	28.75609
294	12.14789	3.3631419	0.8470	6.272770	28.74831
295	12.15394	3.3572799	0.8500	6.274315	28.68817
296	12.18019	3.3532578	0.8501	6.273068	28.63004
297	12.20104	3.3539605	0.8621	6.270631	28.62074
298	12.22613	3.3587553	0.8653	6.266240	28.64688
299	12.28594	3.3631530	0.8623	6.258391	28.64271
300	12.34472	3.3641160	0.8562	6.251929	28.60696
301	12.36728	3.3636276	0.8381	6.249767	28.58520
302	12.37360	3.3611808	0.8229	6.250009	28.55736
303	12.37635	3.3552188	0.8078	6.251912	28.49918
304	12.37832	3.3489066	0.7958	6.254024	28.43832
305	12.37414	3.3487168	0.7928	6.254529	28.43970
306	12.36322	3.3529012	0.7898	6.254128	28.48735
307	12.36268	3.3578288	0.7868	6.252374	28.53413
308	12.37080	3.3593683	0.7898	6.250965	28.54245
309	12.37665	3.3552822	0.7899	6.251858	28.49956
310	12.37563	3.3472423	0.7930	6.254915	28.42471
311	12.36417	3.3441614	0.8051	6.257240	28.40440
312	12.34293	3.3487868	0.7990	6.257751	28.46400
313	12.33410	3.3547633	0.8051	6.256472	28.52697
314	12.33708	3.3564734	0.8294	6.255533	28.54080
315	12.33833	3.3548646	0.8385	6.255995	28.52470
316	12.33678	3.3530598	0.8476	6.256820	28.50888
317	12.33535	3.3543137	0.8597	6.256508	28.52177
318	12.34525	3.3582788	0.8749	6.254020	28.55157
319	12.38065	3.3608701	0.8689	6.249392	28.54907
320	12.43354	3.3605337	0.8689	6.244029	28.50577
321	12.47339	3.3558258	0.8629	6.241620	28.43141
322	12.48920	3.3508929	0.8537	6.241782	28.37321
323	12.49705	3.3502598	0.8417	6.241199	28.36137
324	12.50639	3.3529313	0.8265	6.239255	28.37937
325	12.52072	3.3537670	0.8085	6.237466	28.37641
326	12.53589	3.3510760	0.8055	6.236875	28.33979
327	12.54351	3.3480758	0.8025	6.237178	28.30597
328	12.54117	3.3478163	0.7964	6.237514	28.30530
329	12.53301	3.3495822	0.7934	6.237717	28.32796
330	12.53037	3.3511647	0.7934	6.237414	28.34477
331	12.53439	3.3501961	0.7904	6.237350	28.33268
332	12.53715	3.3462092	0.7846	6.238516	28.29327
333	12.52390	3.3426797	0.7935	6.241177	28.27017
334	12.49064	3.3443878	0.7995	6.244006	28.31116
335	12.46549	3.3499690	0.8208	6.244579	28.38243
336	12.46363	3.3526722	0.8360	6.243783	28.40920
337	12.46687	3.3532420	0.8481	6.243240	28.41210
338	12.47435	3.3526088	0.8542	6.242695	28.40050
339	12.49507	3.3540270	0.8634	6.240029	28.39817
340	12.52120	3.3555023	0.8693	6.236785	28.39229
341	12.54849	3.3552613	0.8725	6.234048	28.36948
342	12.56889	3.3538932	0.8664	6.232434	28.34132
343	12.57915	3.3538614	0.8605	6.231383	28.33330
344	12.58420	3.3554763	0.8513	6.230275	28.34462
345	12.59153	3.3553432	0.8423	6.229565	28.33787
346	12.60072	3.3527657	0.8242	6.229550	28.30687
347	12.60450	3.3499358	0.8061	6.230186	28.27758
348	12.59903	3.3473791	0.8000	6.231679	28.25779
349	12.58858	3.3467211	0.7879	6.233000	28.25947
350	12.58042	3.3482652	0.7849	6.233285	28.28004
351	12.57861	3.3486513	0.7820	6.233331	28.28500
352	12.58120	3.3451206	0.7820	6.234347	28.25004
353	12.57807	3.3420087	0.7880	6.235801	28.22328
354	12.56307	3.3432611	0.7941	6.236902	28.24623
355	12.54927	3.3463736	0.7941	6.237200	28.28571
356	12.54717	3.3496390	0.8033	6.236229	28.31785
357	12.55094	3.3510315	0.8186	6.235331	28.32804
358	12.55587	3.3489743	0.8246	6.235570	28.30509
359	12.55827	3.3445072	0.8459	6.236947	28.26147
360	12.55268	3.3439633	0.8580	6.237724	28.26056
361	12.54597	3.3489744	0.8610	6.236596	28.31251
362	12.54891	3.3528296	0.8671	6.234889	28.34639
363	12.55947	3.3529371	0.8732	6.233757	28.33945
364	12.57501	3.3515124	0.8611	6.232665	28.31444
365	12.59783	3.3506132	0.8642	6.230631	28.28890
366	12.62175	3.3493913	0.8581	6.228600	28.25955
367	12.63780	3.3467080	0.8461	6.227912	28.22247
368	12.64418	3.3449238	0.8249	6.227898	28.20106
369	12.64508	3.3444746	0.8128	6.227967	28.19619
370	12.64538	3.3443798	0.8129	6.227971	28.19508
371	12.64610	3.3435638	0.7947	6.228191	28.18693
372	12.64586	3.3416222	0.7887	6.228919	28.16899
373	12.64256	3.3406295	0.7857	6.229621	28.16219
374	12.63594	3.3399910	0.7888	6.230538	28.16117
375	12.62740	3.3376585	0.7888	6.232268	28.14576
376	12.61346	3.3371403	0.7980	6.233901	28.15133
377	12.59351	3.3414015	0.8070	6.234422	28.20604
378	12.58528	3.3478792	0.8253	6.232922	28.27276
379	12.59008	3.3479550	0.8253	6.232397	28.26987
380	12.60462	3.3406932	0.8345	6.233528	28.19110
381	12.61862	3.3353455	0.8405	6.234017	28.13070
382	12.62313	3.3340060	0.8556	6.234036	28.11482
383	12.61911	3.3373552	0.8588	6.233239	28.14910
384	12.62385	3.3410155	0.8678	6.231419	28.17973
385	12.64033	3.3425203	0.8679	6.229168	28.18148
386	12.65362	3.3406294	0.8740	6.228477	28.15390
387	12.65723	3.3377214	0.8679	6.229156	28.12408
388	12.65266	3.3374244	0.8559	6.229737	28.12472
389	12.64803	3.3381323	0.8439	6.229960	28.13478
390	12.64761	3.3369757	0.8377	6.230422	28.12431
391	12.64731	3.3349598	0.8197	6.231183	28.10573
392	12.64304	3.3348650	0.8076	6.231660	28.10803
393	12.63654	3.3351874	0.8047	6.232217	28.11588
394	12.63161	3.3335573	0.7956	6.233318	28.10434
395	12.62440	3.3322434	0.7985	6.234543	28.09745
396	12.61045	3.3330079	0.7927	6.235712	28.11498
397	12.59639	3.3350930	0.7987	6.236414	28.14494
398	12.59105	3.3345181	0.8048	6.237178	28.14355
399	12.58894	3.3313848	0.8049	6.238534	28.11584
400	12.57333	3.3309176	0.8170	6.240326	28.12312
401	12.54651	3.3337478	0.8261	6.242083	28.16961
402	12.53517	3.3359531	0.8383	6.242458	28.19873
403	12.53685	3.3356687	0.8505	6.242387	28.19480
404	12.53709	3.3361806	0.8566	6.242176	28.19941
405	12.53655	3.3387277	0.8687	6.241304	28.22365
406	12.54273	3.3395116	0.8658	6.240377	28.22636
407	12.55310	3.3371726	0.8627	6.240151	28.19671
408	12.55959	3.3347080	0.8536	6.240375	28.16881
409	12.55869	3.3336466	0.8537	6.240855	28.15955
410	12.55484	3.3336529	0.8477	6.241251	28.16249
411	12.55160	3.3351251	0.8477	6.241052	28.17868
412	12.55370	3.3375582	0.8356	6.239949	28.19987
413	12.56181	3.3375707	0.8236	6.239103	28.19393
414	12.56997	3.3340697	0.8176	6.239529	28.15510
415	12.57039	3.3298187	0.8145	6.241031	28.11504
416	12.56073	3.3285117	0.8055	6.242511	28.11003
417	12.54705	3.3308294	0.8025	6.243089	28.14192
418	12.54207	3.3327560	0.8025	6.242905	28.16366
419	12.54573	3.3320864	0.8147	6.242769	28.15466
420	12.54783	3.3309999	0.8148	6.242946	28.14293
421	12.54585	3.3315431	0.8179	6.242954	28.14949
422	12.54429	3.3316758	0.8271	6.243068	28.15189
423	12.54489	3.3301032	0.8300	6.243578	28.13673
424	12.54291	3.3298822	0.8301	6.243865	28.13614
425	12.53901	3.3331098	0.8422	6.243095	28.16925
426	12.53979	3.3357129	0.8423	6.242066	28.19302
427	12.54429	3.3350620	0.8483	6.241835	28.18356
428	12.54855	3.3321179	0.8453	6.242465	28.15284
429	12.54963	3.3306147	0.8454	6.242900	28.13797
430	12.54825	3.3302989	0.8484	6.243158	28.13604
431	12.54753	3.3300969	0.8425	6.243306	28.13469
432	12.54783	3.3301411	0.8395	6.243259	28.13488
433	12.54873	3.3306778	0.8395	6.242970	28.13923
434	12.55076	3.3315431	0.8396	6.242443	28.14580
435	12.55412	3.3321936	0.8306	6.241857	28.14938
436	12.55893	3.3319283	0.8245	6.241455	28.14332
437	12.56361	3.3308103	0.8215	6.241375	28.12937
438	12.56661	3.3282213	0.8184	6.242005	28.10293
439	12.56541	3.3244907	0.8126	6.243487	28.06895
440	12.55545	3.3238281	0.8126	6.244764	28.07018
441	12.54033	3.3268831	0.8156	6.245225	28.11001
442	12.53523	3.3293076	0.8156	6.244872	28.13650
443	12.53649	3.3288909	0.8158	6.244893	28.13166
444	12.53613	3.3280322	0.8219	6.245243	28.12389
445	12.53397	3.3277607	0.8249	6.245567	28.12297
446	12.53211	3.3262141	0.8340	6.246324	28.10988
447	12.52947	3.3258922	0.8310	6.246716	28.10884
448	12.52623	3.3287647	0.8310	6.246006	28.13813
449	12.52689	3.3291877	0.8372	6.245783	28.14160
450	12.52989	3.3249707	0.8342	6.247008	28.09990
451	12.52749	3.3230586	0.8342	6.247954	28.08380
452	12.52090	3.3249708	0.8434	6.247944	28.10661
453	12.51904	3.3264036	0.8464	6.247615	28.12140
454	12.52150	3.3267634	0.8436	6.247228	28.12294
455	12.52516	3.3287016	0.8467	6.246141	28.13834
456	12.52935	3.3300718	0.8436	6.245205	28.14803
457	12.53463	3.3269463	0.8346	6.245795	28.11485
458	12.53793	3.3215001	0.8347	6.247436	28.06145
459	12.53301	3.3194121	0.8316	6.248709	28.04558
460	12.52168	3.3216895	0.8256	6.249059	28.07533
461	12.51676	3.3240810	0.8317	6.248699	28.10137
462	12.51868	3.3254505	0.8287	6.248000	28.11276
463	12.52060	3.3264351	0.8258	6.247441	28.12054
464	12.52192	3.3254315	0.8228	6.247670	28.11017
465	12.52240	3.3225160	0.8198	6.248683	28.08253
466	12.51970	3.3208946	0.8228	6.249555	28.06937
467	12.51401	3.3214688	0.8138	6.249939	28.07899
468	12.51047	3.3214688	0.8137	6.250307	28.08162
469	12.50945	3.3196205	0.8169	6.251088	28.06508
470	12.50687	3.3197467	0.8199	6.251310	28.06818
471	12.50322	3.3228696	0.8260	6.250552	28.10014
472	12.50394	3.3243020	0.8412	6.249955	28.11301
473	12.50699	3.3230273	0.8444	6.250101	28.09879
474	12.50819	3.3224026	0.8444	6.250204	28.09205
475	12.50813	3.3222007	0.8474	6.250284	28.09020
476	12.50813	3.3200369	0.8415	6.251074	28.06995
477	12.50639	3.3184727	0.8385	6.251826	28.05661
478	12.50202	3.3192043	0.8386	6.252015	28.06672
479	12.49914	3.3198351	0.8537	6.252085	28.07476
480	12.49884	3.3196837	0.8537	6.252171	28.07357
481	12.49938	3.3217213	0.8508	6.251371	28.09224
482	12.50154	3.3249394	0.8507	6.249972	28.12076
483	12.50550	3.3241758	0.8508	6.249838	28.11066
484	12.51029	3.3193178	0.8388	6.251111	28.06162
485	12.51095	3.3164422	0.8327	6.252091	28.03422
486	12.50747	3.3172682	0.8300	6.252152	28.04454
487	12.50496	3.3193368	0.8268	6.251660	28.06577
488	12.50681	3.3193367	0.8178	6.251466	28.06439
489	12.50927	3.3169340	0.8147	6.252087	28.04008
490	12.50747	3.3149165	0.8118	6.253010	28.02254
491	12.50076	3.3152948	0.8149	6.253573	28.03107
492	12.49489	3.3167576	0.8119	6.253651	28.04914
493	12.49357	3.3171738	0.8211	6.253637	28.05401
494	12.49459	3.3172053	0.8212	6.253519	28.05355
495	12.49591	3.3176152	0.8302	6.253232	28.05640
496	12.49705	3.3164423	0.8302	6.253541	28.04457
497	12.49711	3.3138072	0.8364	6.254497	28.01986
498	12.49255	3.3134543	0.8425	6.255102	28.01994
499	12.48519	3.3156796	0.8546	6.255058	28.04626
500	12.48255	3.3172054	0.8637	6.254776	28.06251
501	12.48309	3.3171739	0.8699	6.254731	28.06181
502	12.48369	3.3175207	0.8699	6.254542	28.06461
503	12.48441	3.3179684	0.8670	6.254303	28.06827
504	12.48537	3.3182207	0.8671	6.254111	28.06991
505	12.48674	3.3185675	0.8641	6.253841	28.07213
506	12.48854	3.3172684	0.8490	6.254128	28.05864
507	12.49058	3.3144376	0.8369	6.254949	28.03062
508	12.48992	3.3125026	0.8308	6.255724	28.01300
509	12.48567	3.3124711	0.8218	6.256180	28.01587
510	12.48117	3.3131897	0.8158	6.256386	28.02594
511	12.47914	3.3141856	0.8128	6.256235	28.03679
512	12.47956	3.3143432	0.8098	6.256133	28.03795
513	12.48147	3.3120931	0.8009	6.256755	28.01546
514	12.48010	3.3097743	0.8068	6.257747	27.99477
515	12.47243	3.3100264	0.8100	6.258455	28.00283
516	12.46375	3.3118664	0.8191	6.258690	28.02652
517	12.46130	3.3121248	0.8222	6.258852	28.03077
518	12.46136	3.3112993	0.8313	6.259148	28.02299
519	12.46022	3.3116459	0.8404	6.259140	28.02708
520	12.45897	3.3130450	0.8496	6.258759	28.04112
521	12.45986	3.3130450	0.8617	6.258666	28.04045
522	12.46124	3.3116837	0.8770	6.259020	28.02666
523	12.46088	3.3125029	0.8740	6.258758	28.03461
524	12.46070	3.3158059	0.8861	6.257569	28.06568
525	12.46220	3.3160896	0.8802	6.257309	28.06723
526	12.46543	3.3129189	0.8802	6.258131	28.03511
527	12.46705	3.3116836	0.8620	6.258413	28.02234
528	12.46734	3.3128558	0.8621	6.257953	28.03310
529	12.46884	3.3120302	0.8470	6.258099	28.02426
530	12.47022	3.2983849	0.8561	6.262944	27.89547
531	12.40329	3.2772398	0.9471	6.277720	27.74692
532	12.20241	3.2615783	1.0651	6.304732	27.74829
533	12.01462	3.2556623	1.2287	6.326917	27.83185
534	11.86827	3.2528660	1.4044	6.343612	27.91457
535	11.75995	3.2512777	1.5922	6.355833	27.98068
536	11.68492	3.2504714	1.7982	6.364209	28.02941
537	11.62795	3.2494524	2.0314	6.370736	28.06260
538	11.56942	3.2497596	2.2767	6.376934	28.10972
539	11.53094	3.2495724	2.5312	6.381164	28.13701
540	11.49799	3.2486783	2.7977	6.385073	28.15337
541	11.46733	3.2492980	3.0581	6.388154	28.18252
542	11.42657	3.2519763	3.3488	6.391536	28.23918
543	11.38138	3.2530283	3.6273	6.396027	28.28371
544	11.33932	3.2544558	3.8908	6.400036	28.32955
545	11.29858	3.2542060	4.1572	6.404555	28.35828
546	11.27209	3.2545193	4.4330	6.407313	28.38155
547	11.24729	3.2547387	4.7540	6.409926	28.40262
548	11.22222	3.2551084	5.0569	6.412510	28.42538
549	11.18971	3.2564173	5.3628	6.415539	28.46299
550	11.13874	3.2625872	5.6868	6.418673	28.56202
551	11.06818	3.2701476	5.9835	6.423386	28.69010
552	10.99268	3.2737802	6.2835	6.430176	28.78428
553	10.92176	3.2766298	6.5833	6.436781	28.86758
554	10.84989	3.2787019	6.8768	6.443804	28.94431
555	10.78519	3.2803664	7.1859	6.450212	29.01163
556	10.72094	3.2810264	7.5038	6.456980	29.06893
557	10.65281	3.2820948	7.8037	6.464017	29.13351
558	10.57695	3.2819010	8.1247	6.472420	29.19204
559	10.50237	3.2814686	8.4487	6.480793	29.24737
560	10.43129	3.2799626	8.7788	6.489234	29.28945
561	10.33557	3.2773900	9.0906	6.500847	29.34096
562	10.21590	3.2764185	9.4026	6.514490	29.42797
563	10.10588	3.2761060	9.7175	6.526830	29.51415
564	10.01972	3.2764522	10.0325	6.536273	29.58781
565	9.96150	3.2764215	10.3505	6.542774	29.63504
566	9.92541	3.2763593	10.6655	6.546830	29.66390
567	9.90349	3.2766734	10.9865	6.549149	29.68493
568	9.88991	3.2772071	11.2771	6.550447	29.70133
569	9.87985	3.2776780	11.5860	6.551378	29.71421
570	9.87220	3.2782117	11.8737	6.552014	29.72575
571	9.86712	3.2781177	12.1615	6.552626	29.72888
572	9.86444	3.2781806	12.4673	6.552904	29.73159
573	9.86232	3.2780866	12.7580	6.553185	29.73228
574	9.85846	3.2782750	13.0488	6.553541	29.73723
575	9.85534	3.2785576	13.3455	6.553777	29.74252
576	9.85327	3.2784008	13.6423	6.554078	29.74253
577	9.85053	3.2782126	13.9482	6.554468	29.74277
578	9.84741	3.2780872	14.2601	6.554875	29.74396
579	9.84244	3.2783636	14.5599	6.555319	29.75071
580	9.83731	3.2784641	14.8688	6.555856	29.75583
581	9.83307	3.2785270	15.1534	6.556308	29.75984
582	9.82977	3.2782761	15.4592	6.556786	29.75991
583	9.82715	3.2782762	15.7742	6.557085	29.76195
584	9.82269	3.2784961	16.0650	6.557496	29.76772
585	9.81382	3.2786532	16.3799	6.558427	29.77649
586	9.79904	3.2795951	16.6828	6.559689	29.79805
587	9.77748	3.2808825	16.9674	6.561564	29.82873
588	9.74746	3.2807887	17.2854	6.564967	29.85252
589	9.68598	3.2829560	17.5943	6.570941	29.92528
590	9.59238	3.2838364	17.9001	6.581068	30.01207
591	9.51040	3.2839944	18.2423	6.590215	30.08213
592	9.44969	3.2855970	18.5300	6.596365	30.14926
593	9.41214	3.2857232	18.8450	6.600545	30.18202
594	9.38428	3.2859435	19.1356	6.603595	30.20763
595	9.36035	3.2859438	19.4354	6.606298	30.22771
596	9.33787	3.2856929	19.7474	6.608947	30.24402
597	9.31022	3.2858503	20.0351	6.612004	30.26888
598	9.28859	3.2858004	20.3258	6.614473	30.28656
599	9.27434	3.2857881	20.6527	6.616094	30.29837
600	9.26593	3.2857568	20.9403	6.617063	30.30507
601	9.25702	3.2858513	21.2403	6.618034	30.31346
602	9.24515	3.2859771	21.5521	6.619328	30.32469
603	9.23158	3.2868570	21.8641	6.620487	30.34508
604	9.21922	3.2877370	22.1728	6.621510	30.36445
605	9.20851	3.2893460	22.4697	6.622030	30.38990
606	9.20176	3.2905091	22.7906	6.622295	30.40742
607	9.19929	3.2907041	23.1087	6.622496	30.41139
608	9.19847	3.2909179	23.4206	6.622502	30.41414
609	9.19753	3.2912638	23.7264	6.622463	30.41835
610	9.19479	3.2917731	24.0503	6.622559	30.42577
611	9.19144	3.2950180	24.3532	6.621537	30.46172
612	9.18771	3.2983018	24.6590	6.620541	30.49842
613	9.18392	3.3003533	24.9589	6.620085	30.52255
614	9.18041	3.3018892	25.2616	6.619821	30.54116
615	9.17662	3.3048797	25.5584	6.618957	30.57493
616	9.17344	3.3075059	25.8582	6.618183	30.60445
617	9.16944	3.3104228	26.1368	6.617374	30.63768
618	9.16160	3.3114060	26.4396	6.617837	30.65437
619	9.15140	3.3121372	26.7303	6.618675	30.67051
620	9.14071	3.3129378	27.0148	6.619537	30.68780
621	9.12542	3.3130893	27.3057	6.621200	30.70239
622	9.09781	3.3128628	27.6084	6.624417	30.72372
623	9.06963	3.3130901	27.9203	6.627505	30.75024
624	9.04851	3.3133425	28.2232	6.629784	30.77094
625	9.03293	3.3128008	28.5683	6.631787	30.77868
626	9.02135	3.3133871	28.8651	6.632845	30.79461
627	9.01255	3.3135008	29.1801	6.633795	30.80326
628	9.00496	3.3136270	29.4890	6.634604	30.81100
629	8.99889	3.3137596	29.8099	6.635237	30.81748
630	8.99305	3.3141064	30.1431	6.635752	30.82597
631	8.98803	3.3144470	30.4488	6.636177	30.83370
632	8.98208	3.3150586	30.7578	6.636587	30.84503
633	8.96483	3.3154056	31.0786	6.638391	30.86344
634	8.94334	3.3159481	31.3784	6.640590	30.88757
635	8.92638	3.3160115	31.6935	6.642487	30.90282
636	8.91374	3.3161063	32.0084	6.643882	30.91467
637	8.90420	3.3162893	32.3142	6.644887	30.92472
638	8.89696	3.3163021	32.6292	6.645708	30.93103
639	8.89211	3.3163653	32.9439	6.646235	30.93576
640	8.88835	3.3169645	33.2407	6.646402	30.94510
641	8.88399	3.3169015	33.5345	6.646929	30.94812
642	8.88203	3.3167693	33.8433	6.647215	30.94833
643	8.87779	3.3171603	34.1280	6.647529	30.95595
644	8.87196	3.3174443	34.4246	6.648069	30.96384
645	8.86777	3.3175705	34.7246	6.648494	30.96867
646	8.86576	3.3177283	35.0454	6.648659	30.97192
647	8.86255	3.3177978	35.3451	6.648997	30.97531
648	8.85803	3.3174448	35.6783	6.649671	30.97545
649	8.85248	3.3176341	35.9994	6.650222	30.98212
650	8.84573	3.3178613	36.3111	6.650892	30.99022
651	8.83975	3.3178300	36.6140	6.651590	30.99499
652	8.83409	3.3178301	36.9197	6.652237	30.99980
653	8.82865	3.3177609	37.2347	6.652890	31.00370
654	8.82305	3.3177989	37.5588	6.653514	31.00884
655	8.81686	3.3180513	37.8494	6.654111	31.01675
656	8.81126	3.3182091	38.1311	6.654681	31.02316
657	8.80745	3.3178940	38.4490	6.655258	31.02308
658	8.80495	3.3178941	38.7609	6.655547	31.02513
659	8.80354	3.3177303	39.1060	6.655786	31.02452
660	8.80126	3.3181781	39.4028	6.655853	31.03103
661	8.79664	3.3182729	39.6965	6.656341	31.03592
662	8.79175	3.3180208	40.0085	6.657013	31.03745
663	8.78643	3.3180714	40.2961	6.657600	31.04251
664	8.77920	3.3171004	40.6079	6.658855	31.03863
665	8.76937	3.3167475	40.9076	6.660133	31.04344
666	8.76129	3.3165585	41.2074	6.661141	31.04844
667	8.75358	3.3163065	41.5284	6.662134	31.05243
668	8.74804	3.3162625	41.8465	6.662788	31.05669
669	8.74533	3.3161113	42.1705	6.663170	31.05736
670	8.74332	3.3159223	42.4882	6.663488	31.05701
671	8.73996	3.3157648	42.7970	6.663945	31.05819
672	8.73583	3.3156389	43.1241	6.664476	31.06036
673	8.73193	3.3155129	43.4421	6.664982	31.06233
674	8.72813	3.3153870	43.7540	6.665475	31.06422
675	8.72336	3.3152863	44.0598	6.666068	31.06723
676	8.71615	3.3151289	44.3747	6.666964	31.07178
677	8.70839	3.3150975	44.6715	6.667866	31.07812
678	8.70292	3.3149716	44.9803	6.668550	31.08149
679	8.69831	3.3146628	45.2890	6.669217	31.08219
680	8.69197	3.3144928	45.5889	6.670020	31.08585
681	8.68628	3.3143669	45.8795	6.670729	31.08941
682	8.67978	3.3143040	46.1673	6.671503	31.09434
683	8.67437	3.3142096	46.4671	6.672167	31.09799
684	8.67106	3.3140522	46.7819	6.672619	31.09911
685	8.66727	3.3136111	47.0816	6.673253	31.09773
686	8.65687	3.3130377	47.3725	6.674698	31.10077
687	8.64004	3.3124014	47.6661	6.676905	31.10882
688	8.62457	3.3122757	47.9840	6.678732	31.12098
689	8.61175	3.3122129	48.3110	6.680228	31.13146
690	8.60277	3.3118917	48.6138	6.681401	31.13589
691	8.59493	3.3119549	48.9380	6.682274	31.14331
692	8.58964	3.3115139	49.2831	6.683082	31.14323
693	8.58180	3.3112305	49.5949	6.684109	31.14704
694	8.56802	3.3113883	49.9069	6.685617	31.16069
695	8.55619	3.3115146	50.2005	6.686917	31.17231
696	8.54874	3.3111997	50.5031	6.687915	31.17547
697	8.54437	3.3111368	50.8152	6.688449	31.17853
698	8.53929	3.3110362	51.1240	6.689080	31.18183
699	8.53417	3.3111686	51.4298	6.689612	31.18760
700	8.53168	3.3109419	51.7356	6.690004	31.18729
701	8.53098	3.3105325	52.0444	6.690273	31.18350
702	8.52645	3.3103562	52.3382	6.690876	31.18554
703	8.51981	3.3101169	52.6290	6.691748	31.18877
704	8.51361	3.3099911	52.9317	6.692520	31.19280
705	8.50832	3.3098652	53.2375	6.693186	31.19602
706	8.50347	3.3099599	53.5523	6.693705	31.20116
707	8.49964	3.3099096	53.8673	6.694172	31.20388
708	8.49657	3.3097711	54.1762	6.694592	31.20502
709	8.49430	3.3097083	54.4910	6.694885	31.20622
710	8.49263	3.3097399	54.8029	6.695068	31.20790
711	8.49134	3.3098345	55.1236	6.695179	31.20989
712	8.49042	3.3097401	55.4326	6.695333	31.20957
713	8.49010	3.3094882	55.7567	6.695489	31.20709
714	8.48891	3.3092048	56.0898	6.695758	31.20503
715	8.48573	3.3091042	56.4138	6.696174	31.20664
716	8.48303	3.3092366	56.7285	6.696429	31.21027
717	8.48120	3.3092367	57.0555	6.696645	31.21175
718	8.48012	3.3090730	57.3674	6.696848	31.21085
719	8.47867	3.3088212	57.6793	6.697133	31.20937
720	8.47570	3.3086008	57.9701	6.697577	31.20956
721	8.47193	3.3085064	58.2608	6.698057	31.21178
722	8.46918	3.3084121	58.5725	6.698420	31.21309
723	8.46773	3.3083492	58.8844	6.698621	31.21358
724	8.46671	3.3080596	59.2386	6.698876	31.21130
725	8.46557	3.3081920	59.5353	6.698951	31.21356
726	8.46363	3.3082236	59.8290	6.699165	31.21547
727	8.46202	3.3081607	60.1379	6.699384	31.21611
728	8.46008	3.3080285	60.4466	6.699672	31.21631
729	8.45798	3.3079342	60.7646	6.699961	31.21704
730	8.45625	3.3078398	61.0615	6.700206	31.21745
731	8.45458	3.3077706	61.3732	6.700435	31.21806
732	8.45313	3.3076196	61.6700	6.700675	31.21764
733	8.45211	3.3078086	61.9516	6.700713	31.22040
734	8.45114	3.3090749	62.1757	6.700258	31.23440
735	8.45071	3.3100577	62.2091	6.699865	31.24505
736	8.45862	3.3111099	62.1637	6.698484	31.24907
737	8.47058	3.3114437	62.1699	6.696965	31.24196
738	8.47705	3.3125339	62.1851	6.695735	31.24763
739	8.48012	3.3134855	62.1822	6.694955	31.25486
740	8.48179	3.3140591	62.1793	6.694506	31.25938
741	8.48400	3.3146958	62.1794	6.693967	31.26408
742	8.48454	3.3159377	62.1674	6.693347	31.27659
743	8.48395	3.3153262	62.1584	6.693690	31.27073
744	8.48174	3.3160575	62.1584	6.693614	31.28033
745	8.48029	3.3173312	62.1405	6.693207	31.29495
746	8.47958	3.3165367	62.1405	6.693645	31.28726
747	8.47694	3.3171421	62.1315	6.693674	31.29594
748	8.47479	3.3172997	62.1256	6.693850	31.29950
749	8.47376	3.3167890	62.1317	6.694196	31.29507
750	8.47182	3.3172052	62.1350	6.694231	31.30114
751	8.47102	3.3167890	62.1439	6.694511	31.29750
752	8.47048	3.3161837	62.1503	6.694845	31.29164
753	8.46935	3.3162405	62.1563	6.694949	31.29324
754	8.46908	3.3162531	62.1686	6.694974	31.29360
755	8.46918	3.3165999	62.1747	6.694806	31.29713
756	8.46940	3.3172683	62.1810	6.694481	31.30393
757	8.47069	3.3173944	62.1871	6.694276	31.30410
758	8.47177	3.3182962	62.1963	6.693748	31.31257
759	8.47323	3.3195260	62.1964	6.693028	31.32414
760	8.47587	3.3203523	62.1934	6.692355	31.33044
761	8.47921	3.3215004	62.1814	6.691457	31.33949
762	8.48379	3.3204153	62.0876	6.691420	31.32412
763	8.50789	3.3209575	61.9394	6.688422	31.30847
764	8.53951	3.3217835	61.7670	6.684440	31.28915
765	8.55819	3.3223259	61.5948	6.682064	31.27835
766	8.56851	3.3222626	61.4344	6.680914	31.26863
767	8.57429	3.3215306	61.2649	6.680579	31.25596
768	8.57116	3.3214991	61.1015	6.680947	31.25847
769	8.56505	3.3211458	60.9351	6.681798	31.26026
770	8.56046	3.3199977	60.7839	6.682832	31.25240
771	8.54782	3.3193039	60.6297	6.684581	31.25641
772	8.53422	3.3188247	60.4695	6.686345	31.26351
773	8.52316	3.3182824	60.3180	6.687848	31.26771
774	8.51339	3.3176329	60.1669	6.689252	31.26964
775	8.50579	3.3181248	60.0095	6.689897	31.28158
776	8.50336	3.3183140	59.8402	6.690086	31.28578
777	8.50422	3.3182824	59.6707	6.689998	31.28476
778	8.50147	3.3171410	59.4982	6.690821	31.27535
779	8.49646	3.3158799	59.3258	6.691958	31.26669
780	8.49177	3.3175193	59.1294	6.691753	31.28807
781	8.49188	3.3159933	58.9265	6.692423	31.27211
782	8.49268	3.3137364	58.7450	6.693341	31.24788
783	8.49096	3.3142154	58.5453	6.693319	31.25450
784	8.49306	3.3143099	58.3488	6.693033	31.25372
785	8.49090	3.3131690	58.1400	6.693788	31.24379
786	8.48665	3.3130744	57.9283	6.694313	31.24667
787	8.48379	3.3120282	57.7224	6.695106	31.23835
788	8.48250	3.3119903	57.5257	6.695268	31.23918
789	8.48250	3.3119273	57.3261	6.695292	31.23861
790	8.48276	3.3116562	57.1143	6.695379	31.23563
791	8.48320	3.3118641	56.9145	6.695233	31.23751
792	8.48384	3.3116120	56.7149	6.695268	31.23439
793	8.48406	3.3113913	56.5153	6.695339	31.23198
794	8.48503	3.3115803	56.3156	6.695139	31.23319
795	8.48627	3.3116433	56.1190	6.694965	31.23284
796	8.48702	3.3115676	55.9223	6.694909	31.23146
797	8.48756	3.3118007	55.7286	6.694739	31.23351
798	8.48821	3.3116746	55.5261	6.694718	31.23171
799	8.48891	3.3116745	55.3204	6.694634	31.23118
800	8.49037	3.3118635	55.1177	6.694379	31.23195
801	8.49193	3.3117751	54.9118	6.694236	31.22974
802	8.49312	3.3116742	54.6941	6.694141	31.22773
803	8.49387	3.3115481	54.4791	6.694107	31.22584
804	8.49495	3.3115165	54.2614	6.693994	31.22465
805	8.49646	3.3115164	54.0314	6.693817	31.22342
806	8.49813	3.3113273	53.8044	6.693707	31.22006
807	8.50007	3.3112327	53.5805	6.693523	31.21745
808	8.50190	3.3111696	53.3567	6.693337	31.21527
809	8.50336	3.3110687	53.1267	6.693212	31.21303
810	8.50525	3.3110371	52.9088	6.693006	31.21113
811	8.50741	3.3111378	52.6908	6.692710	31.21037
812	8.50886	3.3111377	52.4731	6.692539	31.20918
813	8.50999	3.3111124	52.2645	6.692417	31.20800
814	8.51075	3.3112636	52.0615	6.692259	31.20900
815	8.51177	3.3115156	51.8498	6.692025	31.21082
816	8.51248	3.3116100	51.6351	6.691898	31.21129
817	8.51275	3.3114524	51.4323	6.691934	31.20949
818	8.51345	3.3113515	51.2236	6.691895	31.20791
819	8.51431	3.3112947	51.0178	6.691818	31.20664
820	8.51560	3.3113577	50.8092	6.691638	31.20625
821	8.51717	3.3115466	50.5913	6.691370	31.20693
822	8.51884	3.3115466	50.3824	6.691175	31.20555
823	8.52019	3.3115465	50.1616	6.691017	31.20445
824	8.52159	3.3113825	49.9407	6.690926	31.20160
825	8.52300	3.3114203	49.7138	6.690744	31.20085
826	8.52494	3.3113887	49.4838	6.690532	31.19891
827	8.52656	3.3110357	49.2448	6.690501	31.19390
828	8.52834	3.3111364	49.0117	6.690247	31.19348
829	8.53093	3.3109410	48.7696	6.690034	31.18926
830	8.53374	3.3107770	48.5427	6.689783	31.18517
831	8.53660	3.3109723	48.3096	6.689364	31.18478
832	8.53962	3.3106886	48.0888	6.689141	31.17925
833	8.54221	3.3107515	47.8650	6.688813	31.17772
834	8.54529	3.3108144	47.6502	6.688429	31.17575
835	8.54853	3.3108143	47.4261	6.688055	31.17299
836	8.55128	3.3109277	47.2052	6.687685	31.17184
837	8.55403	3.3107511	46.9935	6.687446	31.16766
838	8.55760	3.3108455	46.7817	6.686992	31.16560
839	8.56224	3.3108769	46.5669	6.686443	31.16192
840	8.56656	3.3107193	46.3520	6.686016	31.15656
841	8.57013	3.3108389	46.1372	6.685552	31.15476
842	8.57326	3.3106876	45.9104	6.685257	31.15052
843	8.57704	3.3106875	45.7044	6.684821	31.14727
844	8.58147	3.3107504	45.4775	6.684283	31.14413
845	8.58682	3.3108132	45.2446	6.683640	31.14017
846	8.59261	3.3107816	45.0206	6.682990	31.13484
847	8.59845	3.3108697	44.7877	6.682279	31.13072
848	8.60623	3.3109388	44.5456	6.681356	31.12470
849	8.61494	3.3110647	44.3034	6.680301	31.11845
850	8.62338	3.3111338	44.0644	6.679304	31.11185
851	8.63111	3.3111967	43.8253	6.678389	31.10581
852	8.63874	3.3113225	43.5863	6.677458	31.10051
853	8.64518	3.3113476	43.3473	6.676708	31.09522
854	8.65103	3.3114168	43.1172	6.676007	31.09090
855	8.65682	3.3114797	42.8873	6.675314	31.08657
856	8.66240	3.3116056	42.6633	6.674618	31.08308
857	8.66727	3.3115739	42.4425	6.674073	31.07857
858	8.67247	3.3116683	42.2215	6.673434	31.07508
859	8.67778	3.3116808	42.0097	6.672820	31.07064
860	8.68260	3.3117311	41.7920	6.672245	31.06703
861	8.68710	3.3118885	41.5831	6.671659	31.06481
862	8.69121	3.3118884	41.3713	6.671186	31.06129
863	8.69571	3.3119198	41.1564	6.670656	31.05776
864	8.69978	3.3119512	40.9385	6.670175	31.05462
865	8.70357	3.3119511	40.7267	6.669739	31.05138
866	8.70699	3.3120203	40.5028	6.669315	31.04921
867	8.71078	3.3121462	40.2820	6.668823	31.04729
868	8.71479	3.3122406	40.0399	6.668320	31.04486
869	8.71897	3.3123666	39.7977	6.667785	31.04261
870	8.72293	3.3124610	39.5678	6.667288	31.04022
871	8.72678	3.3125869	39.3256	6.666790	31.03826
872	8.73074	3.3127128	39.0713	6.666278	31.03621
873	8.73475	3.3128072	38.8173	6.665775	31.03379
874	8.73860	3.3129710	38.5753	6.665260	31.03222
875	8.74267	3.3129709	38.3392	6.664793	31.02876
876	8.74734	3.3131598	38.1061	6.664174	31.02673
877	8.75124	3.3132227	37.8822	6.663698	31.02406
878	8.75466	3.3133172	37.6461	6.663263	31.02215
879	8.75873	3.3134116	37.4313	6.662754	31.01966
880	8.76281	3.3135060	37.2104	6.662246	31.01718
881	8.76623	3.3136068	37.0046	6.661809	31.01532
882	8.76932	3.3135689	36.7928	6.661470	31.01231
883	8.77193	3.3136318	36.5778	6.661142	31.01078
884	8.77437	3.3136632	36.3569	6.660846	31.00906
885	8.77709	3.3136316	36.1422	6.660548	31.00645
886	8.78018	3.3136315	35.9212	6.660192	31.00384
887	8.78311	3.3136629	35.6943	6.659841	31.00170
888	8.78583	3.3135998	35.4643	6.659556	30.99877
889	8.78882	3.3135997	35.2343	6.659212	30.99626
890	8.79180	3.3135365	35.0044	6.658897	30.99309
891	8.79458	3.3135364	34.7562	6.658577	30.99078
892	8.79691	3.3135111	34.5200	6.658319	30.98858
893	8.79990	3.3134732	34.2720	6.657992	30.98568
894	8.80338	3.3134100	34.0358	6.657620	30.98209
895	8.80669	3.3133469	33.8028	6.657268	30.97864
896	8.80974	3.3132838	33.5607	6.656945	30.97544
897	8.81305	3.3133152	33.3218	6.656551	30.97297
898	8.81653	3.3131827	33.1008	6.656210	30.96866
899	8.81979	3.3131259	32.8708	6.655861	30.96532
900	8.82278	3.3130312	32.6437	6.655559	30.96183
901	8.82539	3.3129366	32.4379	6.655301	30.95866
902	8.82822	3.3128672	32.2232	6.655007	30.95557
903	8.83088	3.3127599	32.0113	6.654748	30.95223
904	8.83344	3.3127094	31.7993	6.654476	30.94957
905	8.83589	3.3126148	31.5907	6.654236	30.94654
906	8.83866	3.3125517	31.3758	6.653945	30.94357
907	8.84203	3.3124255	31.1670	6.653614	30.93941
908	8.84535	3.3123624	30.9460	6.653262	30.93596
909	8.84823	3.3123056	30.7191	6.652955	30.93296
910	8.85068	3.3122046	30.4983	6.652718	30.92987
911	8.85286	3.3121730	30.2560	6.652480	30.92776
912	8.85482	3.3121414	30.0138	6.652268	30.92583
913	8.85705	3.3121098	29.7749	6.652024	30.92366
914	8.85972	3.3120152	29.5266	6.651759	30.92047
915	8.86211	3.3119142	29.2846	6.651527	30.91744
916	8.86412	3.3119141	29.0363	6.651294	30.91579
917	8.86668	3.3116935	28.7972	6.651097	30.91139
918	8.87098	3.3115673	28.5613	6.650660	30.90644
919	8.87577	3.3114412	28.3161	6.650168	30.90107
920	8.88045	3.3113402	28.0830	6.649677	30.89606
921	8.88639	3.3110943	27.8530	6.649108	30.88845
922	8.89216	3.3107728	27.6322	6.648591	30.88020
923	8.89848	3.3105837	27.4202	6.647954	30.87285
924	8.90469	3.3104575	27.1933	6.647302	30.86625
925	8.91161	3.3102998	26.9784	6.646583	30.85870
926	8.91788	3.3100414	26.7605	6.645982	30.85068
927	8.92567	3.3098837	26.5486	6.645164	30.84238
928	8.93374	3.3096316	26.3246	6.644356	30.83287
929	8.94148	3.3094109	26.1008	6.643572	30.82398
930	8.94863	3.3090895	25.8829	6.642900	30.81456
931	8.95697	3.3088688	25.6408	6.642047	30.80515
932	8.96816	3.3088056	25.4137	6.640803	30.79491
933	8.98088	3.3085534	25.1685	6.639470	30.78141
934	8.99229	3.3083013	24.9295	6.638284	30.76904
935	9.00392	3.3080743	24.6872	6.637063	30.75675
936	9.01796	3.3076961	24.4420	6.635635	30.74083
937	9.03168	3.3073180	24.1970	6.634244	30.72520
938	9.04425	3.3065809	23.9550	6.633139	30.70687
939	9.05639	3.3058879	23.7126	6.632065	30.68938
940	9.06913	3.3050691	23.4889	6.630977	30.67007
941	9.08106	3.3039922	23.2436	6.630093	30.64884
942	9.09119	3.3030729	23.0227	6.629344	30.63078
943	9.10028	3.3021851	22.7987	6.628699	30.61395
944	9.10822	3.3006555	22.5778	6.628463	30.59151
945	9.11616	3.2991198	22.3599	6.628230	30.56903
946	9.12312	3.2980186	22.1388	6.627918	30.55185
947	9.12865	3.2970999	21.9270	6.627687	30.53778
948	9.13342	3.2966595	21.7122	6.627336	30.52927
949	9.13786	3.2952063	21.4944	6.627461	30.51065
950	9.14230	3.2933447	21.2702	6.627764	30.48786
951	9.14652	3.2917538	21.0524	6.627973	30.46803
952	9.15063	3.2904776	20.8195	6.628058	30.45153
953	9.15501	3.2890318	20.5864	6.628185	30.43307
954	9.15984	3.2877370	20.3562	6.628197	30.41578
955	9.16565	3.2861660	20.1081	6.628216	30.39483
956	9.17070	3.2853177	19.8779	6.628008	30.38194
957	9.17525	3.2849407	19.6329	6.627652	30.37431
958	9.17986	3.2837471	19.3878	6.627643	30.35826
959	9.18403	3.2829304	19.1455	6.627520	30.34646
960	9.18826	3.2820699	18.8972	6.627410	30.33416
961	9.19276	3.2818940	18.6613	6.626972	30.32864
962	9.19792	3.2812659	18.4342	6.626656	30.31792
963	9.20357	3.2810460	18.2042	6.626107	30.31097
964	9.20879	3.2807005	17.9622	6.625661	30.30311
965	9.21494	3.2805434	17.7411	6.625029	30.29637
966	9.22394	3.2800410	17.5141	6.624222	30.28369
967	9.23356	3.2799780	17.3054	6.623157	30.27498
968	9.24400	3.2796953	17.0843	6.622094	30.26334
969	9.25268	3.2792871	16.8725	6.621283	30.25190
970	9.25999	3.2789354	16.6576	6.620604	30.24221
971	9.26769	3.2785963	16.4367	6.619875	30.23233
972	9.27671	3.2782822	16.2157	6.618986	30.22159
973	9.28535	3.2783448	15.9976	6.617978	30.21502
974	9.29332	3.2783133	15.7616	6.617085	30.20805
975	9.30130	3.2780307	15.5377	6.616301	30.19852
976	9.31099	3.2777794	15.3015	6.615309	30.18788
977	9.32465	3.2775281	15.0625	6.613870	30.17389
978	9.34067	3.2769944	14.8173	6.612283	30.15504
979	9.35825	3.2767745	14.5781	6.610387	30.13809
980	9.38339	3.2763976	14.3389	6.607705	30.11320
981	9.41816	3.2754496	14.0939	6.604183	30.07445
982	9.45687	3.2744891	13.8576	6.600223	30.03232
983	9.49026	3.2736730	13.6275	6.596803	29.99618
984	9.52507	3.2729825	13.3885	6.593172	29.96020
985	9.55768	3.2723234	13.1555	6.589776	29.92641
986	9.59011	3.2716957	12.9285	6.586390	29.89315
987	9.61956	3.2713818	12.7045	6.583207	29.86558
988	9.64598	3.2706664	12.4805	6.580536	29.83651
989	9.66876	3.2702898	12.2656	6.578133	29.81391
990	9.68943	3.2698192	12.0477	6.576006	29.79212
991	9.70689	3.2691919	11.8327	6.574307	29.77144
992	9.72180	3.2688844	11.6208	6.572760	29.75610
993	9.73488	3.2684767	11.4090	6.571461	29.74128
994	9.74623	3.2682821	11.1911	6.570266	29.73003
995	9.75609	3.2676926	10.9611	6.569404	29.71606
996	9.76388	3.2680373	10.7218	6.568381	29.71319
997	9.77090	3.2678177	10.4886	6.567682	29.70529
998	9.77681	3.2677235	10.2436	6.567056	29.69958
999	9.78193	3.2676921	10.0013	6.566490	29.69513
1000	9.78767	3.2674725	9.7562	6.565935	29.68830
1001	9.79364	3.2675037	9.5110	6.565249	29.68380
1002	9.79904	3.2671901	9.2719	6.564771	29.67629
1003	9.80412	3.2669706	9.0267	6.564290	29.67001
1004	9.80936	3.2669454	8.7875	6.563710	29.66554
1005	9.81471	3.2668199	8.5636	6.563159	29.65996
1006	9.82124	3.2664123	8.3365	6.562595	29.65059
1007	9.83044	3.2659420	8.1186	6.561757	29.63839
1008	9.84306	3.2657224	7.9006	6.560433	29.62591
1009	9.86360	3.2656344	7.6886	6.558166	29.60825
1010	9.88818	3.2655965	7.4708	6.555428	29.58780
1011	9.91316	3.2653454	7.2438	6.552735	29.56491
1012	9.93749	3.2657525	7.0319	6.549842	29.54917
1013	9.97007	3.2656894	6.8109	6.546226	29.52201
1014	10.00963	3.2657829	6.5868	6.541769	29.49076
1015	10.05281	3.2661585	6.3629	6.536795	29.45943
1016	10.09605	3.2662520	6.1326	6.531937	29.42530
1017	10.14541	3.2663767	5.8996	6.526390	29.38658
1018	10.19838	3.2665641	5.6605	6.520423	29.34566
1019	10.24956	3.2662188	5.4154	6.514880	29.30098
1020	10.30206	3.2654033	5.1884	6.509390	29.25067
1021	10.34371	3.2643436	4.9402	6.505205	29.20679
1022	10.38648	3.2633781	4.6947	6.500860	29.16301
1023	10.43599	3.2620993	4.4527	6.495901	29.11085
1024	10.48404	3.2605013	4.2165	6.491237	29.05683
1025	10.52901	3.2589474	3.9925	6.486896	29.00579
1026	10.56722	3.2572624	3.7655	6.483358	28.95895
1027	10.60837	3.2555214	3.5444	6.479518	28.90931
1028	10.64625	3.2540311	3.3205	6.475939	28.86481
1029	10.67779	3.2528478	3.0964	6.472937	28.82840
1030	10.71803	3.2519461	2.8935	6.468866	28.78796
1031	10.76763	3.2500184	2.6909	6.464178	28.73020
1032	10.80842	3.2482163	2.4971	6.460410	28.68069
1033	10.84651	3.2471901	2.2974	6.456632	28.64097
1034	10.88928	3.2462641	2.1066	6.452302	28.59864
1035	10.90661	3.2448069	1.9218	6.450976	28.57101
1036	10.91488	3.2430063	1.7221	6.450780	28.54712
1037	10.92509	3.2410873	1.5224	6.450417	28.52056
1038	10.94043	3.2396623	1.3197	6.449295	28.49486
1039	10.94698	3.2379315	1.1078	6.449258	28.47302
1040	10.94962	3.2363197	0.8959	6.449603	28.45537
1041	10.95479	3.2359823	0.6747	6.449165	28.44817
1042	10.97440	3.2364443	0.4931	6.446829	28.43756
1043	11.00505	3.2366625	0.3205	6.443378	28.41604
1044	11.03148	3.2473439	0.1754	6.436272	28.49939
1045	10.94543	3.2548031	0.0663	6.442735	28.63885
1046	10.57103	3.2615640	0.0634	6.481142	28.99970
1047	10.24759	3.2638731	0.0696	6.515973	29.28140
1048	9.96884	3.2700320	0.0636	6.544443	29.56921
1049	9.75202	3.2724740	0.0667	6.567661	29.77203
1050	9.60719	2.8442028	0.0636	6.766280	25.60255
1051	9.51549	0.5976086	0.0668	7.744769	4.73600
1052	9.48794	0.6877256	0.0608	7.711714	5.50887
1053	9.48556	0.6928205	0.0609	7.709977	5.55300
1054	9.48363	0.5237115	0.0640	7.781262	4.11651
1055	9.48440	0.4658843	0.0611	7.805124	3.63333
1056	9.48794	0.4278603	0.0612	7.820179	3.31793
1057	9.49109	0.6420308	0.0582	7.730418	5.11722
1058	9.49430	0.5431971	0.0614	7.771245	4.27903
1059	9.49779	0.6092041	0.0645	7.743029	4.83676
1060	9.50116	0.5465817	0.0645	7.768616	4.30670
1061	9.50481	0.6596559	0.0646	7.720602	5.26582
1062	9.50852	0.4642589	0.0676	7.801468	3.61740
1063	9.51256	0.4905680	0.0558	7.789863	3.83598
1064	9.51665	0.5451340	0.0617	7.766471	4.29267
1065	9.52075	0.4204862	0.0650	7.817292	3.25412
1066	9.52534	0.4863632	0.0590	7.789318	3.79957
1067	9.53077	0.4799643	0.0620	7.790994	3.74571
1068	9.53990	0.5674202	0.0588	7.753070	4.47759
1069	9.54971	0.4163998	0.0622	7.813746	3.21788
1070	9.55464	0.3825308	0.0591	7.826692	2.93979
1071	9.55851	0.3441826	0.0652	7.841566	2.62742
1072	9.56273	0.3023484	0.0685	7.857674	2.28971
1073	9.56588	0.2964424	0.0685	7.859468	2.24215
1074	9.56860	0.2961596	0.0626	7.859084	2.23972
1075	9.57154	0.2880043	0.0625	7.861815	2.17426
1076	9.57409	0.2709965	0.0687	7.868147	2.03842
1077	9.57658	0.2862579	0.0597	7.861591	2.16000
1078	9.57913	0.3062064	0.0597	7.853126	2.31964
1079	9.58146	0.3153341	0.0629	7.849031	2.39286
1080	9.58384	0.3034401	0.0629	7.853376	2.29713
1081	9.58634	0.2965645	0.0691	7.855678	2.24186
1082	9.58872	0.2468376	0.0661	7.875068	1.84599
1083	9.59133	0.2435882	0.0632	7.875877	1.82019
1084	9.59427	0.2220762	0.0663	7.883835	1.65072
1085	9.59704	0.2503345	0.0633	7.872152	1.87322
1086	9.59998	0.2491238	0.0604	7.872092	1.86349
1087	9.60270	0.2904796	0.0665	7.855123	2.19217
1088	9.60663	0.4224017	0.0636	7.801046	3.26214
1089	9.61812	0.3519509	0.0668	7.827600	2.68600
1090	9.63560	0.2951894	0.0668	7.847230	2.22782
1091	9.64487	0.2630624	0.0699	7.858326	1.97148
1092	9.64987	0.2517449	0.0670	7.861893	1.88164
1093	9.65376	0.2662566	0.0641	7.855432	1.99632
1094	9.65715	0.2551728	0.0642	7.859203	1.90835
1095	9.66070	0.2496141	0.0643	7.860750	1.86425
1096	9.66415	0.2545164	0.0673	7.858180	1.90280
1097	9.66698	0.2578551	0.0703	7.856341	1.92905
1098	9.66937	0.2487500	0.0705	7.859502	1.85698
1099	9.67142	0.2328557	0.0613	7.865389	1.73174
1100	9.67292	0.2448237	0.0584	7.860399	1.82584
1101	9.67415	0.2514325	0.0617	7.857567	1.87791
1102	9.67537	0.2513536	0.0618	7.857374	1.87722
1103	9.67648	0.2318098	0.0679	7.864871	1.72329
1104	9.67781	0.2119436	0.0618	7.872415	1.56774
1105	9.67893	0.1967633	0.0680	7.878134	1.44954
1106	9.67987	0.1834115	0.0649	7.883148	1.34608
1107	9.68087	0.1720998	0.0649	7.887341	1.25881
1108	9.68215	0.1629565	0.0712	7.890632	1.18853
1109	9.68359	0.1552708	0.0652	7.893321	1.12964
1110	9.68537	0.1489368	0.0652	7.895421	1.08123
1111	9.68721	0.1435923	0.0684	7.897126	1.04048
1112	9.68926	0.1391651	0.0685	7.898436	1.00678
1113	9.69127	0.1355323	0.0685	7.899450	0.97917
1114	9.69349	0.1322517	0.0625	7.900286	0.95427
1115	9.69560	0.1294201	0.0688	7.900970	0.93281
1116	9.69794	0.1270652	0.0687	7.901430	0.91496
1117	9.70016	0.1251562	0.0627	7.901741	0.90051
1118	9.70239	0.1237084	0.0658	7.901877	0.88954
1119	9.70478	0.1224015	0.0690	7.901927	0.87964
1120	9.70700	0.1237834	0.0659	7.900990	0.88999
1121	9.70945	0.1529959	0.0690	7.889404	1.11147
1122	9.71190	0.1861731	0.0661	7.876166	1.36623
1123	9.71401	0.1958463	0.0690	7.872024	1.44103
1124	9.71640	0.2091533	0.0692	7.866405	1.54433
1125	9.71863	0.1943087	0.0632	7.871770	1.42893
1126	9.72085	0.1805762	0.0692	7.876680	1.32269
1127	9.72330	0.1692708	0.0664	7.880589	1.23561
1128	9.72530	0.1600885	0.0635	7.883749	1.16517
1129	9.72758	0.1521083	0.0665	7.886386	1.10415
