Scan Count	Temperature [ITS-90, deg C]	Conductivity [S/m]	Depth [salt water, m]	Oxygen Saturation, Weiss [ml/l]	Salinity, Practical [PSU]
1	14.06375	0.0033979	0.0175	7.191880	0.02373
2	14.06306	0.0033855	0.0144	7.191992	0.02366
3	14.06243	0.0033855	0.0174	7.192091	0.02366
4	14.06231	0.0036048	0.0175	7.192058	0.02487
5	14.06218	0.0036882	0.0145	7.192057	0.02533
6	14.06231	0.0037160	0.0174	7.192030	0.02548
7	14.06218	0.0037253	0.0175	7.192048	0.02553
8	14.06218	0.0037408	0.0175	7.192044	0.02562
9	14.06206	0.0037562	0.0204	7.192060	0.02571
10	14.06225	0.0037593	0.0174	7.192030	0.02572
11	14.06212	0.0037624	0.0143	7.192049	0.02574
12	14.06193	0.0037686	0.0144	7.192077	0.02577
13	14.06174	0.0037778	0.0144	7.192104	0.02583
14	14.06200	0.0037871	0.0205	7.192062	0.02588
15	14.06212	0.0037964	0.0205	7.192040	0.02593
16	14.06181	0.0038334	0.0174	7.192081	0.02613
17	14.06156	0.0039663	0.0175	7.192088	0.02687
18	14.06112	0.0042382	0.0145	7.192090	0.02839
19	14.06049	0.0045720	0.0205	7.192106	0.03026
20	14.05987	0.0050573	0.0144	7.192084	0.03299
21	14.05905	0.0058766	0.0206	7.192006	0.03765
22	14.05843	0.0071697	0.0175	7.191776	0.04508
23	14.05787	0.0089714	0.0175	7.191400	0.05556
24	14.05724	0.0096683	0.0175	7.191318	0.05964
25	14.05636	0.0096281	0.0145	7.191467	0.05941
26	14.05568	0.0103159	0.0206	7.191396	0.06346
27	14.05499	0.0114070	0.0144	7.191219	0.06991
28	14.05424	0.0116334	0.0205	7.191279	0.07125
29	14.05355	0.0118505	0.0235	7.191330	0.07254
30	14.05280	0.0123560	0.0236	7.191316	0.07555
31	14.05230	0.0126290	0.0175	7.191323	0.07717
32	14.05180	0.0128772	0.0145	7.191336	0.07865
33	14.05117	0.0124274	0.0236	7.191554	0.07597
34	14.05067	0.0119528	0.0205	7.191759	0.07315
35	14.05086	0.0115249	0.0207	7.191842	0.07061
36	14.05061	0.0110133	0.0145	7.192016	0.06758
37	14.05086	0.0105515	0.0177	7.192097	0.06485
38	14.05099	0.0100556	0.0206	7.192207	0.06193
39	14.05061	0.0100277	0.0145	7.192274	0.06177
40	14.05048	0.0094329	0.0146	7.192448	0.05827
41	14.04986	0.0088847	0.0207	7.192690	0.05506
42	14.04980	0.0083923	0.0176	7.192827	0.05218
43	14.04930	0.0081261	0.0176	7.192975	0.05063
44	14.04886	0.0077360	0.0297	7.193145	0.04837
45	14.04867	0.0074575	0.0177	7.193246	0.04675
46	14.04842	0.0072223	0.0147	7.193346	0.04539
47	14.04817	0.0070707	0.0177	7.193425	0.04451
48	14.04798	0.0069283	0.0177	7.193491	0.04369
49	14.04780	0.0067922	0.0207	7.193556	0.04291
50	14.04748	0.0066901	0.0268	7.193631	0.04232
51	14.04692	0.0065787	0.0177	7.193749	0.04168
52	14.04654	0.0065076	0.0117	7.193826	0.04127
53	14.04629	0.0064581	0.0177	7.193879	0.04099
54	14.04598	0.0064272	0.0178	7.193936	0.04081
55	14.04536	0.0063715	0.0147	7.194049	0.04049
56	14.04498	0.0063808	0.0237	7.194106	0.04054
57	14.04479	0.0063065	0.0177	7.194155	0.04012
58	14.04461	0.0062632	0.0147	7.194196	0.03987
59	14.04467	0.0061735	0.0177	7.194208	0.03936
60	14.04467	0.0061240	0.0209	7.194221	0.03907
61	14.04436	0.0060312	0.0208	7.194294	0.03854
62	14.04436	0.0059663	0.0209	7.194311	0.03817
63	14.04336	0.0058983	0.0178	7.194486	0.03778
64	14.04267	0.0058302	0.0208	7.194612	0.03739
65	14.04210	0.0057436	0.0239	7.194724	0.03690
66	14.04173	0.0056818	0.0239	7.194799	0.03655
67	14.04129	0.0056138	0.0179	7.194885	0.03616
68	14.04060	0.0055581	0.0179	7.195008	0.03584
69	14.04004	0.0054870	0.0209	7.195115	0.03544
70	14.03960	0.0054313	0.0240	7.195199	0.03512
71	14.03929	0.0053788	0.0149	7.195261	0.03483
72	14.03879	0.0053046	0.0180	7.195359	0.03440
73	14.03817	0.0052613	0.0270	7.195469	0.03416
74	14.03760	0.0052087	0.0209	7.195572	0.03386
75	14.03717	0.0051624	0.0180	7.195653	0.03360
76	14.03648	0.0050974	0.0179	7.195778	0.03323
77	14.03585	0.0050634	0.0210	7.195886	0.03304
78	14.03535	0.0050202	0.0241	7.195976	0.03279
79	14.03498	0.0049707	0.0210	7.196048	0.03251
80	14.03473	0.0049398	0.0210	7.196095	0.03234
81	14.03423	0.0049058	0.0211	7.196183	0.03215
82	14.03366	0.0048594	0.0241	7.196284	0.03189
83	14.03304	0.0048223	0.0180	7.196392	0.03168
84	14.03235	0.0048038	0.0211	7.196505	0.03157
85	14.03173	0.0047790	0.0241	7.196611	0.03143
86	14.03098	0.0047543	0.0150	7.196736	0.03129
87	14.03023	0.0047327	0.0241	7.196860	0.03117
88	13.93802	1.1763051	0.1241	6.835339	8.71189
89	12.79783	3.1437846	0.3330	6.284414	26.22496
90	11.53970	3.2076243	0.5662	6.396293	27.72969
91	10.70729	3.1836274	0.7630	6.497401	28.12871
92	10.22565	3.1812989	0.8266	6.552360	28.47975
93	9.98094	3.2140422	0.8116	6.566408	28.99936
94	9.84211	3.2423672	0.7873	6.570207	29.39510
95	9.75609	3.2501849	0.7690	6.576601	29.54398
96	9.71279	3.2555613	0.7751	6.579207	29.63370
97	9.69132	3.2603269	0.7751	6.579610	29.69943
98	9.67431	3.2656593	0.7873	6.579269	29.76728
99	9.66287	3.2718793	0.8024	6.577925	29.83955
100	9.66037	3.2779594	0.7934	6.575634	29.90305
101	9.66937	3.2826368	0.7843	6.572647	29.94281
102	9.67103	3.2796103	0.7662	6.573739	29.91086
103	9.65687	3.2767983	0.7601	6.576517	29.89424
104	9.63927	3.2744202	0.7783	6.579500	29.88484
105	9.63160	3.2748846	0.7966	6.580164	29.89589
106	9.63577	3.2815696	0.8056	6.576865	29.96001
107	9.65415	3.2920123	0.8025	6.570387	30.05025
108	9.66981	3.2926095	0.7875	6.568382	30.04321
109	9.66603	3.2870342	0.7844	6.571162	29.99002
110	9.65437	3.2813183	0.7876	6.574886	29.94198
111	9.64043	3.2793155	0.7905	6.577296	29.93334
112	9.63516	3.2807533	0.8026	6.577279	29.95226
113	9.63954	3.2842702	0.8026	6.575299	29.98417
114	9.65031	3.2875057	0.7845	6.572722	30.00790
115	9.65481	3.2848668	0.7815	6.573335	29.97747
116	9.64398	3.2788384	0.7905	6.577100	29.92556
117	9.63022	3.2780539	0.7996	6.578977	29.92909
118	9.62261	3.2802826	0.8116	6.578886	29.95795
119	9.62672	3.2843332	0.8148	6.576709	29.99550
120	9.64593	3.2871287	0.8057	6.573373	30.00774
121	9.66065	3.2895543	0.7876	6.570699	30.01998
122	9.65892	3.2794032	0.7785	6.575185	29.91884
123	9.64376	3.2706941	0.7966	6.580572	29.84344
124	9.63144	3.2734793	0.8270	6.580778	29.88181
125	9.63999	3.2939932	0.8300	6.571133	30.08211
126	9.64632	3.2974651	0.8028	6.568956	30.11195
127	9.69221	3.2967726	0.7664	6.564121	30.06657
128	9.75347	3.2844574	0.7694	6.562467	29.89129
129	9.77536	3.2757930	0.7845	6.563664	29.78587
130	9.75180	3.2759187	0.7997	6.566249	29.80661
131	9.72825	3.2864366	0.8058	6.564454	29.93217
132	9.72302	3.2968981	0.8149	6.560630	30.04208
133	9.71801	3.2980369	0.8058	6.560708	30.05776
134	9.71891	3.2997421	0.7967	6.559890	30.07424
135	9.75770	3.2963631	0.7816	6.556986	30.00778
136	9.77040	3.2855252	0.7816	6.560126	29.88799
137	9.75536	3.2762638	0.7908	6.565704	29.80714
138	9.72363	3.2741057	0.8059	6.570168	29.81165
139	9.70300	3.2840811	0.8150	6.568272	29.92940
140	9.71201	3.2930806	0.8090	6.563468	30.01274
141	9.71095	3.2937723	0.7908	6.563294	30.02061
142	9.69149	3.2923577	0.7756	6.566066	30.02257
143	9.68421	3.2840499	0.7816	6.570388	29.94474
144	9.67843	3.2785869	0.7968	6.573344	29.89437
145	9.67120	3.2892085	0.8211	6.569665	30.00767
146	9.67976	3.2974963	0.8211	6.565207	30.08426
147	9.67954	3.3013977	0.8090	6.563584	30.12389
148	9.71863	3.2997735	0.7907	6.559908	30.07479
149	9.75414	3.2946586	0.7908	6.558101	29.99356
150	9.77235	3.2901503	0.7878	6.557964	29.93297
151	9.76377	3.2887362	0.7969	6.559517	29.92584
152	9.73899	3.2930489	0.8061	6.560468	29.98993
153	9.73510	3.3033422	0.8030	6.556568	30.09704
154	9.74428	3.3051239	0.7939	6.554795	30.10735
155	9.74306	3.3052750	0.7879	6.554868	30.10990
156	9.76310	3.3018877	0.7910	6.554061	30.05898
157	9.78143	3.3022967	0.7971	6.551848	30.04781
158	9.79804	3.3063198	0.7969	6.548311	30.07450
159	9.81901	3.3079319	0.7909	6.545304	30.07325
160	9.82860	3.3092421	0.7940	6.543690	30.07844
161	9.83971	3.3082215	0.7970	6.542884	30.05891
162	9.84925	3.3053684	0.8091	6.543019	30.02224
163	9.85260	3.3088198	0.8122	6.541202	30.05418
164	9.86723	3.3145604	0.8001	6.537178	30.09974
165	9.89103	3.3126881	0.7940	6.535323	30.06108
166	9.89108	3.3060228	0.7972	6.538100	29.99404
167	9.85991	3.3087252	0.8092	6.540430	30.04713
168	9.83692	3.3146616	0.7971	6.540497	30.12607
169	9.83435	3.3159603	0.7972	6.540238	30.14129
170	9.82855	3.3139935	0.8093	6.541705	30.12633
171	9.81371	3.3175369	0.8184	6.541866	30.17443
172	9.80501	3.3218135	0.8094	6.541037	30.22482
173	9.80300	3.3219081	0.8063	6.541220	30.22746
174	9.79821	3.3166606	0.8124	6.543953	30.17858
175	9.78929	3.3187290	0.8094	6.544075	30.20690
176	9.78349	3.3242367	0.8125	6.542405	30.26732
177	9.78288	3.3254296	0.8093	6.541972	30.27987
178	9.78188	3.3240411	0.8125	6.542667	30.26670
179	9.78032	3.3247101	0.8125	6.542559	30.27476
180	9.78372	3.3279041	0.8094	6.540841	30.30413
181	9.81778	3.3286424	0.8034	6.536760	30.28295
182	9.86505	3.3271646	0.8064	6.532150	30.22840
183	9.88131	3.3262112	0.8187	6.530752	30.20519
184	9.88572	3.3290837	0.8247	6.529064	30.23040
185	9.90338	3.3302012	0.8248	6.526648	30.22685
186	9.92849	3.3300684	0.8217	6.523932	30.20450
187	9.95115	3.3300681	0.8187	6.521432	30.18556
188	9.97063	3.3286029	0.8217	6.519893	30.15458
189	9.98346	3.3287606	0.8308	6.518413	30.14546
190	9.99640	3.3309770	0.8248	6.516066	30.15691
191	10.03256	3.3316019	0.8128	6.511825	30.13304
192	10.07156	3.3317278	0.8066	6.507482	30.10184
193	10.08049	3.3282797	0.8066	6.507926	30.05991
194	10.06965	3.3244230	0.8250	6.510714	30.03030
195	10.03867	3.3282170	0.8462	6.512555	30.09402
196	10.02443	3.3281856	0.8431	6.514137	30.10556
197	10.04198	3.3252500	0.8220	6.513419	30.06155
198	10.16161	3.3251541	0.8099	6.500296	29.96147
199	10.27112	3.3203133	0.7977	6.490260	29.82302
200	10.31409	3.3140009	0.8221	6.488126	29.72503
201	10.26412	3.3178032	0.8342	6.492056	29.80378
202	10.20176	3.3201564	0.8372	6.497940	29.87848
203	10.17377	3.3205667	0.8100	6.500848	29.90565
204	10.23045	3.3197713	0.8009	6.494946	29.85105
205	10.30364	3.3164155	0.8100	6.488286	29.75759
206	10.33727	3.3151605	0.8192	6.485110	29.71761
207	10.34286	3.3172916	0.8222	6.483627	29.73419
208	10.35135	3.3204071	0.8314	6.481428	29.75818
209	10.35344	3.3202493	0.8283	6.481263	29.75490
210	10.35355	3.3207035	0.8193	6.481065	29.75932
211	10.38173	3.3206969	0.8193	6.477983	29.73621
212	10.39747	3.3190378	0.8223	6.476936	29.70690
213	10.39990	3.3181486	0.8314	6.477031	29.69610
214	10.39583	3.3200912	0.8346	6.476687	29.71868
215	10.39685	3.3219143	0.8286	6.475834	29.73593
216	10.39696	3.3223497	0.8195	6.475645	29.74016
217	10.39050	3.3227662	0.8104	6.476181	29.74957
218	10.38796	3.3223813	0.8195	6.476616	29.74783
219	10.38377	3.3214287	0.8225	6.477462	29.74180
220	10.37216	3.3225771	0.8347	6.478265	29.76268
221	10.37132	3.3237823	0.8319	6.477867	29.77534
222	10.37890	3.3239084	0.8226	6.476986	29.77039
223	10.38054	3.3241987	0.8196	6.476688	29.77192
224	10.38694	3.3241986	0.8167	6.475989	29.76669
225	10.39260	3.3241797	0.8229	6.475377	29.76187
226	10.39611	3.3244194	0.8199	6.474896	29.76138
227	10.39973	3.3249306	0.8229	6.474292	29.76348
228	10.40392	3.3255996	0.8320	6.473562	29.76668
229	10.40936	3.3262686	0.8321	6.472696	29.76887
230	10.41990	3.3256941	0.8230	6.471778	29.75456
231	10.43106	3.3257255	0.8200	6.470546	29.74576
232	10.43435	3.3259148	0.8110	6.470110	29.74495
233	10.43616	3.3252458	0.8232	6.470184	29.73684
234	10.43792	3.3255677	0.8260	6.469861	29.73859
235	10.44161	3.3263314	0.8384	6.469149	29.74314
236	10.45136	3.3268426	0.8385	6.467878	29.74024
237	10.46168	3.3265521	0.8444	6.466869	29.72893
238	10.46957	3.3256936	0.8415	6.466356	29.71400
239	10.47660	3.3255988	0.8325	6.465627	29.70733
240	10.48909	3.3261162	0.8173	6.464055	29.70228
241	10.50243	3.3244183	0.8112	6.463287	29.67463
242	10.50141	3.3223801	0.8386	6.464223	29.65529
243	10.47961	3.3232385	0.8387	6.466255	29.68153
244	10.46083	3.3230304	0.8447	6.468389	29.69477
245	10.44535	3.3217750	0.8266	6.470589	29.69496
246	10.48455	3.3218061	0.8085	6.466295	29.66335
247	10.54447	3.3195787	0.8056	6.460657	29.59264
248	10.56244	3.3163371	0.8237	6.460005	29.54608
249	10.51004	3.3165898	0.8480	6.465623	29.59104
250	10.41735	3.3189493	0.8510	6.474797	29.68979
251	10.38037	3.3202491	0.8269	6.478314	29.73288
252	10.43770	3.3181797	0.8087	6.472884	29.66560
253	10.49062	3.3145915	0.7996	6.468552	29.58707
254	10.48920	3.3128771	0.8149	6.469401	29.57126
255	10.41180	3.3156010	0.8300	6.476765	29.66115
256	10.35468	3.3171653	0.8393	6.482384	29.72327
257	10.33755	3.3179916	0.8302	6.483924	29.74548
258	10.38869	3.3180226	0.8272	6.478309	29.70400
259	10.44847	3.3155124	0.8241	6.472788	29.63042
260	10.48097	3.3138163	0.8242	6.469921	29.58722
261	10.49079	3.3132237	0.8273	6.469087	29.57339
262	10.48205	3.3150014	0.8394	6.469323	29.59806
263	10.47524	3.3164326	0.8455	6.469488	29.61775
264	10.46299	3.3167480	0.8366	6.470700	29.63083
265	10.45709	3.3165904	0.8274	6.471408	29.63408
266	10.46231	3.3147809	0.8124	6.471571	29.61193
267	10.46418	3.3135391	0.8124	6.471870	29.59813
268	10.46248	3.3141443	0.8307	6.471811	29.60549
269	10.45578	3.3160482	0.8428	6.471771	29.62977
270	10.45380	3.3164328	0.8459	6.471832	29.63519
271	10.46055	3.3165652	0.8369	6.471041	29.63101
272	10.49408	3.3154804	0.8188	6.467814	29.59303
273	10.51964	3.3131604	0.8067	6.465960	29.54939
274	10.52441	3.3115407	0.8250	6.466093	29.52951
275	10.50226	3.3127446	0.8492	6.468028	29.55935
276	10.46100	3.3142704	0.8524	6.471921	29.60793
277	10.44370	3.3151279	0.8402	6.473465	29.63048
278	10.47700	3.3143963	0.8130	6.470120	29.59619
279	10.52032	3.3111941	0.8070	6.466680	29.52941
280	10.51652	3.3092914	0.8313	6.467866	29.51369
281	10.44002	3.3111005	0.8405	6.475503	29.59361
282	10.36996	3.3130044	0.8345	6.482405	29.66951
283	10.34303	3.3139880	0.8253	6.484956	29.70125
284	10.39888	3.3123361	0.8224	6.479506	29.63931
285	10.44960	3.3100797	0.8285	6.474868	29.57572
286	10.46429	3.3095125	0.8467	6.473490	29.55818
287	10.45675	3.3106845	0.8498	6.473841	29.57590
288	10.45351	3.3121905	0.8560	6.473584	29.59343
289	10.44325	3.3127452	0.8318	6.474482	29.60727
290	10.45646	3.3115729	0.8137	6.473511	29.58494
291	10.47689	3.3089705	0.8106	6.472330	29.54262
292	10.48341	3.3076729	0.8258	6.472142	29.52450
293	10.45748	3.3096071	0.8380	6.474197	29.56465
294	10.42058	3.3106848	0.8381	6.477801	29.60529
295	10.40647	3.3113214	0.8382	6.479088	29.62307
296	10.44081	3.3100167	0.8261	6.475856	29.58224
297	10.47076	3.3081832	0.8292	6.473320	29.53980
298	10.47717	3.3076099	0.8322	6.472851	29.52893
299	10.45550	3.3079881	0.8323	6.475070	29.55024
300	10.43911	3.3092986	0.8415	6.476334	29.57651
301	10.43832	3.3099853	0.8384	6.476142	29.58395
302	10.43787	3.3101176	0.8295	6.476138	29.58563
303	10.44093	3.3102436	0.8265	6.475751	29.58439
304	10.44835	3.3098277	0.8235	6.475107	29.57425
305	10.45312	3.3088133	0.8206	6.474996	29.56034
306	10.45159	3.3087503	0.8358	6.475190	29.56096
307	10.44739	3.3095442	0.8298	6.475327	29.57222
308	10.44943	3.3099536	0.8269	6.474938	29.57462
309	10.45034	3.3099221	0.8481	6.474851	29.57356
310	10.44807	3.3101805	0.8481	6.474995	29.57796
311	10.44745	3.3101679	0.8360	6.475068	29.57834
312	10.45091	3.3101174	0.8210	6.474710	29.57504
313	10.45748	3.3094495	0.8211	6.474260	29.56309
314	10.45851	3.3080826	0.8331	6.474703	29.54874
315	10.45068	3.3079252	0.8513	6.475624	29.55352
316	10.43787	3.3086560	0.8575	6.476731	29.57115
317	10.43061	3.3091789	0.8455	6.477314	29.58223
318	10.44745	3.3089079	0.8122	6.475579	29.56588
319	10.48239	3.3062495	0.8092	6.472830	29.51126
320	10.49193	3.3045051	0.8305	6.472492	29.48629
321	10.45788	3.3051414	0.8488	6.475964	29.52014
322	10.39668	3.3072644	0.8547	6.481812	29.59084
323	10.35994	3.3091167	0.8549	6.485087	29.63910
324	10.38954	3.3091353	0.8489	6.481833	29.61518
325	10.43702	3.3057084	0.8247	6.478020	29.54268
326	10.45680	3.3037814	0.8248	6.476633	29.50757
327	10.42987	3.3031459	0.8372	6.479844	29.52310
328	10.38060	3.3046637	0.8432	6.484634	29.57814
329	10.34326	3.3059865	0.8372	6.488195	29.62164
330	10.32890	3.3062511	0.8281	6.489664	29.63597
331	10.33274	3.3051428	0.8312	6.489695	29.62184
332	10.34716	3.3044752	0.8373	6.488383	29.60347
333	10.35564	3.3046640	0.8313	6.487374	29.59844
334	10.36124	3.3051740	0.8344	6.486551	29.59894
335	10.36826	3.3054887	0.8376	6.485652	29.59635
336	10.37550	3.3056524	0.8406	6.484791	29.59208
337	10.38111	3.3055201	0.8528	6.484230	29.58621
338	10.38399	3.3055830	0.8467	6.483887	29.58449
339	10.38552	3.3058979	0.8468	6.483591	29.58636
340	10.38756	3.3059293	0.8318	6.483355	29.58502
341	10.38739	3.3052996	0.8136	6.483629	29.57893
342	10.38943	3.3037318	0.8137	6.484043	29.56173
343	10.38631	3.3022273	0.8380	6.484998	29.54934
344	10.35830	3.3033985	0.8623	6.487598	29.58371
345	10.33144	3.3047272	0.8594	6.490007	29.61876
346	10.33014	3.3052373	0.8232	6.489942	29.62490
347	10.36752	3.3027374	0.8170	6.486854	29.56967
348	10.39736	3.3004837	0.8352	6.484495	29.52311
349	10.38462	3.2998294	0.8445	6.486161	29.52696
350	10.30313	3.3018505	0.8627	6.494296	29.61326
351	10.26564	3.3039409	0.8627	6.497566	29.66462
352	10.28512	3.3050174	0.8417	6.494982	29.65943
353	10.35214	3.3016926	0.8175	6.488970	29.57182
354	10.39452	3.2987847	0.8144	6.485497	29.50858
355	10.39583	3.2983254	0.8327	6.485541	29.50297
356	10.34682	3.3009689	0.8357	6.489850	29.56896
357	10.29974	3.3019764	0.8329	6.494617	29.61728
358	10.27484	3.3021970	0.8360	6.497267	29.63978
359	10.29076	3.3011583	0.8390	6.495940	29.61647
360	10.30867	3.3006483	0.8451	6.494178	29.59682
361	10.31963	3.3014097	0.8452	6.492661	29.59545
362	10.32952	3.3021964	0.8332	6.491251	29.59521
363	10.33840	3.3018186	0.8272	6.490430	29.58424
364	10.34439	3.3000815	0.8242	6.490479	29.56214
365	10.34507	3.2989111	0.8393	6.490882	29.54997
366	10.33342	3.2991943	0.8547	6.492048	29.56224
367	10.32053	3.3004594	0.8516	6.492949	29.58528
368	10.31669	3.3012965	0.8396	6.493030	29.59672
369	10.33404	3.3002075	0.8215	6.491566	29.57180
370	10.35615	3.2975519	0.8185	6.490217	29.52749
371	10.35921	3.2955955	0.8369	6.490679	29.50561
372	10.33336	3.2973949	0.8610	6.492789	29.54443
373	10.29777	3.2998618	0.8642	6.495699	29.59788
374	10.28455	3.3013472	0.8522	6.496546	29.62341
375	10.32777	3.2995279	0.8250	6.492533	29.57016
376	10.36781	3.2957212	0.8160	6.489681	29.49989
377	10.38218	3.2938595	0.8342	6.488859	29.46978
378	10.34693	3.2949038	0.8584	6.492312	29.50870
379	10.28303	3.2976785	0.8646	6.498216	29.58819
380	10.24996	3.2990379	0.8405	6.501302	29.62867
381	10.27885	3.2979994	0.8102	6.498544	29.59480
382	10.32206	3.2942815	0.8074	6.495304	29.52273
383	10.34043	3.2924766	0.8287	6.494018	29.48991
384	10.29545	3.2939862	0.8650	6.498357	29.54140
385	10.21742	3.2966412	0.8741	6.505874	29.63137
386	10.18379	3.2974594	0.8561	6.509250	29.66701
387	10.24268	3.2956911	0.8168	6.503477	29.60133
388	10.29969	3.2926342	0.8047	6.498442	29.52456
389	10.32200	3.2909930	0.8259	6.496654	29.49014
390	10.27834	3.2922132	0.8563	6.500969	29.53770
391	10.22086	3.2943392	0.8592	6.506440	29.60565
392	10.18283	3.2952829	0.8382	6.510251	29.64611
393	10.20604	3.2950311	0.8323	6.507792	29.62465
394	10.24217	3.2923833	0.8263	6.504890	29.56884
395	10.26102	3.2905537	0.8476	6.503560	29.53530
396	10.25791	3.2906794	0.8567	6.503851	29.53907
397	10.24420	3.2929303	0.8507	6.504441	29.57261
398	10.24268	3.2937981	0.8175	6.504253	29.58250
399	10.26169	3.2913394	0.8115	6.503163	29.54258
400	10.28167	3.2891706	0.8297	6.501847	29.50478
401	10.27230	3.2889193	0.8661	6.502984	29.50988
402	10.21562	3.2916228	0.8694	6.508135	29.58289
403	10.17754	3.2933900	0.8450	6.511615	29.63157
404	10.19596	3.2933270	0.8210	6.509606	29.61592
405	10.24381	3.2906858	0.8059	6.505405	29.55063
406	10.27484	3.2891707	0.8058	6.502600	29.51034
407	10.27473	3.2882531	0.8303	6.502989	29.50130
408	10.24922	3.2894538	0.8545	6.505313	29.53396
409	10.23349	3.2911197	0.8667	6.506367	29.56332
410	10.22340	3.2922892	0.8669	6.507002	29.58318
411	10.24313	3.2919746	0.8366	6.504951	29.56399
412	10.27078	3.2896107	0.8186	6.502869	29.51801
413	10.28325	3.2876937	0.8155	6.502276	29.48883
414	10.27913	3.2869648	0.8278	6.503030	29.48493
415	10.21816	3.2871540	0.8458	6.509689	29.53636
416	10.14799	3.2892035	0.8704	6.516608	29.61397
417	10.12617	3.2908380	0.8794	6.518349	29.64811
418	10.14254	3.2917557	0.8674	6.516159	29.64388
419	10.20069	3.2912458	0.8313	6.509939	29.59133
420	10.24781	3.2882220	0.8069	6.505973	29.52287
421	10.26830	3.2856141	0.8010	6.504780	29.48032
422	10.23304	3.2828004	0.8403	6.509831	29.48096
423	10.13652	3.2862124	0.8769	6.519112	29.59352
424	10.06903	3.2895186	0.8799	6.525225	29.68174
425	10.05214	3.2903987	0.8709	6.526734	29.70440
426	10.11358	3.2888896	0.8407	6.520548	29.63899
427	10.17146	3.2844844	0.8164	6.515953	29.54782
428	10.20080	3.2822230	0.8075	6.513635	29.50143
429	10.18993	3.2815323	0.8228	6.515123	29.50339
430	10.12364	3.2834171	0.8440	6.521692	29.57616
431	10.07145	3.2862948	0.8713	6.526292	29.64755
432	10.05287	3.2880670	0.8835	6.527619	29.68048
433	10.08397	3.2883808	0.8715	6.524040	29.65813
434	10.13916	3.2879089	0.8260	6.518119	29.60830
435	10.18255	3.2846413	0.7899	6.514660	29.54036
436	10.20041	3.2813124	0.7839	6.514053	29.49269
437	10.16229	3.2736305	0.8445	6.521441	29.44716
438	10.04311	3.2693417	0.8992	6.536466	29.50133
439	9.94538	3.2808443	0.9173	6.542569	29.69641
440	9.89986	3.2855804	0.8751	6.545664	29.78142
441	9.93867	3.2844555	0.8207	6.541810	29.73817
442	10.01063	3.2762297	0.7782	6.537221	29.59675
443	10.05208	3.2736316	0.7905	6.533686	29.53691
444	10.02202	3.2697495	0.8329	6.538645	29.52263
445	9.92782	3.2742290	0.8784	6.547284	29.64454
446	9.86304	3.2810021	0.8846	6.551682	29.76581
447	9.84060	3.2823524	0.8635	6.553621	29.79791
448	9.90042	3.2781452	0.8393	6.548706	29.70635
449	9.95602	3.2743228	0.8333	6.544099	29.62237
450	9.97836	3.2722837	0.8334	6.542457	29.58365
451	9.97573	3.2724343	0.8213	6.542688	29.58732
452	9.95204	3.2727544	0.8274	6.545196	29.60992
453	9.91210	3.2734763	0.8517	6.549352	29.64990
454	9.87304	3.2761057	0.8851	6.552615	29.70839
455	9.86863	3.2793069	0.8791	6.551768	29.74418
456	9.89103	3.2806878	0.8491	6.548691	29.73960
457	9.94326	3.2784586	0.8128	6.543798	29.67429
458	9.98850	3.2747554	0.8007	6.540299	29.60011
459	10.00542	3.2720325	0.8280	6.539546	29.55901
460	9.96005	3.2705340	0.8675	6.545228	29.58111
461	9.87857	3.2760115	0.8767	6.552036	29.70290
462	9.83095	3.2795898	0.8706	6.555856	29.77811
463	9.85601	3.2800855	0.8525	6.552850	29.76242
464	9.93391	3.2762306	0.8284	6.545769	29.65962
465	9.98390	3.2725345	0.8254	6.541735	29.58163
466	9.99791	3.2717190	0.8376	6.540513	29.56201
467	9.97758	3.2734756	0.8591	6.542049	29.59622
468	9.94902	3.2763873	0.8710	6.544020	29.64878
469	9.93257	3.2786470	0.8681	6.544912	29.68493
470	9.94695	3.2789607	0.8440	6.543178	29.67627
471	9.98827	3.2755083	0.8138	6.540011	29.60782
472	10.01310	3.2720951	0.8169	6.538664	29.55337
473	9.99780	3.2695302	0.8533	6.541435	29.54020
474	9.91165	3.2707728	0.8867	6.550531	29.62315
475	9.84635	3.2759491	0.8837	6.555661	29.72880
476	9.81176	3.2778009	0.8506	6.558750	29.77597
477	9.85556	3.2760431	0.8142	6.554592	29.72219
478	9.91389	3.2705972	0.8173	6.550353	29.61958
479	9.93347	3.2678443	0.8478	6.549316	29.57593
480	9.88818	3.2687539	0.8751	6.553997	29.62216
481	9.83162	3.2736026	0.8751	6.558291	29.71736
482	9.80094	3.2756358	0.8448	6.560869	29.76313
483	9.81114	3.2736656	0.8269	6.560554	29.73489
484	9.83703	3.2703785	0.8208	6.559036	29.68053
485	9.84875	3.2657515	0.8694	6.559664	29.62439
486	9.81605	3.2576765	0.9632	6.566716	29.57006
487	9.74367	3.2514615	1.0752	6.577465	29.56689
488	9.67281	3.2492851	1.2239	6.586369	29.60314
489	9.62000	3.2472341	1.3936	6.593200	29.62586
490	9.58035	3.2456524	1.6087	6.598357	29.64249
491	9.55225	3.2452213	1.8297	6.601722	29.66124
492	9.53176	3.2446964	2.0448	6.604269	29.67277
493	9.51671	3.2442902	2.2659	6.606151	29.68102
494	9.50586	3.2441029	2.4840	6.607464	29.68800
495	9.49834	3.2441343	2.7023	6.608307	29.69446
496	9.49319	3.2436405	2.9173	6.609104	29.69363
497	9.48960	3.2433656	3.1474	6.609633	29.69372
498	9.48700	3.2455039	3.3626	6.609018	29.71746
499	9.48412	3.2472362	3.6170	6.608609	29.73730
500	9.48208	3.2475803	3.8594	6.608698	29.74238
501	9.48164	3.2475491	4.1046	6.608765	29.74233
502	9.48175	3.2470864	4.3350	6.608955	29.73745
503	9.48180	3.2468988	4.5620	6.609032	29.73541
504	9.48064	3.2481373	4.8165	6.608639	29.74883
505	9.47898	3.2488817	5.0619	6.608513	29.75765
506	9.47815	3.2489131	5.3072	6.608598	29.75855
507	9.47716	3.2488193	5.5526	6.608755	29.75833
508	9.47605	3.2484816	5.7979	6.609029	29.75572
509	9.47522	3.2481690	6.0464	6.609261	29.75314
510	9.47473	3.2464617	6.2978	6.610051	29.73613
511	9.47362	3.2445109	6.5309	6.611014	29.71717
512	9.47218	3.2431168	6.7886	6.611778	29.70412
513	9.46925	3.2436421	7.0430	6.611890	29.71177
514	9.46610	3.2453803	7.3095	6.611509	29.73190
515	9.46395	3.2474253	7.5519	6.610883	29.75433
516	9.46279	3.2509035	7.8244	6.609532	29.79046
517	9.46234	3.2552845	8.0969	6.607714	29.83517
518	9.46069	3.2576200	8.3848	6.606908	29.86013
519	9.45781	3.2588663	8.6634	6.606705	29.87506
520	9.45477	3.2608895	8.9512	6.606189	29.89801
521	9.45085	3.2624496	9.2420	6.605970	29.91700
522	9.44566	3.2663853	9.5296	6.604878	29.96119
523	9.43881	3.2719159	9.8114	6.603290	30.02299
524	9.42959	3.2799109	10.1143	6.600914	30.11187
525	9.41910	3.2843007	10.3991	6.600222	30.16522
526	9.41043	3.2854065	10.6929	6.600730	30.18365
527	9.40463	3.2857208	10.9804	6.601253	30.19161
528	9.40121	3.2866948	11.2773	6.601226	30.20429
529	9.39856	3.2871976	11.5680	6.601314	30.21152
530	9.39658	3.2878261	11.8558	6.601273	30.21947
531	9.39382	3.2884546	12.1285	6.601319	30.22809
532	9.38709	3.2885239	12.4011	6.602052	30.23436
533	9.37523	3.2885744	12.7040	6.603371	30.24476
534	9.36106	3.2892471	12.9946	6.604684	30.26347
535	9.34949	3.2899073	13.2885	6.605710	30.27986
536	9.34090	3.2902846	13.5763	6.606522	30.29087
537	9.33428	3.2913849	13.8822	6.606799	30.30756
538	9.32531	3.2920201	14.1608	6.607542	30.32153
539	9.31297	3.2919574	14.4608	6.608965	30.33122
540	9.30158	3.2921777	14.7424	6.610160	30.34302
541	9.29321	3.2924105	15.0423	6.611008	30.35237
542	9.28716	3.2925867	15.3389	6.611620	30.35918
543	9.28331	3.2927126	15.6268	6.612005	30.36362
544	9.28061	3.2926813	15.9207	6.612328	30.36546
545	9.27896	3.2927757	16.2234	6.612479	30.36770
546	9.27786	3.2928387	16.5203	6.612581	30.36915
547	9.27726	3.2929331	16.7960	6.612614	30.37052
548	9.27704	3.2929332	17.0958	6.612644	30.37058
549	9.27660	3.2929773	17.3926	6.612680	30.37128
550	9.27555	3.2929963	17.6864	6.612795	30.37223
551	9.27489	3.2928707	18.0224	6.612929	30.37137
552	9.27423	3.2930280	18.3223	6.612941	30.37341
553	9.27346	3.2931538	18.6010	6.612979	30.37523
554	9.27346	3.2932797	18.8979	6.612930	30.37639
555	9.27335	3.2932798	19.1917	6.612947	30.37636
556	9.27335	3.2932799	19.4914	6.612953	30.37624
557	9.27352	3.2933051	19.7884	6.612928	30.37623
558	9.27341	3.2933429	20.0790	6.612930	30.37659
559	9.27275	3.2934688	20.3638	6.612955	30.37832
560	9.27236	3.2934060	20.6666	6.613031	30.37787
561	9.27198	3.2935004	20.9637	6.613039	30.37904
562	9.27192	3.2935634	21.2541	6.613023	30.37961
563	9.27170	3.2935949	21.5450	6.613039	30.37999
564	9.27115	3.2936957	21.8510	6.613063	30.38136
565	9.27055	3.2941360	22.1325	6.612947	30.38626
566	9.27088	3.2948907	22.4203	6.612589	30.39357
567	9.27159	3.2952367	22.7141	6.612364	30.39637
568	9.27231	3.2954255	23.0048	6.612207	30.39757
569	9.27286	3.2955199	23.3017	6.612110	30.39794
570	9.27324	3.2955829	23.5955	6.612045	30.39813
571	9.27363	3.2956145	23.8892	6.611993	30.39800
572	9.27341	3.2956460	24.1800	6.612009	30.39839
573	9.27308	3.2956461	24.4738	6.612052	30.39855
574	9.27280	3.2956777	24.7614	6.612074	30.39898
575	9.27203	3.2957721	25.0523	6.612125	30.40048
576	9.27121	3.2958037	25.3490	6.612210	30.40138
577	9.27049	3.2958667	25.6338	6.612269	30.40251
578	9.27000	3.2960240	25.9428	6.612262	30.40441
579	9.26879	3.2964267	26.2337	6.612230	30.40943
580	9.26720	3.2966596	26.5425	6.612315	30.41304
581	9.26544	3.2973202	26.8392	6.612233	30.42116
582	9.26318	3.2979558	27.1268	6.612218	30.42946
583	9.26065	3.2982390	27.4085	6.612386	30.43439
584	9.25862	3.2983020	27.7114	6.612594	30.43664
585	9.25768	3.2983021	28.0053	6.612704	30.43731
586	9.25691	3.2983777	28.3323	6.612764	30.43860
587	9.25631	3.2984596	28.6442	6.612803	30.43982
588	9.25576	3.2985541	28.9198	6.612829	30.44114
589	9.25543	3.2985857	29.2136	6.612858	30.44162
590	9.25521	3.2987431	29.5044	6.612820	30.44329
591	9.25510	3.2988690	29.8222	6.612784	30.44454
592	9.25493	3.2988691	30.1312	6.612808	30.44455
593	9.25488	3.2990643	30.4492	6.612735	30.44646
594	9.25455	3.2992469	30.7552	6.612699	30.44847
595	9.25417	3.2995050	31.0731	6.612637	30.45131
596	9.25378	3.2998512	31.3820	6.612536	30.45504
597	9.25378	3.3000715	31.6941	6.612446	30.45717
598	9.25400	3.3001660	32.0060	6.612386	30.45781
599	9.25406	3.3003864	32.3059	6.612290	30.45989
600	9.25439	3.3006319	32.6024	6.612153	30.46200
601	9.25515	3.3008586	32.9143	6.611974	30.46353
602	9.25576	3.3011482	33.1961	6.611785	30.46585
603	9.25647	3.3014944	33.5080	6.611561	30.46865
604	9.25708	3.3020296	33.8019	6.611267	30.47348
605	9.25730	3.3025395	34.1017	6.611028	30.47838
606	9.25741	3.3027599	34.3984	6.610925	30.48042
607	9.25752	3.3030118	34.7044	6.610810	30.48277
608	9.25724	3.3031064	35.0102	6.610805	30.48384
609	9.25647	3.3032639	35.3041	6.610829	30.48598
610	9.25565	3.3034843	35.6038	6.610832	30.48882
611	9.25532	3.3036481	35.9037	6.610804	30.49065
612	9.25471	3.3037426	36.2125	6.610837	30.49200
613	9.25417	3.3037553	36.4972	6.610898	30.49248
614	9.25329	3.3033588	36.7941	6.611174	30.48905
615	9.25065	3.3028868	37.0969	6.611681	30.48634
616	9.24592	3.3023518	37.4118	6.612450	30.48477
617	9.24097	3.3022198	37.6905	6.613069	30.48752
618	9.23746	3.3023144	37.9811	6.613430	30.49137
619	9.23553	3.3021949	38.2842	6.613704	30.49166
620	9.23422	3.3022831	38.5868	6.613820	30.49356
621	9.23356	3.3020629	38.9352	6.613996	30.49172
622	9.23235	3.3016539	39.2865	6.614315	30.48842
623	9.22845	3.3016540	39.5649	6.614760	30.49163
624	9.22394	3.3016856	39.8587	6.615259	30.49567
625	9.22021	3.3016228	40.1283	6.615712	30.49811
626	9.21664	3.3017111	40.4251	6.616082	30.50193
627	9.21411	3.3019063	40.7432	6.616288	30.50595
628	9.21263	3.3023156	41.0489	6.616284	30.51128
629	9.21115	3.3023849	41.3549	6.616427	30.51313
630	9.20939	3.3023851	41.6396	6.616630	30.51451
631	9.20802	3.3023537	41.9515	6.616804	30.51523
632	9.20714	3.3024042	42.2572	6.616887	30.51637
633	9.20615	3.3024483	42.5601	6.616985	30.51753
634	9.20516	3.3025743	42.8539	6.617047	30.51954
635	9.20445	3.3026374	43.1537	6.617105	30.52067
636	9.20368	3.3027949	43.4596	6.617129	30.52281
637	9.20346	3.3029209	43.7593	6.617105	30.52416
638	9.20324	3.3030469	44.0624	6.617081	30.52551
639	9.20357	3.3032484	44.3650	6.616962	30.52717
640	9.20395	3.3034877	44.6738	6.616820	30.52916
641	9.20439	3.3036515	44.9708	6.616705	30.53033
642	9.20489	3.3034250	45.2615	6.616753	30.52747
643	9.20588	3.3039980	45.5733	6.616399	30.53236
644	9.20697	3.3044703	45.8823	6.616076	30.53613
645	9.20796	3.3048419	46.1943	6.615809	30.53895
646	9.20950	3.3055472	46.4940	6.615336	30.54473
647	9.21148	3.3058621	46.8089	6.614983	30.54613
648	9.21241	3.3060889	47.0996	6.614785	30.54753
649	9.21208	3.3062780	47.4084	6.614746	30.54962
650	9.21192	3.3064355	47.7022	6.614701	30.55125
651	9.21126	3.3066182	47.9809	6.614702	30.55356
652	9.21054	3.3066876	48.2897	6.614758	30.55476
653	9.21016	3.3067192	48.5987	6.614793	30.55528
654	9.20972	3.3068138	48.9045	6.614807	30.55649
655	9.20928	3.3068139	49.2224	6.614862	30.55673
656	9.20928	3.3069084	49.5100	6.614826	30.55758
657	9.20873	3.3069778	49.8037	6.614863	30.55863
658	9.20824	3.3071039	50.1096	6.614870	30.56022
659	9.20741	3.3071670	50.4096	6.614941	30.56144
660	9.20615	3.3073245	50.7093	6.615020	30.56401
661	9.20412	3.3073877	51.0182	6.615228	30.56626
662	9.20192	3.3074508	51.3271	6.615453	30.56866
663	9.20017	3.3074005	51.6269	6.615678	30.56952
664	9.19847	3.3074195	51.9357	6.615868	30.57104
665	9.19649	3.3075456	52.1658	6.616040	30.57393
666	9.19517	3.3079865	52.2144	6.615998	30.57955
667	9.19627	3.3081818	52.1721	6.615789	30.58063
668	9.19973	3.3082132	52.1784	6.615386	30.57799
669	9.20143	3.3085156	52.1876	6.615064	30.57962
670	9.20181	3.3087486	52.1814	6.614919	30.58168
671	9.20143	3.3086227	52.1845	6.615017	30.58072
672	9.20083	3.3088746	52.1817	6.614976	30.58382
673	9.20077	3.3089061	52.1786	6.614969	30.58419
674	9.20044	3.3087172	52.1758	6.615087	30.58254
675	9.19929	3.3089062	52.1849	6.615136	30.58546
676	9.19890	3.3089692	52.1791	6.615152	30.58643
677	9.19841	3.3090952	52.1821	6.615153	30.58815
678	9.19797	3.3090637	52.1792	6.615216	30.58820
679	9.19759	3.3090007	52.1823	6.615287	30.58788
680	9.19715	3.3091645	52.1795	6.615265	30.58994
681	9.19715	3.3092968	52.1737	6.615208	30.59130
682	9.19764	3.3098575	52.1615	6.614909	30.59662
683	9.19825	3.3100465	52.1434	6.614759	30.59805
684	9.19814	3.3099204	52.1314	6.614826	30.59686
685	9.19808	3.3101095	52.1133	6.614750	30.59885
686	9.19797	3.3101788	52.0830	6.614731	30.59966
687	9.19830	3.3105883	52.0497	6.614517	30.60359
688	9.19847	3.3106198	51.9866	6.614483	30.60380
689	9.19934	3.3103362	51.9109	6.614506	30.60017
690	9.20324	3.3101093	51.8080	6.614163	30.59455
691	9.21087	3.3102100	51.6809	6.613257	30.58910
692	9.21625	3.3103044	51.5447	6.612608	30.58552
693	9.21982	3.3103169	51.3905	6.612198	30.58265
694	9.22339	3.3103672	51.2364	6.611771	30.58018
695	9.22642	3.3103986	51.0699	6.611415	30.57798
696	9.22861	3.3104931	50.9002	6.611123	30.57714
697	9.22944	3.3105875	50.7309	6.610987	30.57748
698	9.22971	3.3107450	50.5584	6.610885	30.57893
699	9.23015	3.3108332	50.3860	6.610794	30.57952
700	9.23065	3.3108709	50.2166	6.610719	30.57956
701	9.23114	3.3109338	50.0350	6.610633	30.57986
702	9.23158	3.3111606	49.8505	6.610482	30.58188
703	9.23191	3.3109967	49.6628	6.610513	30.58000
704	9.23229	3.3112802	49.4753	6.610343	30.58265
705	9.23268	3.3114755	49.2965	6.610213	30.58440
706	9.23301	3.3115700	49.1121	6.610131	30.58516
707	9.23323	3.3115384	48.9153	6.610117	30.58473
708	9.23339	3.3112233	48.6976	6.610230	30.58146
709	9.23356	3.3112862	48.4888	6.610181	30.58205
710	9.23504	3.3113743	48.2801	6.609972	30.58177
711	9.23669	3.3115381	48.0774	6.609712	30.58212
712	9.23729	3.3116325	47.8622	6.609600	30.58266
713	9.23790	3.3117270	47.6445	6.609487	30.58320
714	9.23817	3.3117584	47.4385	6.609439	30.58338
715	9.23878	3.3118529	47.2268	6.609326	30.58392
716	9.23922	3.3119725	47.0059	6.609221	30.58486
717	9.23966	3.3119473	46.7941	6.609179	30.58431
718	9.23999	3.3119157	46.5701	6.609151	30.58380
719	9.24070	3.3120164	46.3493	6.609023	30.58432
720	9.24125	3.3121424	46.1223	6.608903	30.58523
721	9.24174	3.3122494	45.8954	6.608797	30.58600
722	9.24163	3.3122053	45.6715	6.608825	30.58574
723	9.24130	3.3121422	45.4475	6.608885	30.58547
724	9.24108	3.3121421	45.2235	6.608906	30.58575
725	9.24108	3.3121735	44.9875	6.608888	30.58617
726	9.24108	3.3120474	44.7604	6.608938	30.58498
727	9.24043	3.3119150	44.5457	6.609066	30.58428
728	9.23894	3.3118835	44.3125	6.609242	30.58532
729	9.23729	3.3119149	44.0857	6.609410	30.58715
730	9.23625	3.3120157	43.8646	6.609480	30.58917
731	9.23592	3.3121732	43.6348	6.609445	30.59116
732	9.23641	3.3121416	43.4138	6.609399	30.59051
733	9.23669	3.3122171	43.1897	6.609331	30.59114
734	9.23658	3.3122360	42.9629	6.609332	30.59153
735	9.23652	3.3123934	42.7360	6.609266	30.59328
736	9.23685	3.3124564	42.5088	6.609197	30.59374
737	9.23735	3.3125193	42.2848	6.609110	30.59406
738	9.23751	3.3125760	42.0611	6.609063	30.59459
739	9.23757	3.3125822	41.8309	6.609050	30.59470
740	9.23762	3.3123616	41.6101	6.609136	30.59249
741	9.23669	3.3119456	41.3802	6.609416	30.58913
742	9.23405	3.3119140	41.1591	6.609723	30.59116
743	9.23246	3.3118194	40.9259	6.609939	30.59166
744	9.23114	3.3114287	40.6961	6.610252	30.58888
745	9.22850	3.3108678	40.4780	6.610787	30.58549
746	9.22554	3.3104897	40.2451	6.611280	30.58426
747	9.22312	3.3103637	40.0210	6.611603	30.58514
748	9.22186	3.3097588	39.7882	6.612002	30.58012
749	9.22032	3.3084609	39.5612	6.612733	30.56825
750	9.21845	3.3076042	39.3342	6.613310	30.56117
751	9.21702	3.3073522	39.1102	6.613575	30.55991
752	9.21614	3.3066216	38.8741	6.613986	30.55328
753	9.21560	3.3060862	38.6382	6.614275	30.54837
754	9.21510	3.3048141	38.4110	6.614877	30.53586
755	9.21510	3.3047196	38.1901	6.614914	30.53499
756	9.21581	3.3045054	37.9602	6.614922	30.53229
757	9.21603	3.3040583	37.7179	6.615087	30.52762
758	9.21636	3.3039953	37.5031	6.615073	30.52679
759	9.21697	3.3038063	37.2670	6.615082	30.52444
760	9.21823	3.3038063	37.0460	6.614936	30.52345
761	9.21927	3.3035480	36.8251	6.614926	30.52001
762	9.22048	3.3032710	36.5891	6.614905	30.51624
763	9.22158	3.3033590	36.3618	6.614739	30.51630
764	9.22284	3.3032330	36.1291	6.614647	30.51403
765	9.22427	3.3029496	35.9080	6.614605	30.51000
766	9.22592	3.3030125	35.6810	6.614388	30.50933
767	9.22773	3.3029180	35.4510	6.614220	30.50692
768	9.22955	3.3030438	35.2271	6.613957	30.50675
769	9.23169	3.3030059	35.0032	6.613728	30.50463
770	9.23438	3.3030121	34.7761	6.613418	30.50249
771	9.23680	3.3032009	34.5521	6.613060	30.50245
772	9.23911	3.3032952	34.3251	6.612755	30.50154
773	9.24141	3.3033895	34.0982	6.612450	30.50063
774	9.24367	3.3034839	33.8862	6.612152	30.49976
775	9.24532	3.3035719	33.6562	6.611924	30.49935
776	9.24702	3.3035781	33.4262	6.611725	30.49806
777	9.24834	3.3036473	33.1841	6.611542	30.49775
778	9.24949	3.3036472	32.9631	6.611408	30.49685
779	9.25054	3.3035779	32.7482	6.611317	30.49534
780	9.25164	3.3036156	32.5181	6.611173	30.49489
781	9.25268	3.3036155	32.2883	6.611051	30.49409
782	9.25362	3.3035399	32.0672	6.610974	30.49262
783	9.25433	3.3034831	31.8433	6.610914	30.49152
784	9.25493	3.3033257	31.6071	6.610910	30.48949
785	9.25565	3.3032311	31.3833	6.610866	30.48801
786	9.25609	3.3031052	31.1561	6.610867	30.48645
787	9.25653	3.3030736	30.9352	6.610827	30.48584
788	9.25686	3.3028532	30.7082	6.610881	30.48340
789	9.25697	3.3025698	30.4813	6.610987	30.48051
790	9.25691	3.3023809	30.2512	6.611071	30.47872
791	9.25702	3.3021857	30.0212	6.611138	30.47673
792	9.25708	3.3019968	29.7910	6.611210	30.47485
793	9.25713	3.3017450	29.5700	6.611308	30.47232
794	9.25702	3.3015875	29.3401	6.611384	30.47090
795	9.25691	3.3014112	29.1129	6.611469	30.46928
796	9.25664	3.3012097	28.8861	6.611583	30.46756
797	9.25664	3.3008887	28.6499	6.611717	30.46437
798	9.25647	3.3008257	28.4230	6.611759	30.46396
799	9.25631	3.3007941	28.1810	6.611787	30.46388
800	9.25614	3.3004164	27.9508	6.611964	30.46026
801	9.25609	3.3003597	27.7209	6.611991	30.45983
802	9.25609	3.3000387	27.4906	6.612125	30.45664
803	9.25603	3.2998813	27.2636	6.612195	30.45517
804	9.25570	3.2997554	27.0368	6.612283	30.45426
805	9.25548	3.2994659	26.8459	6.612429	30.45157
806	9.25554	3.2994658	26.6494	6.612420	30.45161
807	9.25559	3.2995035	26.4556	6.612394	30.45203
808	9.25537	3.2992454	26.2588	6.612526	30.44966
809	9.25515	3.2991824	26.0561	6.612575	30.44929
810	9.25526	3.2991509	25.8653	6.612573	30.44895
811	9.25521	3.2990879	25.6717	6.612602	30.44844
812	9.25532	3.2989935	25.4780	6.612627	30.44746
813	9.25543	3.2989305	25.2902	6.612639	30.44680
814	9.25532	3.2988675	25.0936	6.612675	30.44633
815	9.25543	3.2987668	24.9058	6.612703	30.44529
816	9.25543	3.2986786	24.7061	6.612737	30.44447
817	9.25565	3.2987100	24.5153	6.612695	30.44469
818	9.25587	3.2986785	24.3186	6.612681	30.44426
819	9.25598	3.2985841	24.1249	6.612706	30.44328
820	9.25625	3.2984896	23.9251	6.612712	30.44217
821	9.25653	3.2983952	23.7256	6.612718	30.44105
822	9.25730	3.2983133	23.5228	6.612663	30.43965
823	9.25823	3.2980490	23.3228	6.612668	30.43623
824	9.25895	3.2978539	23.1322	6.612668	30.43371
825	9.26010	3.2977909	22.9352	6.612562	30.43216
826	9.26164	3.2976964	22.7419	6.612426	30.42997
827	9.26263	3.2975705	22.5389	6.612365	30.42793
828	9.26346	3.2973503	22.3360	6.612363	30.42506
829	9.26395	3.2970860	22.1515	6.612418	30.42201
830	9.26472	3.2968468	21.9455	6.612431	30.41900
831	9.26544	3.2966266	21.7488	6.612442	30.41622
832	9.26604	3.2965636	21.5551	6.612397	30.41515
833	9.26676	3.2965007	21.3462	6.612340	30.41398
834	9.26736	3.2964062	21.1524	6.612309	30.41259
835	9.26802	3.2963433	20.9466	6.612258	30.41147
836	9.26868	3.2961859	20.7560	6.612249	30.40938
837	9.26918	3.2960852	20.5623	6.612233	30.40801
838	9.26950	3.2959908	20.3564	6.612233	30.40685
839	9.26994	3.2959907	20.1597	6.612180	30.40656
840	9.27033	3.2958334	19.9509	6.612200	30.40471
841	9.27071	3.2956761	19.7692	6.612222	30.40285
842	9.27104	3.2956131	19.5695	6.612208	30.40201
843	9.27104	3.2956131	19.3604	6.612204	30.40210
844	9.27104	3.2955816	19.1639	6.612214	30.40186
845	9.27104	3.2953613	18.9641	6.612306	30.39970
846	9.27099	3.2951412	18.7643	6.612403	30.39758
847	9.27099	3.2950467	18.5735	6.612441	30.39669
848	9.27093	3.2949209	18.3766	6.612498	30.39554
849	9.27082	3.2948579	18.1860	6.612534	30.39507
850	9.27077	3.2947321	17.9833	6.612591	30.39391
851	9.27082	3.2946566	17.7683	6.612613	30.39319
852	9.27066	3.2942603	17.5746	6.612799	30.38936
853	9.27077	3.2942288	17.3809	6.612797	30.38902
854	9.27088	3.2940652	17.1810	6.612852	30.38734
855	9.27088	3.2939079	16.9782	6.612916	30.38582
856	9.27088	3.2937507	16.7845	6.612980	30.38430
857	9.27093	3.2936563	16.5938	6.613012	30.38337
858	9.27110	3.2936373	16.3971	6.612998	30.38311
859	9.27126	3.2935933	16.2003	6.612995	30.38261
860	9.27121	3.2934674	16.0066	6.613052	30.38145
861	9.27132	3.2933416	15.8099	6.613090	30.38015
862	9.27137	3.2932158	15.6160	6.613135	30.37890
863	9.27143	3.2931214	15.4133	6.613166	30.37798
864	9.27165	3.2931213	15.2285	6.613137	30.37787
865	9.27176	3.2931213	15.0347	6.613122	30.37786
866	9.27198	3.2931841	14.8382	6.613066	30.37839
867	9.27220	3.2930897	14.6415	6.613079	30.37732
868	9.27231	3.2930582	14.4475	6.613076	30.37699
869	9.27236	3.2929638	14.2538	6.613107	30.37606
870	9.27236	3.2929009	14.0601	6.613131	30.37550
871	9.27242	3.2928065	13.8663	6.613162	30.37457
872	9.27242	3.2928064	13.6665	6.613159	30.37465
873	9.27253	3.2927749	13.4608	6.613156	30.37433
874	9.27264	3.2927937	13.2641	6.613132	30.37451
875	9.27258	3.2927119	13.0764	6.613170	30.37380
876	9.27269	3.2927119	12.8734	6.613154	30.37379
877	9.27264	3.2927118	12.6736	6.613157	30.37392
878	9.27275	3.2926803	12.4738	6.613155	30.37359
879	9.27286	3.2925859	12.2742	6.613179	30.37262
880	9.27302	3.2925544	12.0925	6.613171	30.37223
881	9.27308	3.2925544	11.9047	6.613161	30.37226
882	9.27308	3.2925543	11.7019	6.613158	30.37235
883	9.27330	3.2925857	11.5112	6.613116	30.37256
884	9.27330	3.2925542	11.3204	6.613126	30.37232
885	9.27341	3.2925227	11.1146	6.613124	30.37199
886	9.27346	3.2924597	10.9238	6.613141	30.37138
887	9.27341	3.2924597	10.7181	6.613144	30.37151
888	9.27352	3.2924596	10.5212	6.613128	30.37150
889	9.27352	3.2924092	10.3275	6.613146	30.37107
890	9.27352	3.2923652	10.1246	6.613162	30.37071
891	9.27363	3.2923337	9.9309	6.613159	30.37037
892	9.27368	3.2922707	9.7341	6.613177	30.36977
893	9.27368	3.2922707	9.5374	6.613173	30.36985
894	9.27379	3.2922392	9.3466	6.613171	30.36951
895	9.27401	3.2922077	9.1469	6.613156	30.36909
896	9.27401	3.2922076	8.9531	6.613153	30.36917
897	9.27390	3.2921950	8.7502	6.613167	30.36922
898	9.27390	3.2921760	8.5535	6.613172	30.36911
899	9.27390	3.2921445	8.3537	6.613182	30.36887
900	9.27390	3.2921445	8.1568	6.613178	30.36895
901	9.27390	3.2921130	7.9571	6.613188	30.36872
902	9.27385	3.2920815	7.7512	6.613205	30.36853
903	9.27401	3.2920500	7.5545	6.613196	30.36815
904	9.27423	3.2920185	7.3516	6.613181	30.36773
905	9.27462	3.2919870	7.1458	6.613148	30.36716
906	9.27605	3.2920183	6.9400	6.612969	30.36636
907	9.27770	3.2919868	6.7372	6.612793	30.36472
908	9.27918	3.2919553	6.5372	6.612635	30.36322
909	9.28100	3.2919238	6.3375	6.612441	30.36144
910	9.28315	3.2918608	6.1316	6.612222	30.35906
911	9.28623	3.2917979	5.9226	6.611898	30.35589
912	9.28920	3.2917160	5.7197	6.611595	30.35262
913	9.29189	3.2915713	5.5170	6.611349	30.34893
914	9.29795	3.2913512	5.3080	6.610758	30.34164
915	9.30455	3.2909738	5.1052	6.610172	30.33226
916	9.31314	3.2905336	4.9083	6.609390	30.32057
917	9.32266	3.2900935	4.7056	6.608502	30.30809
918	9.33153	3.2894962	4.4937	6.607755	30.29457
919	9.33946	3.2879814	4.2939	6.607509	30.27249
920	9.34795	3.2853486	4.0971	6.607681	30.23855
921	9.35561	3.2828610	3.8943	6.607882	30.20681
922	9.36536	3.2797840	3.6913	6.608099	30.16732
923	9.37887	3.2768021	3.5006	6.607851	30.12565
924	9.39167	3.2737022	3.3098	6.607733	30.08342
925	9.40094	3.2723219	3.1251	6.607275	30.06166
926	9.40778	3.2704778	2.9405	6.607290	30.03724
927	9.41490	3.2681639	2.7378	6.607473	30.00783
928	9.42186	3.2664147	2.5408	6.607433	29.98430
929	9.42765	3.2648852	2.3502	6.607430	29.96399
930	9.43168	3.2645405	2.1594	6.607118	29.95719
931	9.43422	3.2636317	1.9779	6.607217	29.94591
932	9.43583	3.2629486	1.7871	6.607325	29.93771
933	9.43660	3.2634185	1.5902	6.607033	29.94192
934	9.43676	3.2663515	1.3996	6.605755	29.97166
935	9.43439	3.2660381	1.2028	6.606154	29.97054
936	9.43284	3.2640387	1.0120	6.607182	29.95160
937	9.43351	3.2649474	0.8332	6.606715	29.96036
938	9.43433	3.2670032	0.6516	6.605738	29.98063
939	9.43389	3.2684138	0.4790	6.605181	29.99540
940	9.43345	3.2696301	0.3430	6.604708	30.00819
941	9.43367	3.2844921	0.1916	6.598319	30.15917
942	9.42020	3.2871309	0.0674	6.598704	30.19741
943	9.37159	3.2910030	0.0736	6.602515	30.27788
944	9.33015	3.2928958	0.0675	6.606369	30.33229
945	9.29954	3.2953362	0.0645	6.608767	30.38319
946	9.28161	3.2958270	0.0645	6.610577	30.40346
947	9.27269	2.7833315	0.0707	6.833781	25.23392
948	9.26802	0.7386609	0.0677	7.728358	5.98411
949	9.26676	0.5090786	0.0708	7.826225	4.01798
950	9.26709	0.5431291	0.0679	7.811806	4.30557
951	9.26819	0.5659559	0.0680	7.801956	4.49909
952	9.26912	0.5896921	0.0681	7.791731	4.70102
953	9.26972	0.6009776	0.0682	7.786833	4.79725
954	9.27038	0.5645032	0.0681	7.802178	4.48647
955	9.27126	0.5542498	0.0650	7.806358	4.39932
956	9.27638	0.5307232	0.0651	7.815376	4.19952
957	9.28216	0.5054562	0.0653	7.824977	3.98577
958	9.28425	0.4603861	0.0622	7.843501	3.60765
959	9.28667	0.4336880	0.0653	7.854210	3.38494
960	9.28832	0.4293200	0.0684	7.855730	3.34849
961	9.28947	0.4218073	0.0624	7.858647	3.28603
962	9.29035	0.4154860	0.0685	7.861116	3.23356
963	9.29145	0.3993366	0.0655	7.867622	3.09989
964	9.29272	0.3850417	0.0657	7.873313	2.98190
965	9.29448	0.4065378	0.0626	7.864081	3.15913
966	9.29668	0.4342230	0.0719	7.852167	3.38844
967	9.29899	0.4763280	0.0597	7.834163	3.73945
968	9.30108	0.4488334	0.0659	7.845277	3.50960
969	9.30295	0.3505091	0.0659	7.885689	2.69778
970	9.30499	0.2748031	0.0660	7.916252	2.08421
971	9.30708	0.5107691	0.0691	7.818261	4.02770
972	9.30912	0.5348821	0.0721	7.807755	4.23081
973	9.31105	0.4350477	0.0692	7.849216	3.39394
974	9.31286	0.3530129	0.0664	7.882840	2.71750
975	9.31446	0.3213661	0.0634	7.895530	2.45955
976	9.31573	0.3073876	0.0693	7.901008	2.34618
977	9.31639	0.2881994	0.0665	7.908701	2.19124
978	9.31683	0.2588155	0.0663	7.920528	1.95549
979	9.31732	0.2298692	0.0667	7.932091	1.72509
980	9.31804	0.2341989	0.0696	7.930219	1.75939
981	9.31881	0.2432155	0.0698	7.926450	1.83099
982	9.31969	0.2368357	0.0698	7.928852	1.78024
983	9.32085	0.2261381	0.0696	7.932930	1.69537
984	9.32211	0.1951112	0.0698	7.945077	1.45092
985	9.32310	0.1826266	0.0666	7.949844	1.35326
986	9.32465	0.1677299	0.0729	7.955438	1.23730
987	9.32591	0.1583814	0.0640	7.958877	1.16485
988	9.32679	0.1527222	0.0668	7.960931	1.12113
989	9.32806	0.1554857	0.0702	7.959609	1.14241
990	9.32944	0.1535935	0.0731	7.960092	1.12777
991	9.33065	0.1467832	0.0671	7.962530	1.07527
992	9.33208	0.1452564	0.0642	7.962857	1.06348
993	9.33324	0.1699422	0.0704	7.952953	1.25417
994	9.33412	0.2035218	0.0613	7.939487	1.51642
995	9.33439	0.2104774	0.0704	7.936664	1.57112
996	9.33423	0.2086709	0.0704	7.937415	1.55690
997	9.33406	0.2104470	0.0645	7.936738	1.57089
998	9.33362	0.2224260	0.0706	7.932034	1.66541
999	9.33346	0.2180992	0.0677	7.933796	1.63125
1000	9.33340	0.2030469	0.0707	7.939809	1.51272
1001	9.33285	0.1825097	0.0738	7.948063	1.35198
