Scan Count	Temperature [ITS-90, deg C]	Conductivity [S/m]	Depth [salt water, m]	Oxygen Saturation, Weiss [ml/l]	Salinity, Practical [PSU]
1	12.21376	0.0000460	-0.1692	7.496429	0.00632
2	12.21287	0.0000429	-0.1784	7.496581	0.00631
3	12.21204	0.0000460	-0.1664	7.496722	0.00632
4	12.21239	0.0000429	-0.1723	7.496662	0.00631
5	12.21293	0.0000460	-0.1694	7.496570	0.00632
6	12.20835	0.0000367	-0.1663	7.497350	0.00631
7	12.19528	0.0000429	-0.1724	7.499578	0.00631
8	12.18078	0.0000460	-0.1723	7.502049	0.00630
9	12.17247	0.0000367	-0.1725	7.503467	0.00629
10	12.16760	0.0000429	-0.1694	7.504297	0.00629
11	12.15976	0.0000367	-0.1694	7.505635	0.00628
12	12.15335	0.0000336	-0.1785	7.506729	0.00628
13	12.14914	0.0000460	-0.1693	7.507448	0.00628
14	12.14160	0.0000367	-0.1693	7.508735	0.00627
15	12.13632	0.0000429	-0.1694	7.509637	0.00627
16	12.13792	0.0000367	-0.1695	7.509363	0.00627
17	12.14220	0.0000429	-0.1693	7.508633	0.00628
18	12.14611	0.0000460	-0.1694	7.507965	0.00628
19	12.14926	0.0000367	-0.1663	7.507428	0.00628
20	12.15038	0.0000429	-0.1694	7.507235	0.00628
21	12.15163	0.0000367	-0.1693	7.507023	0.00628
22	12.15406	0.0000429	-0.1693	7.506607	0.00628
23	12.15733	0.0000460	-0.1724	7.506050	0.00629
24	12.15958	0.0000460	-0.1662	7.505665	0.00629
25	12.16231	0.0000336	-0.1724	7.505199	0.00629
26	12.16522	0.0000460	-0.1664	7.504702	0.00629
27	12.16861	0.0000429	-0.1693	7.504125	0.00629
28	12.17247	0.0000460	-0.1663	7.503467	0.00629
29	12.17603	0.0000367	-0.1724	7.502859	0.00629
30	12.17965	0.0000336	-0.1662	7.502241	0.00630
31	12.18310	0.0000460	-0.1694	7.501654	0.00630
32	12.18648	0.0000336	-0.1633	7.501076	0.00630
33	12.18951	0.0000367	-0.1664	7.500560	0.00630
34	12.19236	0.0000367	-0.1664	7.500074	0.00630
35	12.19534	0.0000336	-0.1662	7.499568	0.00630
36	12.19795	0.0000367	-0.1662	7.499122	0.00630
37	12.20033	0.0000367	-0.1662	7.498717	0.00631
38	12.20336	0.0000336	-0.1602	7.498201	0.00631
39	12.20508	0.0000367	-0.1692	7.497907	0.00631
40	12.20574	0.0000336	-0.1632	7.497796	0.00631
41	12.20627	0.0000275	-0.1692	7.497704	0.00631
42	12.20704	0.0000367	-0.1722	7.497573	0.00631
43	12.20722	0.0000336	-0.1663	7.497543	0.00631
44	12.20698	0.0000275	-0.1662	7.497583	0.00631
45	12.20651	0.0000336	-0.1693	7.497664	0.00631
46	12.20591	0.0000275	-0.1722	7.497765	0.00631
47	12.20633	0.0000460	-0.1631	7.497694	0.00631
48	12.20734	0.0000275	-0.1691	7.497522	0.00631
49	12.20894	0.0000367	-0.1600	7.497249	0.00631
50	12.21067	0.0000336	-0.1664	7.496955	0.00631
51	12.21114	0.0000275	-0.1662	7.496874	0.00632
52	12.21061	0.0000367	-0.1692	7.496965	0.00631
53	12.21013	0.0000336	-0.1632	7.497046	0.00631
54	12.21049	0.0000367	-0.1693	7.496986	0.00631
55	12.21079	0.0000275	-0.1692	7.496935	0.00632
56	12.21132	0.0000367	-0.1692	7.496844	0.00631
57	12.21239	0.0000275	-0.1692	7.496662	0.00632
58	12.21435	0.0000336	-0.1661	7.496328	0.00631
59	12.21715	0.0000213	-0.1691	7.495851	0.00633
60	12.22066	0.0000275	-0.1721	7.495254	0.00632
61	12.22345	0.0000275	-0.1721	7.494779	0.00632
62	12.22541	0.0000367	-0.1631	7.494445	0.00632
63	12.22732	0.0000336	-0.1692	7.494121	0.00632
64	12.22726	0.0000367	-0.1691	7.494131	0.00632
65	12.22636	0.0000275	-0.1631	7.494283	0.00632
66	12.22523	0.0000429	-0.1660	7.494475	0.00632
67	12.22351	0.0000367	-0.1629	7.494769	0.00632
68	12.21828	0.0000336	-0.1721	7.495659	0.00632
69	12.21120	0.0000275	-0.1661	7.496864	0.00632
70	12.20532	0.0000275	-0.1721	7.497866	0.00631
71	12.19902	0.0000336	-0.1691	7.498940	0.00631
72	12.19320	0.0000367	-0.1599	7.499932	0.00630
73	12.19124	0.0000275	-0.1659	7.500266	0.00630
74	12.19034	0.0000367	-0.1661	7.500418	0.00630
75	12.19397	0.0000367	-0.1629	7.499801	0.00630
76	12.19908	0.0000336	-0.1659	7.498930	0.00631
77	12.20443	0.0000275	-0.1660	7.498018	0.00631
78	12.20942	0.0000275	-0.1690	7.497168	0.00631
79	12.21227	0.0000367	-0.1659	7.496682	0.00631
80	12.21227	0.0000367	-0.1660	7.496682	0.00631
81	12.21085	0.0000336	-0.1659	7.496925	0.00631
82	12.20532	0.0000367	-0.1630	7.497867	0.00631
83	12.19872	0.0000275	-0.1659	7.498990	0.00631
84	12.19551	0.0000336	-0.1629	7.499537	0.00630
85	12.19088	0.0000367	-0.1630	7.500327	0.00630
86	12.16884	0.0809421	-0.1115	7.479335	0.53474
87	11.42290	2.7430325	0.0340	6.589099	23.40867
88	10.18993	2.8429244	0.2157	6.696214	25.18064
89	9.31793	2.8447708	0.3673	6.801478	25.81527
90	8.76422	2.8365102	0.4912	6.873748	26.13549
91	8.45496	2.8366854	0.5246	6.912456	26.36664
92	8.29225	2.8521318	0.5276	6.925902	26.64758
93	8.19195	2.8667017	0.5246	6.931845	26.87415
94	8.12507	2.8792067	0.5247	6.934496	27.05487
95	8.09431	2.8878656	0.5277	6.934360	27.16838
96	8.08192	2.8932703	0.5127	6.933412	27.23406
97	8.07504	2.8963484	0.5066	6.932850	27.27136
98	8.06619	2.8989724	0.5005	6.932746	27.30549
99	8.05819	2.9018310	0.5035	6.932425	27.34142
100	8.05131	2.9031498	0.5066	6.932676	27.36049
101	8.04294	2.9062198	0.5095	6.932302	27.39894
102	8.03670	2.9093150	0.5187	6.931647	27.43599
103	8.03824	2.9111391	0.5218	6.930606	27.45375
104	8.04406	2.9116071	0.5277	6.929661	27.45407
105	8.04843	2.9108810	0.5248	6.929450	27.44309
106	8.04869	2.9108510	0.5187	6.929430	27.44258
107	8.04619	2.9109350	0.5127	6.929705	27.44541
108	8.04096	2.9112831	0.5186	6.930199	27.45312
109	8.03425	2.9125315	0.5096	6.930461	27.47137
110	8.02908	2.9149087	0.5065	6.930004	27.50016
111	8.02721	2.9172806	0.5035	6.929136	27.52630
112	8.02604	2.9183917	0.5066	6.928767	27.53879
113	8.02508	2.9185119	0.5127	6.928831	27.54079
114	8.02401	2.9188843	0.5190	6.928792	27.54550
115	8.02385	2.9199896	0.5188	6.928298	27.55713
116	8.02369	2.9210230	0.5250	6.927838	27.56801
117	8.02322	2.9208067	0.5219	6.927999	27.56614
118	8.02226	2.9200497	0.5190	6.928470	27.55901
119	8.02087	2.9198455	0.5188	6.928739	27.55798
120	8.01906	2.9199596	0.5128	6.928912	27.56059
121	8.01815	2.9203081	0.5126	6.928864	27.56493
122	8.01901	2.9210952	0.5098	6.928391	27.57246
123	8.02226	2.9222609	0.5068	6.927443	27.58204
124	8.02689	2.9229880	0.5159	6.926525	27.58595
125	8.03126	2.9234207	0.5127	6.925777	27.58702
126	8.03499	2.9237453	0.5190	6.925160	27.58746
127	8.03782	2.9233065	0.5128	6.925010	27.58067
128	8.03947	2.9217379	0.5310	6.925532	27.56304
129	8.04144	2.9199594	0.5188	6.926111	27.54299
130	8.04278	2.9194848	0.5220	6.926164	27.53701
131	8.04139	2.9204280	0.5220	6.925900	27.54791
132	8.03984	2.9215036	0.5159	6.925594	27.56032
133	8.03974	2.9222307	0.5099	6.925269	27.56797
134	8.03686	2.9222608	0.5038	6.925615	27.57055
135	8.03222	2.9212453	0.5069	6.926667	27.56363
136	8.02716	2.9194669	0.5039	6.928127	27.54910
137	8.02199	2.9181034	0.5099	6.929408	27.53897
138	8.01805	2.9179293	0.5160	6.929983	27.54025
139	8.01608	2.9190886	0.5191	6.929691	27.55387
140	8.01672	2.9212454	0.5130	6.928608	27.57582
141	8.02007	2.9234509	0.5282	6.927163	27.59614
142	8.02322	2.9239197	0.5222	6.926552	27.59854
143	8.02369	2.9219664	0.5192	6.927400	27.57783
144	8.02162	2.9179893	0.5101	6.929508	27.53807
145	8.01789	2.9157674	0.5101	6.931008	27.51788
146	8.01448	2.9156053	0.5040	6.931510	27.51887
147	8.01283	2.9167102	0.5069	6.931204	27.53167
148	8.01325	2.9185120	0.5192	6.930313	27.55009
149	8.01528	2.9204884	0.5162	6.929140	27.56907
150	8.01853	2.9219364	0.5192	6.928060	27.58159
151	8.02092	2.9225193	0.5253	6.927490	27.58577
152	8.02156	2.9234509	0.5253	6.926977	27.59496
153	8.02348	2.9253744	0.5253	6.925843	27.61348
154	8.02881	2.9277013	0.5253	6.924096	27.63350
155	8.03713	2.9294574	0.5192	6.922241	27.64523
156	8.04629	2.9300949	0.5163	6.920800	27.64464
157	8.05307	2.9304197	0.5070	6.919804	27.64268
158	8.05627	2.9315267	0.5132	6.918891	27.65167
159	8.05915	2.9345596	0.5162	6.917125	27.68096
160	8.06549	2.9373709	0.5102	6.915031	27.70520
161	8.07536	2.9390388	0.5223	6.913028	27.71475
162	8.08603	2.9404179	0.5223	6.911060	27.72066
163	8.09569	2.9420744	0.5224	6.909091	27.73025
164	8.10488	2.9436710	0.5194	6.907211	27.73960
165	8.11347	2.9450209	0.5194	6.905518	27.74683
166	8.12202	2.9461841	0.5163	6.903918	27.75216
167	8.13003	2.9470159	0.5254	6.902539	27.75447
168	8.13741	2.9478659	0.5163	6.901230	27.75747
169	8.14457	2.9491320	0.5134	6.899757	27.76497
170	8.15168	2.9502174	0.5163	6.898374	27.77062
171	8.15873	2.9510678	0.5134	6.897107	27.77387
172	8.16590	2.9521595	0.5194	6.895715	27.77953
173	8.17296	2.9533660	0.5164	6.894285	27.78648
174	8.18029	2.9547658	0.5226	6.892732	27.79521
175	8.18810	2.9561597	0.5257	6.891123	27.80349
176	8.19602	2.9571375	0.5195	6.889693	27.80737
177	8.20388	2.9580549	0.5226	6.888298	27.81067
178	8.21138	2.9588457	0.5136	6.887007	27.81294
179	8.21866	2.9590208	0.5226	6.886027	27.80899
180	8.22600	2.9584471	0.5043	6.885383	27.79725
181	8.23275	2.9583143	0.5106	6.884610	27.79054
182	8.23842	2.9594070	0.5136	6.883406	27.79737
183	8.24469	2.9604878	0.5104	6.882136	27.80362
184	8.25214	2.9610856	0.5136	6.880942	27.80392
185	8.25997	2.9619129	0.5196	6.879596	27.80631
186	8.26801	2.9637129	0.5228	6.877779	27.81859
187	8.27578	2.9655798	0.5258	6.875965	27.83178
188	8.28168	2.9657550	0.5287	6.875158	27.82893
189	8.28624	2.9648969	0.5228	6.874989	27.81644
190	8.29160	2.9642081	0.5137	6.874642	27.80508
191	8.29826	2.9645101	0.5198	6.873684	27.80294
192	8.30426	2.9650719	0.5108	6.872686	27.80402
193	8.31033	2.9658876	0.5138	6.871566	27.80766
194	8.31725	2.9669089	0.5139	6.870247	27.81276
195	8.32504	2.9675313	0.5170	6.869004	27.81305
196	8.33245	2.9678214	0.5260	6.867960	27.81019
197	8.34007	2.9682686	0.5230	6.866817	27.80880
198	8.34738	2.9687702	0.5230	6.865690	27.80822
199	8.35468	2.9691389	0.5262	6.864623	27.80626
200	8.36178	2.9697797	0.5322	6.863459	27.80728
201	8.36860	2.9709949	0.5260	6.862066	27.81445
202	8.37441	2.9718657	0.5231	6.860956	27.81887
203	8.37812	2.9712609	0.5171	6.860776	27.80970
204	8.38193	2.9708436	0.5142	6.860497	27.80238
205	8.38763	2.9708557	0.5140	6.859791	27.79801
206	8.39366	2.9712003	0.5111	6.858894	27.79682
207	8.39968	2.9717021	0.5142	6.857926	27.79725
208	8.40592	2.9722584	0.5172	6.856907	27.79807
209	8.41222	2.9724156	0.5172	6.856063	27.79473
210	8.41851	2.9726817	0.5233	6.855170	27.79251
211	8.42454	2.9738550	0.5324	6.853898	27.79986
212	8.43008	2.9753794	0.5202	6.852525	27.81122
213	8.43218	2.9752342	0.5234	6.852334	27.80807
214	8.43164	2.9744780	0.5173	6.852743	27.80069
215	8.43380	2.9729476	0.5204	6.853174	27.78321
216	8.43864	2.9719981	0.5174	6.853011	27.76961
217	8.44198	2.9718348	0.5144	6.852675	27.76530
218	8.44484	2.9725060	0.5174	6.852021	27.76997
219	8.44904	2.9735402	0.5206	6.851036	27.77732
220	8.45518	2.9746169	0.5236	6.849796	27.78359
221	8.46169	2.9755909	0.5267	6.848555	27.78849
222	8.46611	2.9761535	0.5329	6.847759	27.79081
223	8.46794	2.9752641	0.5267	6.847938	27.78021
224	8.47075	2.9742236	0.5267	6.848066	27.76728
225	8.47640	2.9740178	0.5298	6.847466	27.76071
226	8.48196	2.9745320	0.5238	6.846554	27.76164
227	8.48724	2.9745198	0.5178	6.845912	27.75737
228	8.49274	2.9742838	0.5238	6.845346	27.75061
229	8.49775	2.9748403	0.5209	6.844480	27.75240
230	8.50309	2.9754695	0.5148	6.843542	27.75469
231	8.50832	2.9756025	0.5209	6.842842	27.75194
232	8.51361	2.9757053	0.5240	6.842148	27.74885
233	8.51868	2.9759715	0.5240	6.841408	27.74760
234	8.52364	2.9761893	0.5332	6.840702	27.74594
235	8.52812	2.9761529	0.5240	6.840171	27.74205
236	8.53239	2.9763284	0.5271	6.839570	27.74051
237	8.53665	2.9768669	0.5242	6.838806	27.74270
238	8.54032	2.9767761	0.5181	6.838398	27.73889
239	8.54340	2.9758563	0.5211	6.838437	27.72701
240	8.54691	2.9747552	0.5212	6.838505	27.71294
241	8.55042	2.9743740	0.5242	6.838248	27.70627
242	8.55312	2.9749064	0.5303	6.837678	27.70962
243	8.55587	2.9751786	0.5151	6.837218	27.71027
244	8.55943	2.9750515	0.5273	6.836840	27.70616
245	8.56327	2.9749365	0.5304	6.836424	27.70198
246	8.56700	2.9752874	0.5335	6.835810	27.70266
247	8.57067	2.9762978	0.5335	6.834906	27.71016
248	8.57434	2.9769270	0.5336	6.834174	27.71375
249	8.57683	2.9767818	0.5305	6.833935	27.71031
250	8.57796	2.9754385	0.5246	6.834402	27.69563
251	8.58029	2.9738354	0.5215	6.834840	27.67734
252	8.58245	2.9718032	0.5186	6.835492	27.65478
253	8.58142	2.9717306	0.5126	6.835650	27.65484
254	8.57980	2.9726499	0.5187	6.835434	27.66555
255	8.58126	2.9735450	0.5247	6.834852	27.67360
256	8.58537	2.9744886	0.5218	6.833925	27.68007
257	8.58964	2.9749665	0.5248	6.833189	27.68164
258	8.59336	2.9743918	0.5279	6.832992	27.67282
259	8.59699	2.9738352	0.5218	6.832800	27.66427
260	8.60110	2.9734541	0.5250	6.832470	27.65715
261	8.60520	2.9732968	0.5189	6.832039	27.65232
262	8.60910	2.9741920	0.5250	6.831161	27.65846
263	8.61277	2.9757104	0.5160	6.830029	27.67118
264	8.61434	2.9756499	0.5191	6.829865	27.66933
265	8.61402	2.9741919	0.5190	6.830560	27.65462
266	8.61515	2.9730669	0.5191	6.830927	27.64219
267	8.61797	2.9728007	0.5161	6.830704	27.63726
268	8.62110	2.9726192	0.5253	6.830402	27.63295
269	8.62413	2.9729579	0.5252	6.829880	27.63406
270	8.62711	2.9738652	0.5283	6.829109	27.64104
271	8.62965	2.9752021	0.5314	6.828199	27.65276
272	8.63008	2.9761338	0.5314	6.827727	27.66198
273	8.62732	2.9757648	0.5315	6.828230	27.66035
274	8.62435	2.9741616	0.5225	6.829313	27.64624
275	8.62559	2.9723410	0.5226	6.829979	27.62659
276	8.62981	2.9712585	0.5194	6.829950	27.61220
277	8.63376	2.9703696	0.5194	6.829867	27.60000
278	8.63571	2.9705147	0.5226	6.829564	27.59997
279	8.63690	2.9717301	0.5228	6.828873	27.61150
280	8.63934	2.9733932	0.5347	6.827829	27.62665
281	8.64064	2.9742461	0.5319	6.827288	27.63438
282	8.64064	2.9736896	0.5288	6.827538	27.62868
283	8.64188	2.9729154	0.5289	6.827733	27.61977
284	8.64480	2.9719477	0.5228	6.827811	27.60757
285	8.64897	2.9708713	0.5229	6.827786	27.59329
286	8.65276	2.9701336	0.5229	6.827654	27.58277
287	8.65536	2.9700368	0.5199	6.827381	27.57976
288	8.65736	2.9703391	0.5170	6.827000	27.58130
289	8.65947	2.9703391	0.5170	6.826743	27.57965
290	8.66207	2.9702605	0.5201	6.826461	27.57682
291	8.66456	2.9706656	0.5261	6.825975	27.57903
292	8.66732	2.9713186	0.5292	6.825346	27.58357
293	8.67003	2.9716632	0.5322	6.824861	27.58499
294	8.67214	2.9715846	0.5354	6.824639	27.58254
295	8.67409	2.9712883	0.5294	6.824534	27.57799
296	8.67621	2.9703994	0.5293	6.824674	27.56724
297	8.67854	2.9689484	0.5296	6.825040	27.55057
298	8.68038	2.9677938	0.5174	6.825333	27.53732
299	8.68081	2.9672317	0.5267	6.825532	27.53122
300	8.68022	2.9673768	0.5236	6.825540	27.53317
301	8.67967	2.9688275	0.5297	6.824956	27.54844
302	8.68097	2.9695590	0.5296	6.824469	27.55492
303	8.68282	2.9688275	0.5298	6.824573	27.54600
304	8.68450	2.9684164	0.5297	6.824552	27.54049
305	8.68612	2.9686642	0.5299	6.824243	27.54176
306	8.68802	2.9684405	0.5299	6.824111	27.53799
307	8.68970	2.9680597	0.5329	6.824077	27.53279
308	8.69121	2.9679871	0.5270	6.823924	27.53087
309	8.69273	2.9674371	0.5239	6.823986	27.52406
310	8.69403	2.9664036	0.5180	6.824290	27.51248
311	8.69468	2.9660531	0.5210	6.824367	27.50839
312	8.69501	2.9656906	0.5211	6.824490	27.50442
313	8.69484	2.9653643	0.5242	6.824656	27.50121
314	8.69457	2.9665003	0.5394	6.824181	27.51304
315	8.69501	2.9681201	0.5363	6.823402	27.52928
316	8.69571	2.9690329	0.5395	6.822908	27.53807
317	8.69512	2.9694198	0.5334	6.822807	27.54250
318	8.69425	2.9680717	0.5305	6.823516	27.52938
319	8.69490	2.9643613	0.5277	6.825098	27.49090
320	8.69620	2.9618181	0.5244	6.826078	27.46387
321	8.69262	2.9617155	0.5216	6.826561	27.46560
322	8.68764	2.9629115	0.5216	6.826634	27.48170
323	8.68748	2.9645970	0.5276	6.825899	27.49908
324	8.68905	2.9664762	0.5337	6.824866	27.51709
325	8.68937	2.9663432	0.5278	6.824885	27.51548
326	8.68905	2.9642707	0.5308	6.825854	27.49452
327	8.69040	2.9627483	0.5279	6.826370	27.47789
328	8.69230	2.9624705	0.5310	6.826263	27.47357
329	8.69392	2.9615524	0.5249	6.826475	27.46292
330	8.69522	2.9610994	0.5250	6.826519	27.45728
331	8.69533	2.9622047	0.5251	6.826011	27.46850
332	8.69609	2.9634128	0.5281	6.825378	27.48027
333	8.69815	2.9639565	0.5282	6.824883	27.48424
334	8.70016	2.9637389	0.5253	6.824735	27.48046
335	8.70227	2.9625610	0.5253	6.825005	27.46677
336	8.70433	2.9607310	0.5314	6.825572	27.44645
337	8.70476	2.9595897	0.5285	6.826030	27.43444
338	8.70292	2.9604653	0.5315	6.825863	27.44483
339	8.70189	2.9617939	0.5346	6.825394	27.45921
340	8.70287	2.9623858	0.5317	6.825010	27.46451
341	8.70465	2.9626153	0.5317	6.824689	27.46547
342	8.70650	2.9620596	0.5317	6.824713	27.45836
343	8.70812	2.9610450	0.5317	6.824968	27.44672
344	8.70970	2.9604894	0.5287	6.825025	27.43983
345	8.71089	2.9600485	0.5227	6.825077	27.43440
346	8.71154	2.9596741	0.5258	6.825165	27.43006
347	8.71208	2.9600183	0.5259	6.824944	27.43316
348	8.71262	2.9608758	0.5290	6.824495	27.44151
349	8.71365	2.9610811	0.5351	6.824277	27.44281
350	8.71479	2.9596741	0.5322	6.824768	27.42754
351	8.71566	2.9579534	0.5320	6.825431	27.40928
352	8.71517	2.9578387	0.5353	6.825542	27.40848
353	8.71376	2.9590039	0.5353	6.825193	27.42149
354	8.71365	2.9609362	0.5354	6.824342	27.44133
355	8.71403	2.9611113	0.5293	6.824217	27.44283
356	8.71376	2.9588349	0.5203	6.825269	27.41976
357	8.71409	2.9558650	0.5233	6.826558	27.38915
358	8.71219	2.9548029	0.5296	6.827265	27.37975
359	8.70742	2.9550986	0.5296	6.827716	27.38646
360	8.70444	2.9562936	0.5357	6.827545	27.40098
361	8.70487	2.9578087	0.5329	6.826814	27.41614
362	8.70596	2.9578086	0.5267	6.826682	27.41531
363	8.70623	2.9571326	0.5328	6.826951	27.40818
364	8.70693	2.9561004	0.5329	6.827327	27.39708
365	8.70802	2.9548331	0.5420	6.827762	27.38328
366	8.70807	2.9546219	0.5330	6.827850	27.38109
367	8.70764	2.9553883	0.5300	6.827560	27.38926
368	8.70818	2.9555090	0.5331	6.827439	27.39007
369	8.70948	2.9550684	0.5301	6.827477	27.38456
370	8.71062	2.9542297	0.5303	6.827714	27.37511
371	8.71105	2.9534754	0.5303	6.827998	27.36706
372	8.71073	2.9543624	0.5333	6.827641	27.37638
373	8.71051	2.9548995	0.5364	6.827427	27.38204
374	8.71121	2.9546822	0.5365	6.827438	27.37927
375	8.71203	2.9551288	0.5304	6.827139	27.38321
376	8.71279	2.9543624	0.5275	6.827389	27.37479
377	8.71365	2.9531436	0.5276	6.827828	27.36166
378	8.71398	2.9533005	0.5306	6.827718	27.36301
379	8.71403	2.9529747	0.5246	6.827857	27.35964
380	8.71420	2.9524136	0.5308	6.828089	27.35378
381	8.71414	2.9522990	0.5279	6.828147	27.35265
382	8.71382	2.9516536	0.5340	6.828475	27.34630
383	8.71327	2.9523050	0.5310	6.828250	27.35338
384	8.71279	2.9540667	0.5341	6.827521	27.37177
385	8.71273	2.9540969	0.5341	6.827515	27.37212
386	8.71300	2.9525343	0.5311	6.828181	27.35594
387	8.71317	2.9508574	0.5253	6.828911	27.33867
388	8.71273	2.9502120	0.5282	6.829253	27.33241
389	8.71116	2.9503266	0.5252	6.829394	27.33480
390	8.70975	2.9505739	0.5314	6.829456	27.33841
391	8.70970	2.9510082	0.5346	6.829268	27.34289
392	8.71062	2.9513882	0.5316	6.828985	27.34606
393	8.71186	2.9506825	0.5316	6.829148	27.33789
394	8.71300	2.9501336	0.5347	6.829255	27.33140
395	8.71349	2.9506523	0.5439	6.828963	27.33632
396	8.71371	2.9504171	0.5318	6.829042	27.33375
397	8.71420	2.9495065	0.5349	6.829390	27.32407
398	8.71441	2.9494642	0.5350	6.829382	27.32347
399	8.71414	2.9496512	0.5350	6.829331	27.32559
400	8.71420	2.9493316	0.5321	6.829468	27.32228
401	8.71409	2.9492110	0.5321	6.829535	27.32113
402	8.71420	2.9488914	0.5232	6.829665	27.31779
403	8.71398	2.9477156	0.5263	6.830217	27.30594
404	8.71317	2.9471248	0.5293	6.830581	27.30053
405	8.71121	2.9475167	0.5324	6.830645	27.30603
406	8.70953	2.9477157	0.5295	6.830761	27.30936
407	8.70888	2.9475107	0.5355	6.830933	27.30777
408	8.70850	2.9481558	0.5354	6.830691	27.31465
409	8.70867	2.9485357	0.5356	6.830501	27.31841
410	8.70872	2.9474806	0.5358	6.830966	27.30758
411	8.70861	2.9469199	0.5266	6.831230	27.30194
412	8.70834	2.9466547	0.5237	6.831382	27.29944
413	8.70785	2.9457445	0.5298	6.831850	27.29051
414	8.70704	2.9457445	0.5239	6.831949	27.29114
415	8.70536	2.9461604	0.5299	6.831969	27.29668
416	8.70449	2.9460700	0.5330	6.832116	27.29642
417	8.70411	2.9459495	0.5361	6.832216	27.29548
418	8.70400	2.9461303	0.5452	6.832149	27.29741
419	8.70390	2.9467632	0.5364	6.831878	27.30397
420	8.70379	2.9473600	0.5364	6.831624	27.31015
421	8.70357	2.9465703	0.5364	6.832004	27.30225
422	8.70335	2.9453045	0.5333	6.832598	27.28948
423	8.70346	2.9443704	0.5305	6.833003	27.27985
424	8.70292	2.9438401	0.5274	6.833306	27.27485
425	8.70135	2.9437196	0.5244	6.833553	27.27482
426	8.69907	2.9437497	0.5245	6.833818	27.27688
427	8.69734	2.9443463	0.5337	6.833764	27.28431
428	8.69680	2.9450153	0.5401	6.833531	27.29157
429	8.69723	2.9449852	0.5368	6.833491	27.29093
430	8.69761	2.9450997	0.5430	6.833393	27.29180
431	8.69777	2.9446477	0.5401	6.833576	27.28706
432	8.69793	2.9433400	0.5370	6.834142	27.27357
433	8.69783	2.9428700	0.5343	6.834365	27.26885
434	8.69685	2.9431231	0.5312	6.834372	27.27219
435	8.69587	2.9432255	0.5283	6.834445	27.27399
436	8.69571	2.9428700	0.5283	6.834624	27.27048
437	8.69539	2.9423760	0.5344	6.834886	27.26568
438	8.69501	2.9417916	0.5315	6.835194	27.25999
439	8.69409	2.9417856	0.5346	6.835310	27.26064
440	8.69273	2.9426652	0.5377	6.835082	27.27067
441	8.69219	2.9435449	0.5437	6.834754	27.28008
442	8.69213	2.9435389	0.5407	6.834763	27.28006
443	8.69219	2.9430207	0.5411	6.834989	27.27472
444	8.69208	2.9421712	0.5318	6.835383	27.26613
445	8.69224	2.9407916	0.5259	6.835981	27.25190
446	8.69148	2.9398460	0.5289	6.836497	27.24282
447	8.68926	2.9399423	0.5291	6.836727	27.24551
448	8.68655	2.9402917	0.5291	6.836903	27.25117
449	8.68520	2.9404965	0.5352	6.836977	27.25430
450	8.68482	2.9403459	0.5383	6.837091	27.25305
451	8.68504	2.9403218	0.5444	6.837075	27.25263
452	8.68498	2.9409965	0.5446	6.836780	27.25957
453	8.68525	2.9412314	0.5386	6.836641	27.26177
454	8.68531	2.9410387	0.5388	6.836721	27.25976
455	8.68542	2.9405568	0.5388	6.836924	27.25475
456	8.68531	2.9390932	0.5268	6.837593	27.23987
457	8.68487	2.9380393	0.5297	6.838118	27.22943
458	8.68314	2.9383465	0.5267	6.838193	27.23390
459	8.68103	2.9390029	0.5328	6.838158	27.24224
460	8.67989	2.9390330	0.5331	6.838284	27.24342
461	8.67967	2.9391233	0.5331	6.838271	27.24451
462	8.67946	2.9387078	0.5452	6.838484	27.24042
463	8.67935	2.9380093	0.5422	6.838810	27.23337
464	8.67870	2.9384489	0.5363	6.838693	27.23836
465	8.67832	2.9389186	0.5425	6.838529	27.24346
466	8.67794	2.9384067	0.5365	6.838805	27.23852
467	8.67740	2.9383887	0.5365	6.838879	27.23875
468	8.67702	2.9388885	0.5334	6.838702	27.24415
469	8.67675	2.9380996	0.5336	6.839089	27.23629
470	8.67632	2.9362271	0.5306	6.839982	27.21748
471	8.67545	2.9354927	0.5368	6.840417	27.21064
472	8.67328	2.9355830	0.5308	6.840643	27.21323
473	8.67084	2.9354928	0.5370	6.840983	27.21417
474	8.66900	2.9359081	0.5431	6.841023	27.21983
475	8.66814	2.9372507	0.5462	6.840527	27.23423
476	8.66787	2.9375096	0.5462	6.840444	27.23708
477	8.66781	2.9370761	0.5432	6.840645	27.23269
478	8.66765	2.9369376	0.5403	6.840727	27.23140
479	8.66732	2.9361369	0.5343	6.841126	27.22347
480	8.66711	2.9344695	0.5313	6.841901	27.20658
481	8.66630	2.9333922	0.5284	6.842484	27.19619
482	8.66380	2.9330312	0.5314	6.842952	27.19441
483	8.66018	2.9332118	0.5316	6.843317	27.19904
484	8.65720	2.9335669	0.5347	6.843524	27.20496
485	8.65595	2.9340303	0.5408	6.843469	27.21066
486	8.65585	2.9341085	0.5469	6.843447	27.21154
487	8.65601	2.9339159	0.5470	6.843514	27.20944
488	8.65612	2.9345599	0.5469	6.843211	27.21595
489	8.65585	2.9349993	0.5472	6.843047	27.22065
490	8.65552	2.9343854	0.5441	6.843363	27.21462
491	8.65520	2.9335669	0.5289	6.843770	27.20650
492	8.65482	2.9317857	0.5293	6.844616	27.18857
493	8.65379	2.9302335	0.5293	6.845440	27.17349
494	8.65043	2.9301012	0.5294	6.845912	27.17471
495	8.64567	2.9308472	0.5323	6.846163	27.18600
496	8.64323	2.9319904	0.5354	6.845949	27.19956
497	8.64242	2.9331277	0.5478	6.845538	27.21182
498	8.64183	2.9330073	0.5538	6.845666	27.21104
499	8.64091	2.9325320	0.5539	6.845992	27.20688
500	8.64031	2.9326042	0.5479	6.846033	27.20808
501	8.63999	2.9328028	0.5419	6.845984	27.21037
502	8.63988	2.9318400	0.5298	6.846429	27.20060
503	8.63982	2.9297945	0.5300	6.847355	27.17971
504	8.63917	2.9287179	0.5269	6.847919	27.16920
505	8.63685	2.9283390	0.5272	6.848376	27.16711
506	8.63344	2.9280804	0.5273	6.848912	27.16708
507	8.62998	2.9288804	0.5363	6.848979	27.17792
508	8.62808	2.9306188	0.5455	6.848430	27.19716
509	8.62808	2.9312264	0.5485	6.848157	27.20338
510	8.62814	2.9311422	0.5487	6.848188	27.20248
511	8.62776	2.9309858	0.5488	6.848305	27.20117
512	8.62808	2.9303240	0.5427	6.848563	27.19415
513	8.62841	2.9288924	0.5398	6.849166	27.17924
514	8.62787	2.9273769	0.5370	6.849915	27.16415
515	8.62559	2.9268237	0.5279	6.850443	27.16024
516	8.62219	2.9273108	0.5280	6.850644	27.16784
517	8.61986	2.9280204	0.5371	6.850611	27.17688
518	8.61932	2.9282851	0.5372	6.850559	27.18001
519	8.61959	2.9281347	0.5462	6.850593	27.17826
520	8.61981	2.9277498	0.5434	6.850740	27.17415
521	8.61975	2.9280204	0.5524	6.850625	27.17696
522	8.61954	2.9283693	0.5434	6.850494	27.18070
523	8.61921	2.9280505	0.5465	6.850678	27.17769
524	8.61910	2.9260962	0.5527	6.851570	27.15776
525	8.60585	2.9148012	0.6255	6.858291	27.05227
526	8.48751	2.8942426	0.7438	6.882253	26.93193
527	8.34039	2.8853091	0.9042	6.904674	26.95241
528	8.23119	2.8850829	1.0891	6.918459	27.03375
529	8.15366	2.8864295	1.2950	6.927576	27.10731
530	8.09959	2.8887275	1.5314	6.933313	27.17282
531	8.05845	2.8872621	1.7889	6.939174	27.18939
532	8.02695	2.8843375	2.0312	6.944507	27.18335
533	8.00372	2.8842899	2.3068	6.947464	27.20077
534	7.98897	2.8861144	2.5977	6.948481	27.23109
535	7.97800	2.8866051	2.8915	6.949641	27.24461
536	7.96725	2.8952601	3.1613	6.946966	27.34297
537	7.95725	2.9071211	3.4519	6.942699	27.47425
538	7.94901	2.9077870	3.7336	6.943430	27.48755
539	7.94571	2.9065096	3.9942	6.944446	27.47671
540	7.94480	2.9110210	4.2790	6.942459	27.52435
541	7.94709	2.9215056	4.5728	6.937285	27.63178
542	7.95337	2.9321727	4.8635	6.931528	27.73799
543	7.96044	2.9530435	5.1574	6.920922	27.95013
544	7.96571	2.9672098	5.4481	6.913673	28.09378
545	7.96677	2.9743207	5.7360	6.910236	28.16711
546	7.96592	2.9781509	6.0207	6.908563	28.20772
547	7.96454	2.9803603	6.2994	6.907711	28.23182
548	7.96390	2.9815108	6.5811	6.907260	28.24425
549	7.96337	2.9848719	6.8476	6.905765	28.27972
550	7.96204	2.9882649	7.1595	6.904356	28.31615
551	7.95964	2.9931932	7.4534	6.902363	28.36953
552	7.95730	2.9977424	7.7383	6.900539	28.41892
553	7.95592	3.0050810	8.0351	6.897299	28.49674
554	7.95496	3.0112169	8.3199	6.894566	28.56166
555	7.95326	3.0135571	8.5895	6.893691	28.58745
556	7.95156	3.0170535	8.8892	6.892278	28.62534
557	7.95028	3.0208678	9.1893	6.890665	28.66623
558	7.94906	3.0242091	9.5102	6.889266	28.70212
559	7.94736	3.0267053	9.7980	6.888318	28.72956
560	7.94661	3.0299272	10.1070	6.886915	28.76382
561	7.94693	3.0335648	10.4069	6.885188	28.80158
562	7.94810	3.0367467	10.7007	6.883569	28.83386
563	7.94959	3.0389968	11.0035	6.882345	28.85611
564	7.95076	3.0413085	11.3368	6.881133	28.87925
565	7.95124	3.0427422	11.6063	6.880412	28.89378
566	7.95166	3.0441396	11.9123	6.879715	28.90796
567	7.95230	3.0462331	12.2030	6.878669	28.92927
568	7.95188	3.0475212	12.5000	6.878127	28.94302
569	7.94980	3.0484310	12.7997	6.877963	28.95415
570	7.94661	3.0493470	13.0966	6.877932	28.96628
571	7.94326	3.0503364	13.3935	6.877887	28.97931
572	7.94060	3.0515213	13.7146	6.877666	28.99382
573	7.93842	3.0524927	14.0084	6.877486	29.00570
574	7.93720	3.0534641	14.2962	6.877188	29.01679
575	7.93630	3.0545701	14.6050	6.876790	29.02902
576	7.93560	3.0555173	14.8989	6.876438	29.03942
577	7.93544	3.0566480	15.1927	6.875937	29.05130
578	7.93587	3.0580111	15.4986	6.875256	29.06513
579	7.93619	3.0597719	15.7924	6.874403	29.08323
580	7.93544	3.0611416	16.1196	6.873863	29.09810
581	7.93422	3.0625912	16.4013	6.873342	29.11422
582	7.93305	3.0636127	16.6950	6.873015	29.12580
583	7.93273	3.0641328	17.0070	6.872817	29.13140
584	7.93252	3.0650750	17.2767	6.872410	29.14136
585	7.93231	3.0660847	17.5795	6.871971	29.15202
586	7.93241	3.0678350	17.9309	6.871150	29.17017
587	7.93183	3.0698060	18.2217	6.870309	29.19125
588	7.93029	3.0709387	18.5398	6.869976	29.20430
589	7.92938	3.0721083	18.8367	6.869547	29.21722
590	7.92901	3.0731862	19.1335	6.869096	29.22874
591	7.92938	3.0743561	19.4364	6.868512	29.24059
592	7.93018	3.0756915	19.7392	6.867799	29.25384
593	7.93194	3.0768802	20.0178	6.867037	29.26475
594	7.93390	3.0783815	20.3238	6.866105	29.27875
595	7.93571	3.0795766	20.6054	6.865335	29.28968
596	7.93651	3.0802755	20.9115	6.864919	29.29623
597	7.93715	3.0806311	21.2113	6.864681	29.29931
598	7.93741	3.0809499	21.5141	6.864506	29.30231
599	7.93715	3.0811891	21.8111	6.864433	29.30492
600	7.93667	3.0813057	22.1047	6.864442	29.30642
601	7.93635	3.0814774	22.4016	6.864407	29.30836
602	7.93491	3.0817411	22.6863	6.864464	29.31222
603	7.93273	3.0819742	22.9923	6.864626	29.31636
604	7.93039	3.0822195	23.2829	6.864801	29.32078
605	7.92891	3.0825017	23.5829	6.864856	29.32487
606	7.92726	3.0827716	23.8767	6.864936	29.32896
607	7.92577	3.0829127	24.1674	6.865057	29.33157
608	7.92471	3.0831765	24.4704	6.865069	29.33511
609	7.92380	3.0832685	24.7703	6.865141	29.33671
610	7.92279	3.0833238	25.0520	6.865244	29.33801
611	7.92168	3.0834833	25.3700	6.865311	29.34049
612	7.92029	3.0839372	25.6576	6.865273	29.34630
613	7.91732	3.0853111	25.9667	6.865000	29.36312
614	7.91078	3.0864828	26.2544	6.865254	29.38081
615	7.90318	3.0871578	26.5330	6.865867	29.39418
616	7.89474	3.0875690	26.8418	6.866706	29.40548
617	7.88624	3.0876612	27.1238	6.867701	29.41348
618	7.87886	3.0877166	27.4357	6.868577	29.42014
619	7.87360	3.0877842	27.7234	6.869189	29.42515
620	7.86984	3.0879500	28.0414	6.869576	29.42994
621	7.86739	3.0882446	28.3957	6.869742	29.43495
622	7.86506	3.0888951	28.6956	6.869727	29.44364
623	7.86283	3.0893002	28.9864	6.869814	29.44966
624	7.86103	3.0896501	29.2923	6.869876	29.45474
625	7.85954	3.0904480	29.5862	6.869689	29.46428
626	7.85991	3.0909146	29.8831	6.869432	29.46875
627	7.86076	3.0910988	30.1616	6.869248	29.46986
628	7.86124	3.0912339	30.4462	6.869132	29.47076
629	7.86097	3.0909701	30.7734	6.869294	29.46806
630	7.85906	3.0908781	31.0733	6.869575	29.46858
631	7.85498	3.0911483	31.3942	6.869951	29.47473
632	7.85121	3.0915597	31.6941	6.870222	29.48212
633	7.84781	3.0924928	31.9879	6.870204	29.49470
634	7.84612	3.0941444	32.2726	6.869643	29.51342
635	7.84781	3.0955507	32.5727	6.868786	29.52669
636	7.85174	3.0963368	32.8571	6.867947	29.53154
637	7.85561	3.0970248	33.1539	6.867162	29.53539
638	7.85880	3.0975531	33.4659	6.866535	29.53813
639	7.86166	3.0979524	33.7658	6.866007	29.53979
640	7.86400	3.0983211	34.0778	6.865557	29.54157
641	7.86612	3.0984809	34.3654	6.865231	29.54134
642	7.86787	3.0987328	34.6440	6.864906	29.54239
643	7.86920	3.0989356	34.9500	6.864656	29.54328
644	7.87037	3.0991937	35.2560	6.864400	29.54488
645	7.87127	3.0995563	35.5649	6.864127	29.54781
646	7.87201	3.0997039	35.8616	6.863974	29.54861
647	7.87233	3.0998760	36.1524	6.863861	29.55003
648	7.87228	3.1001403	36.4344	6.863749	29.55274
649	7.87185	3.1002878	36.7371	6.863737	29.55452
650	7.87153	3.1004354	37.0429	6.863713	29.55621
651	7.87111	3.1009947	37.3277	6.863509	29.56235
652	7.86782	3.1040004	37.6335	6.862511	29.59668
653	7.85943	3.1058819	37.9363	6.862654	29.62349
654	7.85084	3.1068352	38.2483	6.863255	29.64070
655	7.84362	3.1074257	38.5785	6.863859	29.65291
656	7.83736	3.1078749	38.9448	6.864414	29.66281
657	7.83148	3.1083978	39.2569	6.864889	29.67319
658	7.82649	3.1088408	39.5506	6.865291	29.68198
659	7.82257	3.1096529	39.8324	6.865391	29.69377
660	7.81626	3.1108220	40.1261	6.865614	29.71135
661	7.80889	3.1113267	40.4320	6.866276	29.72282
662	7.80264	3.1117698	40.7229	6.866831	29.73270
663	7.79729	3.1123361	41.0227	6.867220	29.74311
664	7.79162	3.1125393	41.3195	6.867817	29.74996
665	7.78595	3.1126564	41.6162	6.868454	29.75590
666	7.78123	3.1128042	41.9281	6.868961	29.76135
667	7.77779	3.1128905	42.2159	6.869344	29.76508
668	7.77467	3.1130137	42.5217	6.869670	29.76891
669	7.77239	3.1130877	42.8035	6.869917	29.77151
670	7.77001	3.1131616	43.0971	6.870176	29.77420
671	7.76773	3.1131864	43.4060	6.870446	29.77627
672	7.76598	3.1132111	43.7090	6.870652	29.77790
673	7.76439	3.1132481	44.0058	6.870833	29.77951
674	7.76286	3.1133098	44.2965	6.870996	29.78135
675	7.76127	3.1133653	44.5994	6.871168	29.78316
676	7.75894	3.1135439	44.8839	6.871372	29.78692
677	7.75582	3.1137225	45.1839	6.871672	29.79134
678	7.75211	3.1139319	45.4899	6.872029	29.79659
679	7.74693	3.1143690	45.7926	6.872458	29.80552
680	7.74068	3.1146400	46.0955	6.873093	29.81359
681	7.73486	3.1149048	46.3985	6.873680	29.82124
682	7.72989	3.1150219	46.6891	6.874233	29.82660
683	7.72566	3.1151760	46.9739	6.874679	29.83173
684	7.72264	3.1153484	47.2524	6.874969	29.83602
685	7.71952	3.1155209	47.5643	6.875272	29.84038
686	7.71609	3.1158535	47.8732	6.875539	29.84671
687	7.71254	3.1161799	48.1732	6.875820	29.85307
688	7.70784	3.1166480	48.4760	6.876176	29.86193
689	7.70229	3.1169806	48.8272	6.876700	29.87006
690	7.69679	3.1173379	49.1299	6.877204	29.87842
691	7.69219	3.1175720	49.4299	6.877657	29.88472
692	7.68855	3.1177753	49.7237	6.878009	29.88987
693	7.68553	3.1178986	50.0204	6.878322	29.89363
694	7.68220	3.1181081	50.3234	6.878633	29.89858
695	7.67872	3.1183730	50.6200	6.878937	29.90425
696	7.67592	3.1184902	50.9199	6.879227	29.90777
697	7.67396	3.1186381	51.2074	6.879400	29.91089
698	7.67243	3.1186998	51.5135	6.879562	29.91272
699	7.67127	3.1188107	51.8104	6.879657	29.91477
700	7.67027	3.1188170	52.1132	6.879781	29.91557
701	7.66926	3.1190573	52.4190	6.879796	29.91884
702	7.66646	3.1194639	52.7069	6.879949	29.92544
703	7.66182	3.1199444	52.9914	6.880292	29.93440
704	7.65511	3.1206283	53.2912	6.880788	29.94729
705	7.64613	3.1212815	53.5789	6.881574	29.96182
706	7.63589	3.1217868	53.8879	6.882584	29.97586
707	7.62666	3.1221998	54.1907	6.883515	29.98807
708	7.61890	3.1226189	54.4934	6.884264	29.99907
709	7.61184	3.1228163	54.7811	6.885034	30.00713
710	7.60614	3.1230012	55.0721	6.885644	30.01388
711	7.60150	3.1230630	55.3871	6.886184	30.01841
712	7.59834	3.1231617	55.6868	6.886527	30.02205
713	7.59565	3.1232727	55.9775	6.886806	30.02543
714	7.59312	3.1233899	56.2710	6.887064	30.02873
715	7.59085	3.1233901	56.5772	6.887345	30.03055
716	7.58821	3.1235997	56.8770	6.887572	30.03493
717	7.58532	3.1237723	57.1556	6.887847	30.03914
718	7.58242	3.1238341	57.4583	6.888176	30.04217
719	7.57889	3.1238835	57.7583	6.888587	30.04561
720	7.57467	3.1239822	58.0550	6.889058	30.05018
721	7.57098	3.1240748	58.3516	6.889468	30.05422
722	7.56750	3.1240996	58.6637	6.889885	30.05735
723	7.56424	3.1241983	58.9633	6.890240	30.06109
724	7.56055	3.1244264	59.2542	6.890586	30.06658
725	7.55665	3.1245498	59.5479	6.891007	30.07113
726	7.55344	3.1245130	59.8356	6.891420	30.07339
727	7.55012	3.1245501	60.1355	6.891811	30.07653
728	7.54549	3.1247844	60.4231	6.892269	30.08290
729	7.53964	3.1249325	60.7048	6.892914	30.08941
730	7.53359	3.1252038	60.9893	6.893527	30.09742
731	7.52711	3.1253519	61.2770	6.894249	30.10448
732	7.52048	3.1254999	61.5800	6.894991	30.11167
733	7.51427	3.1256419	61.8709	6.895684	30.11843
734	7.50801	3.1257098	62.1552	6.896418	30.12446
735	7.50196	3.1258887	62.4491	6.897074	30.13148
736	7.49723	3.1259443	62.7430	6.897629	30.13605
737	7.49244	3.1260801	63.0277	6.898152	30.14152
738	7.48866	3.1260925	63.3123	6.898613	30.14482
739	7.48540	3.1261543	63.6061	6.898985	30.14818
740	7.48114	3.1262160	63.8938	6.899480	30.15240
741	7.47656	3.1263025	64.1842	6.900001	30.15717
742	7.47257	3.1263642	64.4720	6.900463	30.16117
743	7.46905	3.1263644	64.7508	6.900897	30.16411
744	7.46621	3.1263953	65.0593	6.901234	30.16677
745	7.46300	3.1263954	65.3502	6.901629	30.16943
746	7.45885	3.1264819	65.6288	6.902099	30.17383
747	7.45439	3.1265683	65.9195	6.902607	30.17851
748	7.45039	3.1265869	66.2226	6.903090	30.18204
749	7.44635	3.1266610	66.5130	6.903553	30.18622
750	7.44178	3.1267228	66.8008	6.904085	30.19073
751	7.43658	3.1267722	67.0823	6.904700	30.19566
752	7.43122	3.1268402	67.3642	6.905326	30.20092
753	7.42440	3.1269575	67.6487	6.906107	30.20799
754	7.41679	3.1271056	67.9484	6.906969	30.21606
755	7.40897	3.1272784	68.2361	6.907845	30.22460
756	7.40036	3.1274080	68.5480	6.908838	30.23334
757	7.38961	3.1273466	68.8964	6.910185	30.24191
758	7.37246	3.1274332	69.2264	6.912240	30.25765
759	7.34824	3.1277171	69.5171	6.915064	30.28170
760	7.32561	3.1280010	69.7958	6.917694	30.30440
761	7.30691	3.1281185	70.0863	6.919926	30.32189
762	7.28964	3.1283468	70.3863	6.921931	30.33933
763	7.27567	3.1283902	70.6768	6.923622	30.35191
764	7.26474	3.1284151	70.9675	6.924952	30.36163
765	7.25481	3.1283906	71.2584	6.926184	30.36996
766	7.24498	3.1284093	71.5703	6.927382	30.37865
767	7.23343	3.1282677	71.8550	6.928869	30.38714
768	7.22199	3.1282679	72.1638	6.930274	30.39706
769	7.21332	3.1282126	72.4545	6.931368	30.40396
770	7.20548	3.1281573	72.7573	6.932359	30.41011
771	7.19802	3.1281205	73.0481	6.933297	30.41616
772	7.19092	3.1281206	73.3295	6.934171	30.42228
773	7.18450	3.1281578	73.6202	6.934945	30.42820
774	7.17954	3.1281517	73.9108	6.935561	30.43237
775	7.17604	3.1281210	74.2077	6.936010	30.43498
776	7.17275	3.1280040	74.5074	6.936476	30.43649
777	7.16868	3.1278747	74.8042	6.937043	30.43854
778	7.16446	3.1278255	75.1040	6.937590	30.44160
779	7.15971	3.1277948	75.3947	6.938192	30.44532
780	7.15241	3.1275607	75.6883	6.939206	30.44911
781	7.14167	3.1274067	75.9972	6.940604	30.45678
782	7.12905	3.1277399	76.2789	6.941995	30.47137
783	7.11488	3.1277093	76.5757	6.943754	30.48342
784	7.10071	3.1276602	76.8635	6.945522	30.49527
785	7.08456	3.1276173	77.1572	6.947529	30.50894
786	7.06905	3.1276484	77.4449	6.949424	30.52287
787	7.05698	3.1275623	77.7384	6.950955	30.53249
788	7.04746	3.1275624	78.0292	6.952130	30.54079
789	7.03888	3.1271742	78.3289	6.953380	30.54406
790	7.02853	3.1261634	78.6349	6.955151	30.54216
791	7.01636	3.1250357	78.9980	6.957205	30.54059
792	7.00457	3.1249003	79.3130	6.958728	30.54943
793	6.99511	3.1249437	79.5916	6.959877	30.55816
794	6.98908	3.1249746	79.8704	6.960609	30.56371
795	6.98384	3.1247098	80.1579	6.961390	30.56537
796	6.97776	3.1246791	80.4577	6.962159	30.57030
797	6.97054	3.1245622	80.7574	6.963111	30.57530
798	6.96462	3.1245315	81.0420	6.963861	30.58009
799	6.95964	3.1244638	81.3236	6.964513	30.58366
800	6.95336	3.1241127	81.6297	6.965465	30.58530
801	6.94034	3.1234351	81.9353	6.967409	30.58939
802	6.92234	3.1228007	82.2198	6.969945	30.59838
803	6.90497	3.1225114	82.4983	6.972235	30.61056
804	6.89071	3.1224561	82.7861	6.974027	30.62252
805	6.87999	3.1222777	83.0982	6.975445	30.62999
806	6.87092	3.1221731	83.3948	6.976622	30.63679
807	6.86258	3.1219823	83.7036	6.977752	30.64201
808	6.85326	3.1217422	83.9973	6.979028	30.64758
809	6.84255	3.1214528	84.2880	6.980500	30.65385
810	6.83220	3.1212374	84.5816	6.981892	30.66061
811	6.82263	3.1210898	84.8724	6.983154	30.66742
812	6.81399	3.1210899	85.1570	6.984228	30.67500
813	6.80685	3.1210778	85.4447	6.985123	30.68111
814	6.80173	3.1209116	85.7536	6.985845	30.68373
815	6.79806	3.1209425	86.0322	6.986290	30.68722
816	6.79609	3.1211151	86.3197	6.986453	30.69072
817	6.79423	3.1210906	86.6133	6.986702	30.69199
818	6.79299	3.1210907	86.8979	6.986861	30.69297
819	6.79051	3.1211462	87.1916	6.987147	30.69566
820	6.78674	3.1213312	87.4826	6.987528	30.70091
821	6.78214	3.1210048	87.7853	6.988265	30.70133
822	6.76570	3.1185721	88.0759	6.991510	30.68941
823	6.72986	3.1168299	88.3697	6.996821	30.70235
824	6.68978	3.1162640	88.6545	7.002083	30.73195
825	6.65802	3.1148731	89.0116	7.006727	30.74508
826	6.62763	3.1127070	89.3627	7.011593	30.74853
827	6.58877	3.1123260	89.6535	7.016627	30.77914
828	6.55725	3.1122956	89.9321	7.020576	30.80704
829	6.53643	3.1117052	90.2318	7.023473	30.81919
830	6.52148	3.1113854	90.5104	7.025504	30.82903
831	6.50793	3.1111149	90.8193	7.027338	30.83814
832	6.49648	3.1109613	91.1219	7.028851	30.84665
833	6.48698	3.1104939	91.4125	7.030277	30.84996
834	6.47847	3.1102911	91.7214	7.031450	30.85528
835	6.47067	3.1101436	92.0213	7.032504	30.86057
836	6.46420	3.1097439	92.3060	7.033519	30.86188
837	6.45785	3.1095533	92.5934	7.034416	30.86541
838	6.45087	3.1094058	92.8931	7.035368	30.86995
839	6.44426	3.1089323	93.1781	7.036440	30.87060
840	6.43672	3.1086065	93.4746	7.037553	30.87369
841	6.42873	3.1084898	93.7744	7.038618	30.87950
842	6.42104	3.1078749	94.0590	7.039896	30.87956
843	6.41023	3.1066574	94.3557	7.041870	30.87582
844	6.39225	3.1054771	94.6613	7.044724	30.87896
845	6.36697	3.1046044	94.9492	7.048341	30.89212
846	6.34027	3.1036211	95.2397	7.052195	30.90535
847	6.30975	3.1019128	95.5153	7.056899	30.91408
848	6.27925	3.1013723	95.8151	7.061013	30.93566
849	6.25521	3.1005308	96.1178	7.064472	30.94808
850	6.23689	3.0999719	96.4206	7.067068	30.95842
851	6.21725	3.0987925	96.7022	7.070148	30.96312
852	6.19340	3.0983812	96.9897	7.073371	30.98016
853	6.17501	3.0980006	97.2804	7.075891	30.99257
854	6.15876	3.0973006	97.5648	7.078304	30.99950
855	6.14328	3.0969446	97.8649	7.080447	31.00954
856	6.13061	3.0967790	98.1585	7.082138	31.01913
857	6.12145	3.0967976	98.4431	7.083291	31.02757
858	6.11535	3.0966196	98.7244	7.084159	31.03104
859	6.11143	3.0960608	99.0485	7.084948	31.02827
860	6.10864	3.0958276	99.3815	7.085428	31.02809
861	6.10584	3.0958584	99.6873	7.085773	31.03084
862	6.10365	3.0959691	99.9720	7.085998	31.03393
863	6.10202	3.0960613	100.2474	7.086163	31.03631
864	6.10147	3.0958280	100.5502	7.086360	31.03410
865	6.10126	3.0957851	100.8439	7.086414	31.03367
866	6.10055	3.0956808	101.1377	7.086564	31.03303
867	6.09831	3.0953554	101.4223	7.087020	31.03133
868	6.09389	3.0951038	101.7249	7.087715	31.03244
869	6.08921	3.0946250	102.0215	7.088559	31.03126
870	6.08083	3.0938024	102.3304	7.090049	31.02966
871	6.06873	3.0936122	102.6274	7.091684	31.03847
872	6.05710	3.0933914	102.9180	7.093276	31.04652
873	6.04582	3.0925321	103.2117	7.095152	31.04716
874	6.02755	3.0911574	103.4931	7.098183	31.04848
875	6.00532	3.0905992	103.7898	7.101295	31.06249
876	5.98554	3.0903601	104.0865	7.103934	31.07783
877	5.96906	3.0899001	104.3741	7.106270	31.08768
878	5.95502	3.0894585	104.6740	7.108287	31.09551
879	5.94327	3.0891580	104.9615	7.109942	31.10282
880	5.93420	3.0887839	105.2671	7.111295	31.10683
881	5.92260	3.0877901	105.5521	7.113290	31.10628
882	5.90630	3.0867413	105.8517	7.115914	31.10943
883	5.89087	3.0865268	106.1513	7.117996	31.12108
884	5.87782	3.0864044	106.4389	7.119727	31.13159
885	5.86674	3.0859997	106.7146	7.121354	31.13713
886	5.85314	3.0849756	107.0082	7.123626	31.13808
887	5.83631	3.0839946	107.3110	7.126288	31.14248
888	5.81944	3.0834246	107.5956	7.128744	31.15153
889	5.80424	3.0830998	107.8983	7.130859	31.16177
890	5.79212	3.0828118	108.1827	7.132563	31.16959
891	5.78253	3.0826342	108.4829	7.133886	31.17631
892	5.77587	3.0825424	108.7733	7.134791	31.18129
893	5.76987	3.0821992	109.0883	7.135745	31.18284
894	5.76477	3.0819970	109.4088	7.136509	31.18513
895	5.76058	3.0817397	109.7026	7.137185	31.18598
896	5.75609	3.0813781	110.0114	7.137954	31.18593
897	5.75241	3.0811882	110.3022	7.138531	31.18707
898	5.74858	3.0810902	110.5899	7.139078	31.18937
899	5.74465	3.0810597	110.8744	7.139604	31.19253
900	5.74172	3.0809372	111.1526	7.140048	31.19373
901	5.73890	3.0803550	111.4526	7.140720	31.18967
902	5.73401	3.0798893	111.7554	7.141597	31.18883
903	5.72675	3.0794236	112.0581	7.142776	31.19018
904	5.71859	3.0789825	112.3457	7.144058	31.19265
905	5.71113	3.0788417	112.6424	7.145093	31.19782
906	5.70508	3.0786948	112.9240	7.145951	31.20163
907	5.70035	3.0786888	113.2299	7.146567	31.20580
908	5.69667	3.0785173	113.5053	7.147134	31.20714
909	5.69390	3.0782539	113.8050	7.147634	31.20661
910	5.69068	3.0780089	114.0927	7.148182	31.20671
911	5.68731	3.0777026	114.3950	7.148781	31.20625
912	5.68418	3.0775496	114.6920	7.149268	31.20728
913	5.68076	3.0775558	114.9705	7.149710	31.21039
914	5.67703	3.0772924	115.2582	7.150332	31.21074
915	5.67447	3.0771149	115.5547	7.150761	31.21099
916	5.67150	3.0769986	115.8513	7.151210	31.21229
917	5.66883	3.0767475	116.1391	7.151690	31.21180
918	5.66677	3.0767353	116.4177	7.151967	31.21344
919	5.66420	3.0766803	116.7053	7.152332	31.21507
920	5.66103	3.0765640	117.0019	7.152806	31.21656
921	5.65776	3.0763619	117.2956	7.153338	31.21718
922	5.65565	3.0763804	117.5832	7.153606	31.21920
923	5.65393	3.0763866	117.8647	7.153829	31.22072
924	5.65212	3.0763316	118.1524	7.154096	31.22165
925	5.65006	3.0761602	118.4399	7.154458	31.22150
926	5.64855	3.0761848	118.7244	7.154645	31.22303
927	5.64704	3.0758540	119.0363	7.155019	31.22057
928	5.64558	3.0753947	119.3633	7.155456	31.21661
929	5.64262	3.0754867	119.6632	7.155795	31.22025
930	5.63894	3.0754868	119.9567	7.156272	31.22351
931	5.63613	3.0752542	120.2505	7.156763	31.22337
932	5.63210	3.0749909	120.5260	7.157424	31.22401
933	5.62552	3.0744642	120.8133	7.158554	31.22406
934	5.61747	3.0739683	121.1039	7.159855	31.22580
935	5.61064	3.0738888	121.4008	7.160782	31.23110
936	5.60476	3.0738216	121.6944	7.161579	31.23566
937	5.60089	3.0737911	121.9911	7.162099	31.23876
938	5.59782	3.0738524	122.2695	7.162467	31.24216
939	5.59616	3.0737668	122.5571	7.162731	31.24260
940	5.59496	3.0736076	122.8448	7.162977	31.24179
941	5.59375	3.0735342	123.1444	7.163177	31.24194
942	5.59265	3.0735160	123.4410	7.163336	31.24262
943	5.59219	3.0733568	123.7316	7.163484	31.24111
944	5.59023	3.0730262	124.0102	7.163917	31.23908
945	5.58642	3.0728059	124.3162	7.164531	31.24000
946	5.58190	3.0725733	124.6159	7.165242	31.24144
947	5.57788	3.0724999	124.9004	7.165804	31.24420
948	5.57396	3.0723653	125.2028	7.166386	31.24618
949	5.56994	3.0721328	125.4788	7.167032	31.24716
950	5.56467	3.0719859	125.7723	7.167794	31.25026
951	5.55834	3.0717840	126.0476	7.168721	31.25373
952	5.55332	3.0716433	126.3292	7.169448	31.25667
953	5.54825	3.0713740	126.6260	7.170249	31.25821
954	5.54359	3.0712762	126.9077	7.170908	31.26131
955	5.53947	3.0710008	127.2070	7.171591	31.26189
956	5.53626	3.0709091	127.4859	7.172059	31.26370
957	5.53415	3.0707806	127.7885	7.172405	31.26407
958	5.53144	3.0704746	128.0641	7.172923	31.26301
959	5.52753	3.0702299	128.3698	7.173563	31.26374
960	5.52382	3.0701810	128.6786	7.174074	31.26650
961	5.52096	3.0700770	128.9691	7.174504	31.26784
962	5.51895	3.0698323	129.3230	7.174901	31.26678
963	5.51675	3.0698079	129.6319	7.175205	31.26841
964	5.51454	3.0698325	129.9500	7.175483	31.27059
965	5.51279	3.0698938	130.2192	7.175683	31.27278
966	5.51138	3.0697960	130.5009	7.175922	31.27285
967	5.51053	3.0697471	130.7917	7.176065	31.27295
968	5.50968	3.0697778	131.0700	7.176164	31.27396
969	5.50892	3.0697657	131.3452	7.176274	31.27439
970	5.50897	3.0697474	131.6453	7.176284	31.27399
971	5.50953	3.0696128	131.9358	7.176291	31.27182
972	5.50907	3.0695149	132.2355	7.176408	31.27100
973	5.50857	3.0695517	132.5320	7.176460	31.27174
974	5.50792	3.0695763	132.8228	7.176537	31.27248
975	5.50717	3.0696009	133.0983	7.176627	31.27332
976	5.50632	3.0695214	133.3737	7.176785	31.27309
977	5.50551	3.0693991	133.6644	7.176960	31.27232
978	5.50416	3.0692767	133.9579	7.177206	31.27206
979	5.50286	3.0692524	134.2546	7.177394	31.27285
980	5.50145	3.0692463	134.5451	7.177585	31.27395
981	5.50035	3.0691975	134.8569	7.177760	31.27428
982	5.49960	3.0691976	135.1447	7.177863	31.27484
983	5.49900	3.0691548	135.4443	7.177970	31.27477
984	5.49819	3.0691365	135.7350	7.178090	31.27518
985	5.49814	3.0691550	136.0074	7.178093	31.27530
986	5.49779	3.0690816	136.3132	7.178184	31.27465
987	5.49719	3.0689899	136.6067	7.178317	31.27404
988	5.49659	3.0689716	136.9095	7.178411	31.27425
989	5.49524	3.0688738	137.1970	7.178644	31.27427
990	5.49443	3.0688800	137.4726	7.178750	31.27495
991	5.49328	3.0688495	137.7512	7.178921	31.27554
992	5.49248	3.0687884	138.0535	7.179064	31.27546
993	5.49178	3.0687334	138.3320	7.179190	31.27536
994	5.49073	3.0685866	138.6350	7.179411	31.27454
995	5.48897	3.0685132	138.9375	7.179683	31.27520
996	5.48742	3.0682685	139.2556	7.180020	31.27373
997	5.48531	3.0681095	139.5794	7.180384	31.27374
998	5.48185	3.0680056	139.8914	7.180892	31.27564
999	5.47865	3.0679873	140.1818	7.181322	31.27827
1000	5.47624	3.0678895	140.4726	7.181691	31.27927
1001	5.47444	3.0678284	140.7478	7.181962	31.28013
1002	5.47294	3.0678652	141.0414	7.182143	31.28180
1003	5.47193	3.0678592	141.3441	7.182283	31.28252
1004	5.47108	3.0678042	141.6257	7.182428	31.28256
1005	5.47023	3.0677737	141.9223	7.182561	31.28286
1006	5.46948	3.0677738	142.2191	7.182665	31.28342
1007	5.46898	3.0677433	142.5064	7.182752	31.28341
1008	5.46858	3.0677128	142.7943	7.182827	31.28330
1009	5.46758	3.0676211	143.0758	7.183011	31.28306
1010	5.46667	3.0675416	143.3785	7.183177	31.28286
1011	5.46597	3.0674989	143.6750	7.183297	31.28289
1012	5.46482	3.0675112	143.9628	7.183445	31.28396
1013	5.46347	3.0674501	144.2592	7.183659	31.28439
1014	5.46247	3.0674380	144.5592	7.183802	31.28504
1015	5.46181	3.0674503	144.8557	7.183886	31.28564
1016	5.46101	3.0673770	145.1524	7.184035	31.28542
1017	5.45996	3.0673648	145.4488	7.184184	31.28612
1018	5.45881	3.0673466	145.7456	7.184349	31.28684
1019	5.45746	3.0671631	146.0301	7.184628	31.28590
1020	5.45580	3.0671938	146.3239	7.184832	31.28764
1021	5.45430	3.0670715	146.5991	7.185097	31.28753
1022	5.45210	3.0668451	146.8990	7.185509	31.28688
1023	5.44980	3.0667963	147.1926	7.185839	31.28833
1024	5.44739	3.0667536	147.4804	7.186179	31.28995
1025	5.44534	3.0667353	147.7496	7.186460	31.29153
1026	5.44384	3.0666987	148.0371	7.186680	31.29238
1027	5.44324	3.0667294	148.3188	7.186747	31.29315
1028	5.44309	3.0667356	148.5973	7.186770	31.29322
1029	5.44208	3.0665827	148.8817	7.186987	31.29229
1030	5.43898	3.0661484	149.1813	7.187626	31.29014
1031	5.43437	3.0659160	149.4992	7.188352	31.29165
1032	5.42992	3.0657509	149.8049	7.189023	31.29379
1033	5.42512	3.0656225	150.0954	7.189719	31.29668
1034	5.42101	3.0655370	150.3772	7.190301	31.29940
1035	5.41811	3.0655065	150.6493	7.190699	31.30163
1036	5.41596	3.0655066	150.9371	7.190984	31.30350
1037	5.41431	3.0655067	151.2337	7.191204	31.30489
1038	5.41361	3.0655068	151.5122	7.191301	31.30541
1039	5.41371	3.0656293	151.7848	7.191229	31.30657
1040	5.41371	3.0656844	152.0479	7.191205	31.30707
1041	5.41341	3.0657396	152.2811	7.191220	31.30786
1042	5.41341	3.0662414	152.4686	7.190957	31.31344
1043	5.41416	3.0677162	152.5717	7.190075	31.32935
1044	5.41696	3.0675326	152.5475	7.189810	31.32467
1045	5.42386	3.0678630	152.4932	7.188741	31.32199
1046	5.42902	3.0678997	152.4721	7.188054	31.31761
1047	5.43242	3.0678935	152.4935	7.187618	31.31436
1048	5.43277	3.0681567	152.5181	7.187434	31.31699
1049	5.43182	3.0689463	152.5030	7.187135	31.32680
1050	5.43092	3.0691116	152.4911	7.187163	31.32951
1051	5.43127	3.0693442	152.4852	7.186994	31.33182
1052	5.43317	3.0689401	152.4974	7.186964	31.32548
1053	5.43242	3.0692034	152.5034	7.186921	31.32914
1054	5.43147	3.0700543	152.5008	7.186590	31.33964
1055	5.43232	3.0704828	152.4916	7.186252	31.34369
1056	5.43217	3.0702992	152.4860	7.186369	31.34176
1057	5.43142	3.0701339	152.4951	7.186554	31.34059
1058	5.43072	3.0703910	152.4984	7.186508	31.34414
1059	5.43002	3.0709175	152.4954	7.186318	31.35074
1060	5.43042	3.0709481	152.4865	7.186249	31.35072
1061	5.43077	3.0707277	152.4925	7.186322	31.34790
1062	5.43037	3.0707155	152.4958	7.186380	31.34813
1063	5.42927	3.0712849	152.4869	7.186219	31.35560
1064	5.42897	3.0722034	152.4748	7.185768	31.36625
1065	5.42987	3.0722891	152.4479	7.185605	31.36639
1066	5.43137	3.0719584	152.4147	7.185587	31.36127
1067	5.43733	3.0717624	152.3633	7.184921	31.35353
1068	5.44839	3.0717133	152.2969	7.183518	31.34268
1069	5.46101	3.0716764	152.2184	7.181907	31.33054
1070	5.46838	3.0713150	152.1127	7.181147	31.31966
1071	5.47354	3.0711496	151.9826	7.180567	31.31305
1072	5.48065	3.0712658	151.8471	7.179584	31.30780
1073	5.48391	3.0714678	151.7016	7.179053	31.30711
1074	5.48281	3.0717066	151.5566	7.179065	31.31090
1075	5.48150	3.0719576	151.4083	7.179097	31.31501
1076	5.48125	3.0722270	151.2575	7.178983	31.31836
1077	5.48196	3.0725209	151.1182	7.178733	31.32108
1078	5.48276	3.0727597	150.9731	7.178499	31.32310
1079	5.48386	3.0727841	150.8282	7.178341	31.32242
1080	5.48476	3.0726003	150.6770	7.178319	31.31958
1081	5.48621	3.0723186	150.5320	7.178278	31.31512
1082	5.48897	3.0721103	150.3808	7.178030	31.31027
1083	5.49128	3.0719878	150.2263	7.177794	31.30682
1084	5.49348	3.0718775	150.0632	7.177565	31.30360
1085	5.49599	3.0718346	149.9121	7.177261	31.30086
1086	5.49734	3.0716753	149.7490	7.177168	31.29788
1087	5.49834	3.0714364	149.6008	7.177162	31.29433
1088	5.49799	3.0712650	149.4404	7.177294	31.29280
1089	5.49544	3.0710935	149.2651	7.177711	31.29333
1090	5.49233	3.0709098	149.0780	7.178205	31.29424
1091	5.49188	3.0710934	148.9056	7.178162	31.29681
1092	5.48817	3.0714669	148.7391	7.178438	31.30455
1093	5.48566	3.0713261	148.5788	7.178832	31.30537
1094	5.48356	3.0712954	148.4005	7.179116	31.30707
1095	5.48486	3.0710014	148.2283	7.179100	31.30263
1096	5.48787	3.0708605	148.0499	7.178783	31.29833
1097	5.49243	3.0706645	147.8747	7.178295	31.29196
1098	5.49549	3.0703338	147.6963	7.178073	31.28547
1099	5.49413	3.0703277	147.5117	7.178246	31.28675
1100	5.49283	3.0703644	147.3273	7.178391	31.28846
1101	5.48902	3.0703031	147.1488	7.178910	31.29140
1102	5.48536	3.0702358	146.9642	7.179414	31.29413
1103	5.48351	3.0701868	146.7830	7.179675	31.29539
1104	5.48221	3.0699908	146.5955	7.179943	31.29449
1105	5.48135	3.0698989	146.3991	7.180097	31.29434
1106	5.48336	3.0699540	146.2147	7.179805	31.29318
1107	5.48160	3.0699600	146.0178	7.180024	31.29498
1108	5.47684	3.0698682	145.8276	7.180682	31.29846
1109	5.47494	3.0697396	145.6218	7.180992	31.29888
1110	5.47384	3.0697212	145.4133	7.181139	31.29980
1111	5.47238	3.0697395	145.2076	7.181312	31.30146
1112	5.47264	3.0697211	145.0111	7.181285	31.30111
1113	5.47309	3.0697210	144.8056	7.181222	31.30079
1114	5.47404	3.0697699	144.5969	7.181069	31.30055
1115	5.47424	3.0697209	144.3911	7.181064	31.29991
1116	5.47434	3.0696474	144.1886	7.181086	31.29909
1117	5.47564	3.0696044	143.9829	7.180936	31.29749
1118	5.47614	3.0695799	143.7714	7.180880	31.29685
1119	5.47509	3.0695860	143.5717	7.181008	31.29799
1120	5.47349	3.0696961	143.3664	7.181151	31.30082
1121	5.47233	3.0696777	143.1514	7.181305	31.30179
1122	5.47243	3.0696348	142.9489	7.181310	31.30131
1123	5.47354	3.0696775	142.7341	7.181141	31.30087
1124	5.47464	3.0697509	142.5196	7.180955	31.30077
1125	5.47534	3.0697509	142.3168	7.180859	31.30022
1126	5.47579	3.0697692	142.1050	7.180787	31.30010
1127	5.47679	3.0698119	141.8936	7.180630	31.29975
1128	5.47775	3.0698670	141.6818	7.180473	31.29959
1129	5.47910	3.0698669	141.4582	7.180294	31.29844
1130	5.47985	3.0698974	141.2343	7.180175	31.29819
1131	5.48065	3.0699831	141.0198	7.180022	31.29851
1132	5.48160	3.0699830	140.8018	7.179894	31.29773
1133	5.48261	3.0699584	140.5871	7.179773	31.29662
1134	5.48416	3.0700134	140.3665	7.179538	31.29590
1135	5.48601	3.0705092	140.1458	7.179031	31.29987
1136	5.48727	3.0714092	139.9339	7.178386	31.30895
1137	5.48802	3.0715561	139.7103	7.178207	31.31002
1138	5.48772	3.0711825	139.4923	7.178439	31.30619
1139	5.48581	3.0703927	139.2777	7.179099	31.29916
1140	5.48211	3.0697988	139.0389	7.179888	31.29603
1141	5.47880	3.0690213	138.7967	7.180722	31.29046
1142	5.47624	3.0683296	138.5791	7.181414	31.28514
1143	5.47444	3.0681766	138.3674	7.181724	31.28519
1144	5.47329	3.0682683	138.1468	7.181819	31.28740
1145	5.47248	3.0684213	137.9321	7.181836	31.28998
1146	5.47168	3.0682070	137.7113	7.182048	31.28841
1147	5.47093	3.0680172	137.4903	7.182241	31.28708
1148	5.47043	3.0680049	137.2728	7.182308	31.28751
1149	5.47033	3.0679130	137.0521	7.182364	31.28667
1150	5.47088	3.0679864	136.8372	7.182249	31.28709
1151	5.47168	3.0679741	136.6225	7.182148	31.28631
1152	5.47243	3.0678945	136.4139	7.182088	31.28481
1153	5.47329	3.0679128	136.1990	7.181964	31.28433
1154	5.47404	3.0679249	135.9844	7.181855	31.28387
1155	5.47489	3.0678881	135.7637	7.181760	31.28276
1156	5.47594	3.0679125	135.5460	7.181606	31.28216
1157	5.47714	3.0679553	135.3343	7.181424	31.28163
1158	5.47815	3.0679430	135.1195	7.181296	31.28066
1159	5.47890	3.0679858	134.9017	7.181172	31.28055
1160	5.47975	3.0679735	134.6902	7.181063	31.27972
1161	5.48065	3.0679244	134.4664	7.180968	31.27843
1162	5.48150	3.0679121	134.2455	7.180860	31.27761
1163	5.48231	3.0679426	134.0427	7.180735	31.27730
1164	5.48301	3.0679242	133.8342	7.180650	31.27654
1165	5.48381	3.0680037	133.6163	7.180499	31.27680
1166	5.48446	3.0680465	133.3956	7.180388	31.27678
1167	5.48516	3.0681199	133.1811	7.180253	31.27706
1168	5.48561	3.0679851	132.9726	7.180262	31.27522
1169	5.48632	3.0679728	132.7576	7.180173	31.27453
1170	5.48722	3.0680584	132.5460	7.180007	31.27476
1171	5.48807	3.0680461	132.3189	7.179898	31.27393
1172	5.48892	3.0679726	132.1075	7.179822	31.27241
1173	5.48947	3.0679848	131.8986	7.179740	31.27214
1174	5.49032	3.0680031	131.6869	7.179616	31.27165
1175	5.49123	3.0680030	131.4695	7.179495	31.27092
1176	5.49193	3.0680152	131.2545	7.179393	31.27050
1177	5.49248	3.0680029	131.0461	7.179323	31.26995
1178	5.49298	3.0679844	130.8311	7.179264	31.26938
1179	5.49353	3.0679721	130.6255	7.179194	31.26883
1180	5.49413	3.0680149	130.4137	7.179089	31.26885
1181	5.49509	3.0680271	130.2051	7.178955	31.26820
1182	5.49569	3.0680270	129.9872	7.178873	31.26775
1183	5.49634	3.0680759	129.7695	7.178758	31.26780
1184	5.49684	3.0681187	129.5549	7.178666	31.26792
1185	5.49754	3.0680757	129.3401	7.178593	31.26688
1186	5.49814	3.0680267	129.1225	7.178537	31.26588
1187	5.49880	3.0680756	128.8927	7.178422	31.26593
1188	5.49935	3.0681184	128.6599	7.178323	31.26601
1189	5.50005	3.0680020	128.4418	7.178289	31.26415
1190	5.50060	3.0680142	128.2302	7.178207	31.26388
1191	5.50145	3.0680570	128.0123	7.178069	31.26367
1192	5.50256	3.0681364	127.8006	7.177880	31.26364
1193	5.50321	3.0680874	127.5829	7.177817	31.26259
1194	5.50356	3.0680751	127.3651	7.177773	31.26223
1195	5.50416	3.0680873	127.1503	7.177684	31.26191
1196	5.50466	3.0680872	126.9354	7.177615	31.26154
1197	5.50516	3.0681055	126.7238	7.177536	31.26139
1198	5.50566	3.0681177	126.5029	7.177460	31.26116
1199	5.50642	3.0681054	126.2945	7.177365	31.26042
1200	5.50702	3.0681175	126.0827	7.177276	31.26010
1201	5.50777	3.0681175	125.8680	7.177174	31.25951
1202	5.50867	3.0681358	125.6530	7.177043	31.25898
1203	5.50943	3.0681724	125.4383	7.176922	31.25879
1204	5.51003	3.0681662	125.2208	7.176843	31.25827
1205	5.51088	3.0682029	124.9999	7.176708	31.25799
1206	5.51228	3.0681967	124.7823	7.176526	31.25672
1207	5.51324	3.0682639	124.5703	7.176363	31.25670
1208	5.51434	3.0682332	124.3528	7.176232	31.25543
1209	5.51589	3.0682638	124.1347	7.176010	31.25443
1210	5.51700	3.0683188	123.9171	7.175834	31.25413
1211	5.51830	3.0683554	123.6994	7.175641	31.25344
1212	5.51956	3.0683798	123.4875	7.175462	31.25265
1213	5.52071	3.0683859	123.2700	7.175305	31.25175
1214	5.52221	3.0684042	123.0549	7.175097	31.25066
1215	5.52432	3.0684347	122.8345	7.174804	31.24915
1216	5.52698	3.0684774	122.6195	7.174434	31.24727
1217	5.52979	3.0685202	122.4018	7.174045	31.24524
1218	5.53330	3.0686303	122.1872	7.173529	31.24333
1219	5.53701	3.0687281	121.9692	7.172994	31.24108
1220	5.54017	3.0688688	121.7514	7.172507	31.23984
1221	5.54379	3.0689666	121.5307	7.171985	31.23769
1222	5.54805	3.0690767	121.3098	7.171372	31.23507
1223	5.55232	3.0692113	121.0982	7.170747	31.23273
1224	5.55563	3.0693091	120.8806	7.170264	31.23086
1225	5.55905	3.0694253	120.6655	7.169758	31.22911
1226	5.56211	3.0695415	120.4597	7.169298	31.22767
1227	5.56492	3.0695720	120.2361	7.168915	31.22551
1228	5.56728	3.0696699	120.0094	7.168554	31.22453
1229	5.56959	3.0697739	119.8004	7.168197	31.22366
1230	5.57145	3.0697922	119.5767	7.167943	31.22225
1231	5.57351	3.0698288	119.3711	7.167654	31.22085
1232	5.57567	3.0698899	119.1501	7.167339	31.21964
1233	5.57753	3.0699756	118.9414	7.167050	31.21898
1234	5.57958	3.0700367	118.7176	7.166748	31.21786
1235	5.58154	3.0699815	118.4937	7.166520	31.21554
1236	5.58330	3.0701773	118.2729	7.166185	31.21621
1237	5.58551	3.0703181	118.0582	7.165822	31.21585
1238	5.58838	3.0702690	117.8375	7.165475	31.21275
1239	5.59089	3.0702383	117.6227	7.165163	31.21018
1240	5.59360	3.0702566	117.4109	7.164800	31.20797
1241	5.59667	3.0702932	117.1901	7.164381	31.20565
1242	5.59933	3.0702870	116.9697	7.164037	31.20321
1243	5.60199	3.0703542	116.7575	7.163654	31.20160
1244	5.60405	3.0704093	116.5400	7.163356	31.20042
1245	5.60586	3.0704092	116.3283	7.163118	31.19884
1246	5.60767	3.0703540	116.1166	7.162910	31.19665
1247	5.60903	3.0703478	115.8986	7.162734	31.19543
1248	5.61064	3.0702926	115.6807	7.162551	31.19342
1249	5.61204	3.0703170	115.4601	7.162353	31.19250
1250	5.61335	3.0703537	115.2483	7.162161	31.19180
1251	5.61491	3.0703842	115.0367	7.161940	31.19080
1252	5.61672	3.0703780	114.8247	7.161705	31.18916
1253	5.61787	3.0703228	114.6099	7.161581	31.18757
1254	5.61883	3.0703166	114.3980	7.161457	31.18671
1255	5.61984	3.0703227	114.1834	7.161320	31.18595
1256	5.62089	3.0702553	113.9716	7.161215	31.18432
1257	5.62185	3.0702062	113.7538	7.161113	31.18299
1258	5.62230	3.0701511	113.5361	7.161079	31.18205
1259	5.62270	3.0701326	113.3213	7.161032	31.18158
1260	5.62340	3.0701203	113.1126	7.160944	31.18089
1261	5.62411	3.0702243	112.8949	7.160794	31.18151
1262	5.62506	3.0703222	112.6892	7.160615	31.18182
1263	5.62627	3.0703527	112.4682	7.160438	31.18115
1264	5.62743	3.0703771	112.2475	7.160272	31.18046
1265	5.62813	3.0703832	112.0297	7.160174	31.17998
1266	5.62858	3.0703770	111.8208	7.160114	31.17959
1267	5.62924	3.0701749	111.6031	7.160132	31.17682
1268	5.62949	3.0701014	111.3853	7.160133	31.17587
1269	5.62959	3.0702054	111.1827	7.160061	31.17704
1270	5.63034	3.0703216	110.9617	7.159898	31.17775
1271	5.63210	3.0702848	110.7470	7.159686	31.17581
1272	5.63316	3.0702358	110.5292	7.159572	31.17439
1273	5.63366	3.0703459	110.3144	7.159444	31.17526
1274	5.63432	3.0703826	110.0997	7.159336	31.17517
1275	5.63472	3.0703519	109.8940	7.159296	31.17455
1276	5.63517	3.0702845	109.6730	7.159268	31.17348
1277	5.63567	3.0702905	109.4553	7.159196	31.17319
1278	5.63668	3.0703456	109.2436	7.159033	31.17298
1279	5.63864	3.0704373	109.0257	7.158728	31.17229
1280	5.64080	3.0704984	108.8170	7.158413	31.17108
1281	5.64342	3.0704065	108.5991	7.158121	31.16773
1282	5.64543	3.0700330	108.3694	7.158054	31.16179
1283	5.64568	3.0702839	108.1514	7.157884	31.16448
1284	5.64729	3.0706144	107.9457	7.157499	31.16680
1285	5.64966	3.0705899	107.7340	7.157204	31.16443
1286	5.65051	3.0707000	107.5191	7.157031	31.16498
1287	5.65087	3.0709938	107.2953	7.156826	31.16806
1288	5.65388	3.0713611	107.0895	7.156240	31.16949
1289	5.65992	3.0714589	106.8749	7.155409	31.16511
1290	5.66521	3.0714221	106.6571	7.154745	31.15991
1291	5.66878	3.0714281	106.4361	7.154279	31.15678
1292	5.67240	3.0714525	106.2305	7.153796	31.15381
1293	5.67673	3.0713973	106.0126	7.153265	31.14929
1294	5.67980	3.0713666	105.8039	7.152882	31.14621
1295	5.68152	3.0713910	105.5771	7.152645	31.14501
1296	5.68277	3.0712501	105.3711	7.152553	31.14237
1297	5.68388	3.0709867	105.1536	7.152544	31.13849
1298	5.68388	3.0709622	104.9416	7.152552	31.13832
1299	5.68383	3.0707846	104.7360	7.152648	31.13647
1300	5.68378	3.0704661	104.5090	7.152816	31.13305
1301	5.68287	3.0703498	104.3064	7.152989	31.13268
1302	5.68222	3.0704048	104.0919	7.153040	31.13401
1303	5.68232	3.0702884	103.8768	7.153083	31.13271
1304	5.68242	3.0700680	103.6650	7.153181	31.13025
1305	5.68242	3.0700556	103.4502	7.153183	31.13021
1306	5.68252	3.0702025	103.2386	7.153088	31.13186
1307	5.68287	3.0702208	103.0209	7.153029	31.13185
1308	5.68368	3.0705513	102.8029	7.152747	31.13491
1309	5.68564	3.0708329	102.5941	7.152342	31.13636
1310	5.68887	3.0709001	102.3761	7.151888	31.13424
1311	5.69189	3.0711939	102.1551	7.151342	31.13485
1312	5.69642	3.0716041	101.9467	7.150540	31.13536
1313	5.70801	3.0718611	101.7197	7.148915	31.12766
1314	5.72287	3.0722466	101.5050	7.146802	31.11837
1315	5.73840	3.0728527	101.2994	7.144491	31.11094
1316	5.74908	3.0732016	101.0785	7.142934	31.10510
1317	5.75912	3.0732320	100.8605	7.141629	31.09630
1318	5.76835	3.0734646	100.6486	7.140321	31.09051
1319	5.77991	3.0734767	100.4339	7.138831	31.08011
1320	5.78960	3.0733785	100.2222	7.137638	31.07020
1321	5.79530	3.0732620	100.0075	7.136964	31.06375
1322	5.79798	3.0727353	99.7897	7.136893	31.05551
1323	5.79692	3.0723004	99.5718	7.137251	31.05172
1324	5.79237	3.0719391	99.3508	7.138016	31.05197
1325	5.78692	3.0717187	99.1362	7.138824	31.05461
1326	5.78349	3.0717554	98.9183	7.139239	31.05828
1327	5.78304	3.0720676	98.7065	7.139129	31.06229
1328	5.78596	3.0723859	98.4886	7.138583	31.06326
1329	5.79318	3.0721225	98.2708	7.137793	31.05378
1330	5.79939	3.0725020	98.0501	7.136795	31.05242
1331	5.80459	3.0737819	97.8381	7.135457	31.06205
1332	5.81100	3.0747495	97.6354	7.134128	31.06706
1333	5.81868	3.0748045	97.4267	7.133113	31.06072
1334	5.82646	3.0747370	97.2087	7.132149	31.05292
1335	5.83485	3.0746327	96.9880	7.131127	31.04416
1336	5.84440	3.0748592	96.7792	7.129785	31.03802
1337	5.86108	3.0751224	96.5583	7.127513	31.02575
1338	5.88379	3.0753855	96.3436	7.124473	31.00797
1339	5.90433	3.0757957	96.1257	7.121635	30.99382
1340	5.91977	3.0761140	95.9169	7.119497	30.98333
1341	5.92934	3.0759668	95.7020	7.118349	30.97304
1342	5.93481	3.0762057	95.4875	7.117523	30.97080
1343	5.94073	3.0767386	95.2694	7.116487	30.97141
1344	5.95107	3.0769345	95.0547	7.115065	30.96425
1345	5.95989	3.0770507	94.8399	7.113877	30.95758
1346	5.96592	3.0774182	94.6310	7.112914	30.95626
1347	5.97170	3.0774610	94.4132	7.112152	30.95156
1348	5.97509	3.0773874	94.2073	7.111753	30.94773
1349	5.97646	3.0770809	93.9806	7.111733	30.94318
1350	5.97697	3.0767255	93.7626	7.111847	30.93887
1351	5.97672	3.0768296	93.5480	7.111821	30.94036
1352	5.97753	3.0771972	93.3300	7.111523	30.94381
1353	5.98092	3.0776321	93.1062	7.110861	30.94565
1354	5.98412	3.0778955	92.8819	7.110313	30.94576
1355	5.98594	3.0789495	92.6706	7.109532	30.95591
1356	5.99046	3.0793600	92.4588	7.108741	30.95645
1357	5.99943	3.0783609	92.2287	7.108110	30.93726
1358	6.00238	3.0788327	92.0110	7.107488	30.93992
1359	6.00628	3.0793290	91.7900	7.106730	30.94197
1360	6.01800	3.0794698	91.5780	7.105163	30.93294
1361	6.02912	3.0798190	91.3602	7.103566	30.92679
1362	6.03983	3.0799414	91.1485	7.102138	30.91848
1363	6.04877	3.0798493	90.9273	7.101045	30.90942
1364	6.05309	3.0805909	90.7094	7.100110	30.91382
1365	6.05994	3.0811976	90.5007	7.098923	30.91440
1366	6.07107	3.0810503	90.2861	7.097582	30.90273
1367	6.08138	3.0814609	90.0771	7.096058	30.89799
1368	6.09674	3.0821596	89.8565	7.093747	30.89187
1369	6.11799	3.0825640	89.6417	7.090841	30.87712
1370	6.13763	3.0825085	89.4297	7.088377	30.85876
1371	6.15153	3.0819136	89.2181	7.086917	30.83966
1372	6.15448	3.0818951	89.0032	7.086548	30.83687
1373	6.15514	3.0819870	88.7945	7.086413	30.83739
1374	6.16222	3.0818520	88.5766	7.085581	30.82957
1375	6.17521	3.0813123	88.3646	7.084209	30.81193
1376	6.18407	3.0786152	88.1135	7.084461	30.77420
1377	6.17821	3.0801719	87.8745	7.084401	30.79682
1378	6.16630	3.0854083	87.6718	7.083226	30.86564
1379	6.18025	3.0863957	87.4568	7.080951	30.86399
1380	6.19370	3.0834761	87.2449	7.080739	30.81961
1381	6.20237	3.0840340	87.0242	7.079353	30.81803
1382	6.22205	3.0856222	86.8125	7.076051	30.81785
1383	6.24653	3.0840334	86.5977	7.073764	30.77825
1384	6.26092	3.0828743	86.3858	7.072533	30.75255
1385	6.26582	3.0825369	86.1618	7.072081	30.74451
1386	6.26950	3.0835915	85.9500	7.071075	30.75292
1387	6.27874	3.0836404	85.7292	7.069879	30.74521
1388	6.29212	3.0831496	85.5173	7.068436	30.72783
1389	6.30060	3.0831188	85.3054	7.067377	30.71994
1390	6.30663	3.0831493	85.0874	7.066596	30.71494
1391	6.31292	3.0827997	84.8758	7.065976	30.70552
1392	6.31823	3.0834864	84.6518	7.064953	30.70840
1393	6.32534	3.0844367	84.4432	7.063570	30.71256
1394	6.33699	3.0852584	84.2434	7.061680	30.71119
1395	6.34896	3.0860495	84.0314	7.059767	30.70922
1396	6.35981	3.0868713	83.8259	7.057981	30.70859
1397	6.37398	3.0873189	83.6109	7.055966	30.70085
1398	6.39743	3.0874843	83.4083	7.052928	30.68167
1399	6.41694	3.0874533	83.1934	7.050486	30.66389
1400	6.43083	3.0871034	82.9753	7.048912	30.64767
1401	6.44087	3.0871033	82.7636	7.047645	30.63875
1402	6.45072	3.0873976	82.5518	7.046256	30.63325
1403	6.46297	3.0876305	82.3372	7.044595	30.62492
1404	6.47477	3.0872745	82.1282	7.043288	30.61053
1405	6.48206	3.0871946	81.9193	7.042410	30.60323
1406	6.48550	3.0866608	81.7047	7.042242	30.59440
1407	6.48657	3.0860167	81.4955	7.042426	30.58647
1408	6.48534	3.0849371	81.2931	7.043120	30.57583
1409	6.48139	3.0842318	81.0842	7.043966	30.57173
1410	6.47559	3.0832629	80.8662	7.045178	30.56639
1411	6.46877	3.0830238	80.6574	7.046151	30.56997
1412	6.46297	3.0826804	80.4547	7.047048	30.57149
1413	6.45882	3.0819692	80.2457	7.047924	30.56750
1414	6.45487	3.0821531	80.0309	7.048324	30.57315
1415	6.45251	3.0820672	79.8220	7.048659	30.57441
1416	6.45226	3.0817545	79.6075	7.048844	30.57131
1417	6.45200	3.0821529	79.3955	7.048671	30.57601
1418	6.45390	3.0827108	79.1836	7.048147	30.58053
1419	6.45902	3.0831460	78.9688	7.047279	30.58081
1420	6.46631	3.0856357	78.7509	7.045105	30.60169
1421	6.47857	3.0882428	78.5392	7.042249	30.61939
1422	6.50166	3.0907094	78.3272	7.038107	30.62583
1423	6.53648	3.0881869	78.1063	7.035004	30.56715
1424	6.55262	3.0857082	77.8702	7.034219	30.52572
1425	6.56378	3.0914696	77.6524	7.029931	30.57888
1426	6.59201	3.0930715	77.4529	7.025593	30.57126
1427	6.60699	3.0912052	77.2440	7.024649	30.53760
1428	6.60518	3.0934642	77.0262	7.023741	30.56399
1429	6.62593	3.0942191	76.8081	7.020767	30.55382
1430	6.65637	3.0941082	76.5960	7.017017	30.52557
1431	6.67658	3.0950474	76.3751	7.014023	30.51793
1432	6.69792	3.0962692	76.1573	7.010748	30.51234
1433	6.72238	3.0966067	75.9456	7.007529	30.49437
1434	6.74122	3.0958142	75.7426	7.005571	30.46909
1435	6.75041	3.0959860	75.5249	7.004336	30.46290
1436	6.75625	3.0971037	75.3219	7.003052	30.46997
1437	6.76953	3.0968394	75.1042	7.001526	30.45542
1438	6.77888	3.0961391	74.8955	7.000704	30.43960
1439	6.78053	3.0973428	74.6804	6.999898	30.45132
1440	6.78880	3.0976314	74.4656	6.998723	30.44722
1441	6.79945	3.0977233	74.2507	6.997349	30.43888
1442	6.80711	3.0978706	74.0359	6.996320	30.43379
1443	6.81895	3.0981899	73.8180	6.994686	30.42687
1444	6.83070	3.0992525	73.6062	6.992698	30.42811
1445	6.84348	3.1000203	73.3942	6.990727	30.42522
1446	6.85337	3.0990617	73.1765	6.989968	30.40617
1447	6.85399	3.0973661	72.9555	6.990722	30.38732
1448	6.84736	3.0956034	72.7345	6.992410	30.37415
1449	6.83805	3.0962974	72.5257	6.993221	30.39001
1450	6.83416	3.0959903	72.3106	6.993850	30.39021
1451	6.83427	3.0945472	72.1020	6.994545	30.37454
1452	6.83266	3.0935647	71.8931	6.995225	30.36539
1453	6.82883	3.0930797	71.6813	6.995936	30.36361
1454	6.82506	3.0933436	71.4665	6.996271	30.36991
1455	6.82397	3.0955848	71.2515	6.995296	30.39530
1456	6.83230	3.0986927	71.0367	6.992722	30.42177
1457	6.85321	3.0997491	70.8186	6.989600	30.41483
1458	6.87533	3.1005476	70.6007	6.986459	30.40403
1459	6.89932	3.1028151	70.3952	6.982365	30.40750
1460	6.92457	3.1043147	70.1831	6.978497	30.40153
1461	6.93862	3.1044067	69.9682	6.976707	30.39021
1462	6.94729	3.1049660	69.7442	6.975356	30.38872
1463	6.96104	3.1051994	69.5415	6.973537	30.37920
1464	6.97444	3.1049656	69.3297	6.971991	30.36496
1465	6.98160	3.1048487	69.1179	6.971158	30.35747
1466	6.98986	3.1033116	68.9091	6.970884	30.33367
1467	6.99147	3.1031271	68.7000	6.970771	30.33035
1468	6.98867	3.1019593	68.4854	6.971685	30.32030
1469	6.98540	3.1018118	68.2735	6.972158	30.32168
1470	6.98275	3.0996487	68.0557	6.973540	30.30072
1471	6.97838	3.0964850	67.8224	6.975624	30.27046
1472	6.97293	3.0999866	67.6167	6.974580	30.31320
1473	6.98482	3.1012830	67.3988	6.972470	30.31685
1474	6.99719	3.0980141	67.1900	6.972535	30.27075
1475	6.99646	3.0979096	66.9657	6.972671	30.27036
1476	6.99875	3.0995130	66.7600	6.971600	30.28577
1477	7.00748	3.0990152	66.5451	6.970759	30.27281
1478	7.01496	3.0965088	66.3302	6.971054	30.23927
1479	7.01486	3.0960419	66.1095	6.971291	30.23442
1480	7.01163	3.0961893	65.8912	6.971613	30.23894
1481	7.00976	3.0955813	65.6795	6.972137	30.23410
1482	7.00810	3.0969815	65.4706	6.971655	30.25078
1483	7.00935	3.0979827	65.2559	6.971007	30.26060
1484	7.01454	3.0990884	65.0470	6.969819	30.26807
1485	7.02099	3.1013064	64.8379	6.967934	30.28646
1486	7.03113	3.1015459	64.6232	6.966560	30.28023
1487	7.03986	3.1008268	64.4050	6.965827	30.26490
1488	7.04194	3.1006915	64.1932	6.965632	30.26170
1489	7.04309	3.0987499	63.9693	6.966434	30.23985
1490	7.04023	3.0986822	63.7545	6.966816	30.24172
1491	7.03851	3.0997205	63.5428	6.966517	30.25453
1492	7.04907	3.0983626	63.3216	6.965870	30.23071
1493	7.05750	3.0974103	63.1160	6.965289	30.21315
1494	7.05792	3.0981596	62.8949	6.964867	30.22096
1495	7.06275	3.0976005	62.6859	6.964538	30.21079
1496	7.06910	3.0969432	62.4650	6.964069	30.19824
1497	7.07171	3.0973362	62.2560	6.963552	30.20029
1498	7.07483	3.0983066	62.0379	6.962689	30.20812
1499	7.08368	3.0976308	61.8264	6.961921	30.19318
1500	7.09076	3.0971577	61.6144	6.961272	30.18198
1501	7.09331	3.0977165	61.3936	6.960681	30.18587
1502	7.09737	3.0972435	61.1877	6.960405	30.17731
1503	7.10123	3.0965677	60.9636	6.960253	30.16676
1504	7.10227	3.0972187	60.7489	6.959804	30.17296
1505	7.10420	3.0999217	60.5398	6.958247	30.20049
1506	7.11347	3.0998908	60.3250	6.957114	30.19214
1507	7.12009	3.0991780	60.1161	6.956640	30.17877
1508	7.11931	3.0991595	59.9041	6.956741	30.17935
1509	7.11905	3.0997738	59.6891	6.956470	30.18629
1510	7.12467	3.1012608	59.4774	6.955050	30.19747
1511	7.14401	3.1026003	59.2685	6.952011	30.19507
1512	7.16978	3.1039585	59.0565	6.948176	30.18726
1513	7.19368	3.1048066	58.8480	6.944820	30.17560
1514	7.21159	3.1055810	58.6328	6.942239	30.16839
1515	7.23029	3.1066384	58.4176	6.939425	30.16353
1516	7.25172	3.1070440	58.2120	6.936593	30.14930
1517	7.26736	3.1073759	57.9942	6.934510	30.13933
1518	7.27886	3.1069944	57.7792	6.933277	30.12532
1519	7.28127	3.1094115	57.5764	6.931814	30.14923
1520	7.29352	3.1103279	57.3583	6.929867	30.14849
1521	7.30880	3.1101247	57.1494	6.928088	30.13311
1522	7.31770	3.1105060	56.9315	6.926810	30.12954
1523	7.32524	3.1116318	56.7199	6.925341	30.13514
1524	7.33802	3.1119823	56.5075	6.923604	30.12787
1525	7.35217	3.1120621	56.2929	6.921830	30.11652
1526	7.36569	3.1127819	56.0779	6.919826	30.11257
1527	7.38121	3.1128125	55.8627	6.917909	30.09951
1528	7.39517	3.1125476	55.6571	6.916326	30.08467
1529	7.40493	3.1118460	55.4513	6.915465	30.06880
1530	7.41117	3.1114213	55.2364	6.914900	30.05894
1531	7.41605	3.1113042	55.0274	6.914356	30.05355
1532	7.41978	3.1111565	54.8184	6.913967	30.04884
1533	7.42314	3.1111564	54.6007	6.913552	30.04602
1534	7.42760	3.1121039	54.3947	6.912550	30.05237
1535	7.43548	3.1119376	54.1829	6.911663	30.04387
1536	7.44262	3.1123374	53.9679	6.910596	30.04205
1537	7.45139	3.1128727	53.7619	6.909265	30.04026
1538	7.46138	3.1123433	53.5532	6.908295	30.02607
1539	7.46900	3.1115986	53.3411	6.907716	30.01163
1540	7.47336	3.1113646	53.1262	6.907291	30.00546
1541	7.47783	3.1114384	52.9176	6.906707	30.00247
1542	7.48229	3.1118321	52.7087	6.905970	30.00290
1543	7.48771	3.1120719	52.4875	6.905190	30.00088
1544	7.49407	3.1124349	52.2787	6.904238	29.99935
1545	7.50181	3.1136656	52.0761	6.902705	30.00587
1546	7.50985	3.1141393	51.8639	6.901495	30.00407
1547	7.51464	3.1131914	51.6580	6.901358	29.98992
1548	7.51122	3.1127483	51.4491	6.901981	29.98825
1549	7.50959	3.1131667	51.2372	6.901977	29.99420
1550	7.51454	3.1131912	51.0193	6.901358	29.99029
1551	7.52264	3.1139973	50.8194	6.899984	29.99197
1552	7.53248	3.1144342	50.6047	6.898573	29.98823
1553	7.54217	3.1144648	50.3986	6.897375	29.98029
1554	7.55002	3.1146493	50.1960	6.896328	29.97558
1555	7.55623	3.1144091	49.9870	6.895681	29.96775
1556	7.56134	3.1147907	49.7841	6.894875	29.96750
1557	7.56671	3.1149629	49.5844	6.894135	29.96479
1558	7.57235	3.1146427	49.3664	6.893597	29.95662
1559	7.57725	3.1142610	49.1545	6.893177	29.94843
1560	7.58120	3.1141070	48.9485	6.892765	29.94348
1561	7.58463	3.1138668	48.7334	6.892458	29.93808
1562	7.58711	3.1137252	48.5246	6.892220	29.93453
1563	7.58974	3.1138113	48.3097	6.891854	29.93327
1564	7.59238	3.1133373	48.1038	6.891754	29.92606
1565	7.59280	3.1126602	47.8919	6.892019	29.91859
1566	7.59386	3.1138418	47.6830	6.891327	29.93033
1567	7.59886	3.1139956	47.4681	6.890641	29.92775
1568	7.60430	3.1133677	47.2560	6.890274	29.91650
1569	7.60883	3.1132814	47.0441	6.889759	29.91178
1570	7.61289	3.1130597	46.8444	6.889366	29.90602
1571	7.61743	3.1127211	46.6355	6.888971	29.89862
1572	7.62228	3.1123026	46.4266	6.888574	29.89010
1573	7.62724	3.1122471	46.2298	6.887994	29.88533
1574	7.63109	3.1124931	46.0118	6.887405	29.88474
1575	7.63436	3.1118900	45.8088	6.887288	29.87561
1576	7.63690	3.1118591	45.5968	6.886991	29.87320
1577	7.64028	3.1118098	45.3913	6.886600	29.86987
1578	7.64386	3.1109114	45.1792	6.886583	29.85735
1579	7.64708	3.1104683	44.9673	6.886397	29.84998
1580	7.65073	3.1103698	44.7552	6.885997	29.84590
1581	7.65458	3.1101728	44.5406	6.885617	29.84061
1582	7.65817	3.1098220	44.3375	6.885342	29.83390
1583	7.66108	3.1100926	44.1256	6.884858	29.83437
1584	7.66546	3.1100556	43.9076	6.884338	29.83032
1585	7.66921	3.1097048	43.7047	6.884044	29.82348
1586	7.67138	3.1095633	43.4929	6.883843	29.82021
1587	7.67449	3.1099077	43.2748	6.883298	29.82129
1588	7.67766	3.1097907	43.0719	6.882964	29.81743
1589	7.68125	3.1096245	42.8660	6.882602	29.81268
1590	7.68559	3.1092614	42.6480	6.882243	29.80522
1591	7.69003	3.1091998	42.4453	6.881729	29.80086
1592	7.69372	3.1087507	42.2303	6.881487	29.79303
1593	7.69679	3.1085230	42.0123	6.881217	29.78809
1594	7.69991	3.1082830	41.8062	6.880948	29.78297
1595	7.70329	3.1081046	41.5943	6.880617	29.77828
1596	7.70652	3.1083444	41.3856	6.880108	29.77816
1597	7.70974	3.1080798	41.1644	6.879837	29.77270
1598	7.71323	3.1083749	40.9616	6.879270	29.77293
1599	7.71799	3.1081595	40.7406	6.878789	29.76668
1600	7.72143	3.1081963	40.5194	6.878350	29.76423
1601	7.72524	3.1081962	40.3230	6.877884	29.76107
1602	7.72941	3.1079070	40.1017	6.877509	29.75454
1603	7.73354	3.1077839	39.8928	6.877062	29.74980
1604	7.73709	3.1078084	39.6867	6.876616	29.74713
1605	7.73973	3.1074393	39.4690	6.876464	29.74106
1606	7.74174	3.1076361	39.2599	6.876124	29.74152
1607	7.74539	3.1073961	39.0632	6.875790	29.73595
1608	7.74867	3.1074698	38.8511	6.875353	29.73402
1609	7.75238	3.1073406	38.6483	6.874960	29.72959
1610	7.75529	3.1071006	38.4426	6.874716	29.72466
1611	7.75794	3.1071928	38.2306	6.874347	29.72347
1612	7.75921	3.1070144	38.0035	6.874272	29.72060
1613	7.75629	3.1071004	37.7976	6.874581	29.72408
1614	7.75603	3.1070942	37.5823	6.874612	29.72433
1615	7.75143	3.1060673	37.3614	6.875649	29.71748
1616	7.74915	3.1053909	37.1556	6.876239	29.71236
1617	7.75190	3.1050403	36.9317	6.876065	29.70640
1618	7.75571	3.1053292	36.7256	6.875463	29.70630
1619	7.76079	3.1049786	36.5076	6.875007	29.69836
1620	7.76503	3.1050400	36.2986	6.874460	29.69549
1621	7.76900	3.1051505	36.0895	6.873922	29.69337
1622	7.77228	3.1045664	35.8808	6.873794	29.68449
1623	7.77483	3.1047938	35.6689	6.873375	29.68483
1624	7.77753	3.1045908	35.4628	6.873138	29.68047
1625	7.77975	3.1041235	35.2481	6.873083	29.67373
1626	7.78171	3.1037976	35.0359	6.872994	29.66872
1627	7.78335	3.1039450	34.8239	6.872722	29.66897
1628	7.78648	3.1037974	34.6089	6.872408	29.66485
1629	7.78881	3.1034224	34.4031	6.872297	29.65899
1630	7.79087	3.1036497	34.2033	6.871936	29.65972
1631	7.79506	3.1032378	33.9973	6.871617	29.65190
1632	7.79898	3.1025800	33.7943	6.871446	29.64171
1633	7.80243	3.1021189	33.5793	6.871240	29.63401
1634	7.80545	3.1016456	33.3736	6.871091	29.62654
1635	7.80852	3.1011477	33.1646	6.870947	29.61876
1636	7.81191	3.1006130	32.9526	6.870782	29.61033
1637	7.81621	3.1001152	32.7376	6.870490	29.60153
1638	7.81970	3.0995682	32.5256	6.870317	29.59288
1639	7.82283	3.0989660	32.3227	6.870215	29.58396
1640	7.82511	3.0981734	32.1078	6.870305	29.57376
1641	7.82580	3.0976389	31.9049	6.870468	29.56762
1642	7.82639	3.0971106	31.6930	6.870640	29.56164
1643	7.82729	3.0971413	31.4930	6.870513	29.56129
1644	7.82989	3.0967727	31.2963	6.870366	29.55528
1645	7.83217	3.0964348	31.0841	6.870243	29.54988
1646	7.83466	3.0962013	30.8813	6.870046	29.54540
1647	7.83646	3.0956546	30.6785	6.870079	29.53819
1648	7.83784	3.0956730	30.4665	6.869899	29.53731
1649	7.83933	3.0954334	30.2636	6.869827	29.53361
1650	7.84044	3.0950526	30.0518	6.869866	29.52875
1651	7.84123	3.0947578	29.8459	6.869903	29.52505
1652	7.84187	3.0943831	29.6399	6.869997	29.52065
1653	7.84187	3.0941989	29.4308	6.870079	29.51880
1654	7.84203	3.0937322	29.2219	6.870274	29.51383
1655	7.84150	3.0933269	29.0100	6.870524	29.51010
1656	7.84028	3.0927314	28.7919	6.870946	29.50494
1657	7.83938	3.0927313	28.5862	6.871052	29.50579
1658	7.83885	3.0924304	28.3771	6.871253	29.50315
1659	7.83768	3.0919086	28.1650	6.871635	29.49873
1660	7.83673	3.0926759	27.9441	6.871388	29.50772
1661	7.83445	3.0933266	27.6986	6.871356	29.51662
1662	7.83174	3.0913499	27.4776	6.872605	29.49814
1663	7.82930	3.0913130	27.2746	6.872914	29.49990
1664	7.82612	3.0904415	27.0597	6.873705	29.49349
1665	7.82803	3.0900609	26.8480	6.873647	29.48795
1666	7.83073	3.0901344	26.6389	6.873280	29.48653
1667	7.83370	3.0897968	26.4208	6.873072	29.48056
1668	7.83614	3.0897415	26.2119	6.872798	29.47801
1669	7.83826	3.0893916	25.9969	6.872700	29.47262
1670	7.83986	3.0888884	25.7848	6.872737	29.46606
1671	7.84198	3.0886797	25.5789	6.872573	29.46216
1672	7.84505	3.0882992	25.3699	6.872373	29.45564
1673	7.84850	3.0879800	25.1610	6.872099	29.44946
1674	7.85227	3.0876302	24.9518	6.871801	29.44269
1675	7.85582	3.0872743	24.7427	6.871531	29.43603
1676	7.85933	3.0868632	24.5339	6.871294	29.42883
1677	7.86203	3.0864827	24.3192	6.871138	29.42264
1678	7.86405	3.0863354	24.1223	6.870958	29.41947
1679	7.86660	3.0858937	23.8982	6.870851	29.41277
1680	7.86909	3.0856667	23.6832	6.870650	29.40837
1681	7.87127	3.0853415	23.4801	6.870533	29.40320
1682	7.87339	3.0850593	23.2621	6.870403	29.39853
1683	7.87504	3.0847832	23.0502	6.870327	29.39433
1684	7.87674	3.0849610	22.8502	6.870034	29.39486
1685	7.87844	3.0844396	22.6414	6.870067	29.38803
1686	7.87891	3.0842004	22.4323	6.870117	29.38520
1687	7.87950	3.0844088	22.2232	6.869945	29.38699
1688	7.88024	3.0839979	22.0172	6.870042	29.38213
1689	7.88045	3.0840530	21.8084	6.869987	29.38262
1690	7.88167	3.0837034	21.6024	6.869997	29.37800
1691	7.88300	3.0834396	21.3846	6.869955	29.37420
1692	7.88481	3.0838197	21.1875	6.869554	29.37677
1693	7.88720	3.0833904	20.9726	6.869460	29.37033
1694	7.88858	3.0830286	20.7666	6.869457	29.36545
1695	7.88911	3.0826790	20.5576	6.869552	29.36141
1696	7.88922	3.0822681	20.3429	6.869727	29.35709
1697	7.89049	3.0820351	20.1276	6.869676	29.35366
1698	7.89320	3.0818449	19.9186	6.869432	29.34947
1699	7.89575	3.0814770	19.7127	6.869290	29.34355
1700	7.89798	3.0810723	19.5098	6.869203	29.33750
1701	7.89994	3.0810968	19.3069	6.868949	29.33620
1702	7.90218	3.0808944	19.0920	6.868768	29.33229
1703	7.90409	3.0807656	18.8797	6.868592	29.32942
1704	7.90552	3.0804284	18.6800	6.868571	29.32475
1705	7.90616	3.0799931	18.4679	6.868692	29.31973
1706	7.90605	3.0796682	18.2710	6.868853	29.31648
1707	7.90547	3.0789940	18.0592	6.869234	29.30997
1708	7.90430	3.0784240	17.8592	6.869638	29.30504
1709	7.90324	3.0779398	17.6352	6.869989	29.30093
1710	7.90074	3.0770329	17.4202	6.870711	29.29357
1711	7.89978	3.0761628	17.2111	6.871229	29.28531
1712	7.89888	3.0756359	16.9991	6.871581	29.28061
1713	7.89920	3.0748456	16.7901	6.871906	29.27212
1714	7.90016	3.0742637	16.5871	6.872058	29.26528
1715	7.90207	3.0734919	16.3872	6.872181	29.25564
1716	7.90419	3.0727752	16.1813	6.872252	29.24642
1717	7.90685	3.0721077	15.9755	6.872236	29.23726
1718	7.90871	3.0718320	15.7664	6.872134	29.23290
1719	7.91046	3.0712625	15.5602	6.872182	29.22553
1720	7.91200	3.0708155	15.3485	6.872199	29.21963
1721	7.91333	3.0703011	15.1365	6.872273	29.21320
1722	7.91466	3.0697746	14.9276	6.872353	29.20664
1723	7.91551	3.0693705	14.7246	6.872434	29.20177
1724	7.91615	3.0689297	14.5157	6.872557	29.19669
1725	7.91657	3.0684828	14.3094	6.872710	29.19173
1726	7.91732	3.0675953	14.1067	6.873029	29.18186
1727	7.91769	3.0670383	13.9039	6.873239	29.17578
1728	7.91822	3.0662244	13.6887	6.873550	29.16688
1729	7.91828	3.0656430	13.4857	6.873810	29.16081
1730	7.91881	3.0651046	13.2708	6.873992	29.15480
1731	7.91891	3.0646885	13.0619	6.874169	29.15042
1732	7.91859	3.0640889	12.8467	6.874483	29.14448
1733	7.91812	3.0632630	12.6347	6.874923	29.13629
1734	7.91875	3.0624678	12.4196	6.875211	29.12749
1735	7.91934	3.0616666	12.2137	6.875509	29.11867
1736	7.92035	3.0605597	12.0017	6.875898	29.10629
1737	7.92109	3.0593734	11.8016	6.876356	29.09329
1738	7.92130	3.0581568	11.5986	6.876893	29.08041
1739	7.92205	3.0567692	11.3870	6.877445	29.06531
1740	7.92301	3.0561519	11.1747	6.877612	29.05811
1741	7.92444	3.0556690	10.9657	6.877657	29.05194
1742	7.92609	3.0548196	10.7568	6.877848	29.04174
1743	7.92784	3.0540496	10.5417	6.877988	29.03228
1744	7.92970	3.0534019	10.3296	6.878059	29.02403
1745	7.93087	3.0531636	10.1178	6.878023	29.02064
1746	7.93098	3.0526198	9.9149	6.878259	29.01493
1747	7.93045	3.0519295	9.7028	6.878642	29.00821
1748	7.92986	3.0510866	9.4906	6.879102	28.99993
1749	7.93045	3.0503964	9.2818	6.879348	28.99229
1750	7.93146	3.0497123	9.0727	6.879539	28.98436
1751	7.93247	3.0489185	8.8637	6.879782	28.97527
1752	7.93342	3.0479415	8.6547	6.880116	28.96431
1753	7.93390	3.0470990	8.4488	6.880446	28.95516
1754	7.93417	3.0461466	8.2367	6.880853	28.94503
1755	7.93401	3.0450541	8.0276	6.881377	28.93378
1756	7.93380	3.0439861	7.8126	6.881897	28.92284
1757	7.93337	3.0425399	7.6129	6.882618	28.90809
1758	7.93257	3.0410025	7.4038	6.883428	28.89271
1759	7.93194	3.0403803	7.1886	6.883792	28.88679
1760	7.93119	3.0396666	6.9797	6.884212	28.88000
1761	7.92997	3.0391116	6.7614	6.884616	28.87528
1762	7.92891	3.0383859	6.5554	6.885081	28.86863
1763	7.92816	3.0378492	6.3468	6.885418	28.86370
1764	7.92774	3.0370199	6.1437	6.885853	28.85543
1765	7.92763	3.0363492	5.9287	6.886174	28.84857
1766	7.92774	3.0354713	5.7226	6.886566	28.83936
1767	7.92837	3.0350872	5.5138	6.886663	28.83489
1768	7.92880	3.0341363	5.2986	6.887050	28.82465
1769	7.92896	3.0333928	5.0958	6.887373	28.81680
1770	7.92922	3.0328930	4.8774	6.887570	28.81143
1771	7.92944	3.0320947	4.6655	6.887912	28.80297
1772	7.92976	3.0308943	4.4536	6.888428	28.79020
1773	7.93039	3.0291399	4.2384	6.889163	28.77136
1774	7.93114	3.0275015	4.0294	6.889831	28.75365
1775	7.93162	3.0249868	3.8142	6.890940	28.72697
1776	7.93241	3.0224242	3.5992	6.892033	28.69953
1777	7.93380	3.0201787	3.3934	6.892905	28.67493
1778	7.93486	3.0175021	3.1721	6.894018	28.64609
1779	7.93646	3.0134645	2.9602	6.895699	28.60255
1780	7.93832	3.0099028	2.7541	6.897125	28.56379
1781	7.94050	3.0077216	2.5300	6.897869	28.53925
1782	7.94294	3.0051220	2.3149	6.898775	28.51011
1783	7.94464	3.0028328	2.0968	6.899627	28.48484
1784	7.94560	3.0013758	1.8818	6.900184	28.46889
1785	7.94613	2.9999859	1.6666	6.900762	28.45399
1786	7.94677	2.9979166	1.4576	6.901643	28.43189
1787	7.94778	2.9972856	1.2336	6.901808	28.42456
1788	7.94847	2.9949259	1.0214	6.902818	28.39938
1789	7.94943	2.9929246	0.8124	6.903628	28.37774
1790	7.95049	2.9937613	0.5945	6.903103	28.38573
1791	7.95071	2.9916998	0.3853	6.904033	28.36406
1792	7.95065	2.9896448	0.1886	6.904994	28.34268
1793	7.95182	3.0201897	-0.0054	6.890621	28.66170
1794	7.93773	3.0547307	-0.0839	6.876265	29.03571
1795	7.88460	3.0729666	-0.0812	6.874243	29.27175
1796	7.81743	3.0695691	-0.0812	6.884021	29.29226
1797	7.75460	3.0765696	-0.0813	6.888404	29.41902
1798	7.71968	3.0794562	-0.0840	6.891308	29.47904
1799	7.68981	2.6506473	-0.0782	7.098056	25.00972
1800	7.66314	0.6361277	-0.0843	8.065128	5.33503
1801	7.65289	0.6045500	-0.0810	8.081825	5.05352
1802	7.65057	0.5038612	-0.0783	8.129092	4.15969
1803	7.64904	0.5095019	-0.0782	8.126774	4.20960
1804	7.64856	0.7031962	-0.0812	8.036386	5.94249
1805	7.64899	0.7481349	-0.0843	8.015133	6.35077
1806	7.65067	0.6758586	-0.0781	8.048843	5.69482
1807	7.65199	0.7089480	-0.0811	8.033040	5.99404
1808	7.65421	0.6600217	-0.0783	8.055612	5.55139
1809	7.65659	0.6242088	-0.0722	8.071938	5.22905
1810	7.65923	0.5927355	-0.0843	8.086139	4.94702
1811	7.66166	0.5626836	-0.0781	8.099676	4.67895
1812	7.66398	0.5303100	-0.0843	8.114268	4.39156
1813	7.66578	0.5469841	-0.0783	8.106188	4.53901
1814	7.66731	0.4060280	-0.0813	8.170862	3.30312
1815	7.66858	0.4113179	-0.0844	8.168197	3.34882
1816	7.66937	0.4469471	-0.0811	8.151712	3.65854
1817	7.67037	0.3961643	-0.0782	8.174770	3.21751
1818	7.67169	0.3448277	-0.0814	8.197848	2.77611
1819	7.67291	0.4037458	-0.0814	8.170815	3.28283
1820	7.67460	0.4638434	-0.0843	8.142934	3.80558
1821	7.67708	0.5616905	-0.0843	8.097202	4.66806
1822	7.67946	0.3501906	-0.0751	8.193896	2.82136
1823	7.67988	0.4255086	-0.0843	8.159507	3.47084
1824	7.68073	0.5277963	-0.0843	8.112231	4.36724
1825	7.68120	0.3406597	-0.0843	8.197867	2.73975
1826	7.68189	0.3193252	-0.0813	8.207362	2.55795
1827	7.68236	0.3840169	-0.0843	8.177967	3.11161
1828	7.68300	0.2886499	-0.0814	8.220923	2.29815
1829	7.68353	0.2858007	-0.0784	8.222095	2.27409
1830	7.68416	0.3069721	-0.0812	8.212473	2.45297
1831	7.68464	0.3772273	-0.0814	8.180613	3.05294
1832	7.68511	0.3737900	-0.0875	8.182082	3.02333
1833	7.68574	0.3097736	-0.0843	8.210901	2.47660
1834	7.68596	0.2791989	-0.0844	8.224567	2.21834
1835	7.68654	0.2448835	-0.0813	8.239734	1.93090
1836	7.68707	0.2090366	-0.0876	8.255463	1.63364
1837	7.68765	0.1781287	-0.0843	8.268876	1.38010
1838	7.68807	0.2064924	-0.0785	8.256380	1.61263
1839	7.68839	0.2029368	-0.0783	8.257878	1.58334
1840	7.68892	0.1972652	-0.0905	8.260260	1.53669
1841	7.68960	0.2986408	-0.0816	8.215140	2.38208
1842	7.68987	0.4057485	-0.0844	8.166600	3.29857
1843	7.69061	0.3847987	-0.0845	8.176003	3.11761
1844	7.69092	0.3209662	-0.0818	8.204844	2.57124
1845	7.69135	0.2958997	-0.0813	8.216025	2.35880
1846	7.69209	0.2679743	-0.0815	8.228363	2.12366
1847	7.69219	0.2357212	-0.0754	8.242669	1.85432
1848	7.69103	0.2199475	-0.0785	8.249868	1.72357
1849	7.69082	0.1899205	-0.0846	8.263094	1.47637
1850	7.69129	0.1805974	-0.0826	8.267069	1.40010
1851	7.69055	0.1808578	-0.0847	8.267104	1.40225
1852	7.69071	0.1717550	-0.0817	8.271035	1.32804
1853	7.69098	0.1745335	-0.0785	8.269773	1.35066
1854	7.69129	0.1784088	-0.0816	8.268022	1.38224
1855	7.69161	0.1808477	-0.0785	8.266896	1.40213
1856	7.69193	0.1817492	-0.0815	8.266439	1.40948
1857	7.69240	0.1752595	-0.0784	8.269171	1.35652
1858	7.69293	0.1705181	-0.0815	8.271127	1.31790
1859	7.69320	0.1719013	-0.0817	8.270473	1.32914
