Scan Count	Temperature [ITS-90, deg C]	Conductivity [S/m]	Pressure, Strain Gauge [db]	Depth [salt water, m]	Oxygen Saturation, Weiss [ml/l]	Salinity, Practical [PSU]
1	15.56221	0.0002344	0.0679	0.0675	6.962032	0.00839
2	15.56313	0.0002344	0.0678	0.0674	6.961895	0.00839
3	15.56404	0.0002252	0.0648	0.0644	6.961760	0.00836
4	15.56502	0.0002283	0.0678	0.0675	6.961613	0.00837
5	15.56600	0.0002344	0.0708	0.0705	6.961465	0.00839
6	15.56665	0.0002283	0.0679	0.0675	6.961369	0.00837
7	15.56757	0.0002252	0.0739	0.0735	6.961232	0.00836
8	15.56842	0.0002252	0.0679	0.0675	6.961106	0.00836
9	15.56933	0.0002283	0.0647	0.0644	6.960969	0.00837
10	15.57018	0.0002252	0.0648	0.0644	6.960842	0.00836
11	15.57109	0.0002221	0.0617	0.0613	6.960706	0.00835
12	15.57181	0.0002252	0.0709	0.0705	6.960598	0.00836
13	15.57260	0.0002252	0.0678	0.0674	6.960481	0.00836
14	15.57331	0.0002221	0.0708	0.0704	6.960374	0.00836
15	15.57423	0.0002252	0.0677	0.0674	6.960237	0.00837
16	15.57501	0.0002252	0.0647	0.0644	6.960120	0.00837
17	15.57567	0.0002221	0.0647	0.0644	6.960023	0.00836
18	15.57638	0.0002159	0.0678	0.0674	6.959916	0.00834
19	15.57710	0.0002221	0.0708	0.0704	6.959808	0.00836
20	15.57795	0.0002159	0.0708	0.0704	6.959682	0.00834
21	15.57860	0.0002252	0.0647	0.0643	6.959583	0.00837
22	15.57939	0.0002221	0.0708	0.0704	6.959466	0.00836
23	15.58004	0.0002159	0.0708	0.0705	6.959370	0.00834
24	15.58050	0.0002221	0.0738	0.0734	6.959301	0.00836
25	15.58154	0.0000926	0.0919	0.0914	6.959158	0.00804
26	15.58220	-0.0000153	0.1351	0.1343	6.959402	0.00000
27	15.58285	0.0000310	0.1414	0.1406	6.958964	0.00801
28	15.58377	0.0000495	0.1382	0.1374	6.958828	0.00800
29	15.58429	0.0000464	0.1383	0.1375	6.958750	0.00800
30	15.58481	0.0001019	0.1274	0.1267	6.958670	0.00805
31	15.58546	0.0002159	0.0921	0.0916	6.958560	0.00834
32	15.58559	0.0002221	0.0678	0.0674	6.958539	0.00836
33	15.58612	0.0002159	0.0677	0.0673	6.958462	0.00834
34	15.58684	0.0002129	0.0647	0.0644	6.958355	0.00833
35	15.58742	0.0002252	0.0677	0.0674	6.958266	0.00837
36	15.58788	0.0002067	0.0708	0.0704	6.958200	0.00831
37	15.58873	0.0002129	0.0647	0.0644	6.958072	0.00833
38	15.58893	0.0002067	0.0708	0.0705	6.958044	0.00832
39	15.58945	0.0002067	0.0708	0.0704	6.957966	0.00832
40	15.58991	0.0002129	0.0677	0.0674	6.957897	0.00833
41	15.59049	0.0002067	0.0738	0.0734	6.957810	0.00832
42	15.59089	0.0002129	0.0707	0.0703	6.957750	0.00833
43	15.59154	0.0002067	0.0708	0.0704	6.957653	0.00832
44	15.59180	0.0002067	0.0739	0.0735	6.957614	0.00832
45	15.59226	0.0002129	0.0678	0.0675	6.957545	0.00834
46	15.59285	0.0002067	0.0678	0.0674	6.957458	0.00832
47	15.59324	0.0002036	0.0708	0.0704	6.957400	0.00831
48	15.59370	0.0002067	0.0739	0.0735	6.957331	0.00832
49	15.59389	0.0002159	0.0708	0.0704	6.957301	0.00835
50	15.59442	0.0002129	0.0708	0.0704	6.957223	0.00834
51	15.59474	0.0002159	0.0708	0.0705	6.957174	0.00835
52	15.59500	0.0002221	0.0677	0.0674	6.957134	0.00836
53	15.59566	0.0002252	0.0709	0.0705	6.957036	0.00837
54	15.59598	0.0002252	0.0677	0.0674	6.956988	0.00837
55	15.59572	0.0002375	0.0648	0.0644	6.957025	0.00841
56	15.59500	0.0002344	0.0678	0.0674	6.957133	0.00840
57	15.59513	0.0002375	0.0617	0.0614	6.957113	0.00841
58	15.59487	0.0002252	0.0678	0.0674	6.957153	0.00837
59	15.59357	0.0002344	0.0709	0.0705	6.957347	0.00840
60	15.59246	0.0002745	0.0678	0.0674	6.957508	0.00853
61	15.57998	0.0002869	0.0677	0.0673	6.959370	0.00857
62	15.56580	0.0003146	0.0739	0.0735	6.961483	0.00866
63	15.54857	0.0003146	0.0677	0.0674	6.964060	0.00865
64	15.53363	0.0002961	0.0647	0.0644	6.966298	0.00858
65	15.52489	0.0002745	0.0678	0.0674	6.967610	0.00850
66	15.52352	0.0002529	0.0709	0.0705	6.967818	0.00843
67	15.52541	0.0002622	0.0678	0.0674	6.967533	0.00846
68	15.52815	0.0002684	0.0678	0.0675	6.967123	0.00849
69	15.53030	0.0002776	0.0678	0.0675	6.966799	0.00852
70	15.53187	0.0002838	0.0617	0.0614	6.966564	0.00854
71	15.53356	0.0002961	0.0709	0.0705	6.966308	0.00858
72	15.53539	0.0002869	0.0678	0.0675	6.966036	0.00855
73	15.53715	0.0002838	0.0740	0.0736	6.965773	0.00854
74	15.53891	0.0002869	0.0648	0.0645	6.965509	0.00855
75	15.53709	0.0002992	0.0648	0.0644	6.965780	0.00859
76	15.52593	0.0002961	0.0739	0.0735	6.967450	0.00858
77	15.50969	0.0002961	0.0708	0.0704	6.969882	0.00857
78	15.49614	0.0002930	0.0740	0.0736	6.971913	0.00856
79	15.48591	0.0002961	0.0709	0.0706	6.973446	0.00856
80	15.47666	0.0002930	0.0739	0.0735	6.974834	0.00855
81	15.47047	0.0002961	0.0679	0.0675	6.975761	0.00856
82	15.46448	0.0003054	0.0709	0.0705	6.976659	0.00859
83	15.46025	0.0003239	0.0740	0.0736	6.977291	0.00865
84	15.46110	0.0003424	0.0709	0.0706	6.977161	0.00872
85	15.46455	0.0003485	0.0649	0.0645	6.976642	0.00874
86	15.46800	0.0003485	0.0709	0.0705	6.976124	0.00874
87	15.47112	0.0003424	0.0679	0.0675	6.975657	0.00872
88	15.47340	0.0003485	0.0708	0.0705	6.975314	0.00875
89	15.47373	0.0003424	0.0709	0.0705	6.975266	0.00872
90	15.47347	0.0003393	0.0679	0.0675	6.975305	0.00871
91	15.47601	0.0003239	0.0740	0.0736	6.974927	0.00866
92	15.47946	0.0003424	0.0679	0.0675	6.974406	0.00873
93	15.48330	0.0003146	0.0649	0.0645	6.973834	0.00863
94	15.48760	0.0003054	0.0679	0.0675	6.973191	0.00860
95	15.49145	0.0002776	0.0740	0.0736	6.972619	0.00850
96	15.49399	0.0002745	0.0678	0.0675	6.972238	0.00849
97	15.49516	0.0002622	0.0710	0.0706	6.972064	0.00845
98	15.49764	0.0002591	0.0679	0.0675	6.971694	0.00844
99	15.50096	0.0002622	0.0710	0.0706	6.971195	0.00845
100	15.50422	0.0002622	0.0740	0.0736	6.970707	0.00845
101	15.50767	0.0002529	0.0739	0.0735	6.970191	0.00843
102	15.51080	0.0002529	0.0740	0.0736	6.969722	0.00843
103	15.51400	0.0002437	0.0710	0.0706	6.969245	0.00840
104	15.51654	0.0002437	0.0740	0.0736	6.968864	0.00840
105	15.51921	0.0002344	0.0709	0.0705	6.968465	0.00837
106	15.52117	0.0002375	0.0740	0.0736	6.968172	0.00838
107	15.52300	0.0002252	0.0709	0.0706	6.967900	0.00834
108	15.52404	0.0002221	0.0710	0.0706	6.967744	0.00833
109	15.52521	0.0002159	0.0679	0.0675	6.967569	0.00832
110	15.52678	0.0002159	0.0679	0.0676	6.967335	0.00832
111	15.52841	0.0002129	0.0679	0.0676	6.967091	0.00831
112	15.52926	0.0002067	0.0710	0.0706	6.966965	0.00829
113	15.52521	0.0002129	0.0680	0.0676	6.967569	0.00831
114	15.52039	0.0002252	0.0649	0.0645	6.968290	0.00834
115	15.51921	0.0002067	0.0649	0.0646	6.968469	0.00828
116	15.52045	0.0002129	0.0771	0.0767	6.968282	0.00830
117	15.52117	0.0002067	0.0710	0.0706	6.968176	0.00829
118	15.52228	0.0001975	0.0679	0.0675	6.968011	0.00826
119	15.52287	0.0002067	0.0679	0.0676	6.967922	0.00829
120	15.52332	0.0001913	0.0680	0.0676	6.967855	0.00824
121	15.52430	0.0001975	0.0741	0.0737	6.967708	0.00826
122	15.52515	0.0001913	0.0710	0.0707	6.967582	0.00824
123	15.52306	0.0001913	0.0709	0.0706	6.967894	0.00824
124	15.51335	0.0001975	0.0741	0.0737	6.969348	0.00825
125	15.50520	0.0002005	0.0741	0.0737	6.970569	0.00826
126	15.50409	0.0002036	0.0710	0.0706	6.970734	0.00827
127	15.50441	0.0002067	0.0771	0.0767	6.970685	0.00828
128	15.50455	0.0002067	0.0710	0.0706	6.970666	0.00828
129	15.50520	0.0002129	0.0710	0.0706	6.970567	0.00830
130	15.50644	0.0002159	0.0649	0.0646	6.970381	0.00831
131	15.50767	0.0002129	0.0710	0.0706	6.970196	0.00830
132	15.50604	0.0002067	0.0680	0.0676	6.970441	0.00828
133	15.50370	0.0002159	0.0710	0.0706	6.970791	0.00831
134	15.50383	0.0002129	0.0680	0.0677	6.970772	0.00830
135	15.50494	0.0002159	0.0711	0.0707	6.970606	0.00831
136	15.50331	0.0002129	0.0741	0.0737	6.970850	0.00830
137	15.49640	0.0002159	0.0680	0.0677	6.971885	0.00830
138	15.48610	0.0002159	0.0711	0.0707	6.973428	0.00830
139	15.48089	-0.1834054	0.0924	0.0919	6.974563	0.00000
140	15.16298	1.6713078	0.2477	0.2464	6.511496	12.35252
141	13.99317	2.8599954	0.4611	0.4586	6.255057	22.89961
142	13.01116	2.9129300	0.6409	0.6374	6.344108	23.97342
143	12.34106	2.9309411	0.7720	0.7677	6.412079	24.56838
144	11.94372	2.9167948	0.8116	0.8071	6.462151	24.69812
145	11.72426	2.9554061	0.8512	0.8465	6.472372	25.20662
146	11.58906	2.9705341	0.9000	0.8951	6.481904	25.44124
147	11.50954	2.9685216	0.9639	0.9586	6.491708	25.47672
148	11.47153	2.9538456	0.9975	0.9920	6.501707	25.36384
149	11.45615	2.9586503	0.9914	0.9859	6.501602	25.41988
150	11.48254	2.9639650	0.9793	0.9739	6.496539	25.45211
151	11.53678	2.9729356	0.9701	0.9648	6.486911	25.49977
152	11.58146	2.9788106	0.9640	0.9587	6.479584	25.52462
153	11.58462	2.9865805	0.9609	0.9557	6.476241	25.59589
154	11.54122	2.9932183	0.9701	0.9648	6.478594	25.68865
155	11.50470	2.9991273	0.9853	0.9799	6.480446	25.76995
156	11.48750	3.0039352	0.9822	0.9768	6.480534	25.82750
157	11.47805	3.0052470	0.9884	0.9830	6.481095	25.84653
158	11.46157	3.0057816	0.9853	0.9799	6.482752	25.86310
159	11.43833	3.0117058	0.9854	0.9799	6.483086	25.93560
160	11.41453	3.0145876	0.9823	0.9769	6.484659	25.97967
161	11.40220	3.0166127	0.9792	0.9738	6.485268	26.00759
162	11.40144	3.0170081	0.9823	0.9769	6.485200	26.01188
163	11.40075	3.0166128	0.9793	0.9739	6.485432	26.00861
164	11.39458	3.0178840	0.9884	0.9830	6.485635	26.02503
165	11.38633	3.0192164	0.9853	0.9799	6.486051	26.04352
166	11.37703	3.0214739	0.9915	0.9860	6.486226	26.07156
167	11.37151	3.0243347	0.9884	0.9830	6.485738	26.10269
168	11.37220	3.0273365	0.9854	0.9800	6.484493	26.13079
169	11.37546	3.0254792	0.9792	0.9738	6.484847	26.11081
170	11.37249	3.0196606	0.9793	0.9739	6.487442	26.05749
171	11.36111	3.0197885	0.9733	0.9680	6.488679	26.06673
172	11.34984	3.0191802	0.9732	0.9679	6.490190	26.06887
173	11.34275	3.0204458	0.9763	0.9709	6.490499	26.08592
174	11.34676	3.0227705	0.9793	0.9739	6.489142	26.10525
175	11.35745	3.0239513	0.9855	0.9800	6.487475	26.10896
176	11.36343	3.0235921	0.9884	0.9830	6.486939	26.10131
177	11.36140	3.0228921	0.9976	0.9921	6.487441	26.09608
178	11.35518	3.0232452	0.9916	0.9861	6.488006	26.10383
179	11.34978	3.0247975	0.9915	0.9861	6.488013	26.12243
180	11.34717	3.0263380	0.9884	0.9830	6.487709	26.13896
181	11.34560	3.0248889	0.9732	0.9679	6.488449	26.12626
182	11.33939	3.0204702	0.9671	0.9618	6.490870	26.08853
183	11.32923	3.0216873	0.9641	0.9588	6.491546	26.10730
184	11.32342	3.0248222	0.9701	0.9648	6.490982	26.14129
185	11.33033	3.0285184	0.9794	0.9740	6.488762	26.17166
186	11.35326	3.0315581	0.9915	0.9860	6.484991	26.18441
187	11.38028	3.0282438	1.0037	0.9982	6.483230	26.13373
188	11.38144	3.0273120	1.0067	1.0012	6.483460	26.12403
189	11.41343	3.0313016	0.9976	0.9921	6.478306	26.13944
190	11.44689	3.0373112	0.9732	0.9679	6.472212	26.17300
191	11.45627	3.0350919	0.9732	0.9679	6.472016	26.14528
192	11.44654	3.0335682	0.9672	0.9619	6.473699	26.13765
193	11.42570	3.0353665	0.9733	0.9679	6.475349	26.16946
194	11.41756	3.0382872	0.9824	0.9770	6.475134	26.20302
195	11.42762	3.0409281	0.9915	0.9861	6.472979	26.22103
196	11.43437	3.0436736	0.9977	0.9922	6.471157	26.24237
197	11.42972	3.0461028	0.9977	0.9923	6.470740	26.26879
198	11.41884	3.0475741	0.9976	0.9921	6.471393	26.29052
199	11.40761	3.0500045	0.9915	0.9861	6.471712	26.32165
200	11.40249	3.0512994	0.9885	0.9830	6.471785	26.33762
201	11.39970	3.0471714	0.9793	0.9739	6.473699	26.30028
202	11.38906	3.0450289	0.9702	0.9649	6.475726	26.28743
203	11.37244	3.0446690	0.9702	0.9649	6.477736	26.29580
204	11.36087	3.0479166	0.9763	0.9709	6.477776	26.33499
205	11.37232	3.0503102	0.9855	0.9801	6.475559	26.34967
206	11.38046	3.0484659	0.9885	0.9831	6.475360	26.32629
207	11.37999	3.0516539	0.9855	0.9800	6.474175	26.35702
208	11.40098	3.0540791	0.9855	0.9801	6.470877	26.36519
209	11.41779	3.0527225	0.9886	0.9831	6.469516	26.34030
210	11.42797	3.0535289	0.9946	0.9891	6.468061	26.34074
211	11.44456	3.0476899	0.9884	0.9830	6.468459	26.27337
212	11.46646	3.0457361	0.9794	0.9740	6.466756	26.23928
213	11.53608	3.0506079	0.9763	0.9710	6.457073	26.23631
214	11.58643	3.0516824	0.9641	0.9588	6.451027	26.21094
215	11.60467	3.0519082	0.9703	0.9649	6.448902	26.20021
216	11.58269	3.0529042	0.9795	0.9741	6.450976	26.22516
217	11.57153	3.0520796	0.9855	0.9801	6.452541	26.22522
218	11.57223	3.0486899	0.9916	0.9861	6.453765	26.19258
219	11.55465	3.0486413	0.9947	0.9892	6.455751	26.20452
220	11.58187	3.0520489	0.9916	0.9862	6.451396	26.21763
221	11.61367	3.0547125	0.9856	0.9801	6.446821	26.22043
222	11.62771	3.0564174	0.9795	0.9741	6.444600	26.22667
223	11.63684	3.0566557	0.9673	0.9620	6.443491	26.22249
224	11.65130	3.0572056	0.9672	0.9619	6.441668	26.21750
225	11.66910	3.0591434	0.9673	0.9620	6.438942	26.22329
226	11.67420	3.0612040	0.9826	0.9772	6.437587	26.23919
227	11.66395	3.0620848	0.9856	0.9802	6.438392	26.25476
228	11.65265	3.0628312	0.9886	0.9832	6.439365	26.26980
229	11.65329	3.0578230	1.0038	0.9983	6.441210	26.22193
230	11.66348	3.0528606	0.9917	0.9863	6.441972	26.16779
231	11.72297	3.0525973	0.9886	0.9831	6.435441	26.12349
232	11.81712	3.0565377	0.9766	0.9712	6.423470	26.09468
233	11.88258	3.0581325	0.9613	0.9560	6.415604	26.06393
234	11.89713	3.0591411	0.9643	0.9590	6.413610	26.06325
235	11.86785	3.0582182	0.9704	0.9651	6.417204	26.07502
236	11.79813	3.0588364	0.9826	0.9772	6.424707	26.12965
237	11.76106	3.0581887	0.9918	0.9864	6.429072	26.14955
238	11.76047	3.0556827	0.9917	0.9863	6.430091	26.12631
239	11.75343	3.0548883	0.9887	0.9832	6.431177	26.12375
240	11.79132	3.0537575	0.9826	0.9772	6.427393	26.08653
241	11.83989	3.0539281	0.9765	0.9712	6.421931	26.05417
242	11.89383	3.0543675	0.9736	0.9682	6.415779	26.02066
243	11.94431	3.0556930	0.9675	0.9622	6.409686	25.99795
244	11.97625	3.0578076	0.9675	0.9622	6.405355	25.99558
245	11.98523	3.0574224	0.9736	0.9682	6.404507	25.98572
246	11.97105	3.0580155	0.9858	0.9804	6.405852	26.00114
247	11.94791	3.0588043	0.9858	0.9804	6.408115	26.02466
248	11.92844	3.0595810	0.9858	0.9804	6.409977	26.04553
249	11.92355	3.0604555	0.9919	0.9865	6.410189	26.05716
250	11.91169	3.0612322	0.9827	0.9773	6.411208	26.07274
251	11.89749	3.0623272	0.9828	0.9774	6.412367	26.09296
252	11.88493	3.0628594	0.9798	0.9744	6.413556	26.10675
253	11.87869	3.0634406	0.9767	0.9713	6.414028	26.11659
254	11.87898	3.0639484	0.9737	0.9683	6.413803	26.12116
255	11.88164	3.0646641	0.9799	0.9745	6.413239	26.12604
256	11.88058	3.0642604	0.9737	0.9683	6.413509	26.12298
257	11.86438	3.0640525	0.9798	0.9744	6.415381	26.13237
258	11.83118	3.0638265	0.9798	0.9744	6.419146	26.15351
259	11.79026	3.0642245	0.9890	0.9835	6.423535	26.18599
260	11.75419	3.0651855	1.0042	0.9987	6.427173	26.22043
261	11.73846	3.0658220	1.0043	0.9987	6.428678	26.23753
262	11.74856	3.0651305	0.9981	0.9926	6.427820	26.22388
263	11.75525	3.0642310	0.9830	0.9776	6.427419	26.21068
264	11.76083	3.0640841	0.9708	0.9655	6.426855	26.20537
265	11.80301	3.0651177	0.9677	0.9624	6.421780	26.18546
266	11.84513	3.0657659	0.9738	0.9685	6.416865	26.16200
267	11.86196	3.0657106	0.9829	0.9775	6.415021	26.14967
268	11.88040	3.0637036	0.9952	0.9898	6.413739	26.11786
269	11.86379	3.0638201	1.0073	1.0018	6.415535	26.13058
270	11.81924	3.0645975	1.0104	1.0049	6.420178	26.16915
271	11.81271	3.0627439	1.0043	0.9988	6.421605	26.15626
272	11.81483	3.0606706	0.9953	0.9898	6.422157	26.13523
273	11.87304	3.0603337	0.9770	0.9716	6.415829	26.09130
274	11.96302	3.0614947	0.9649	0.9596	6.405430	26.03940
275	12.03122	3.0607418	0.9649	0.9596	6.398179	25.98488
276	12.04767	3.0602769	0.9801	0.9747	6.396539	25.96910
277	12.02436	3.0608214	0.9923	0.9869	6.398907	25.99038
278	11.99675	3.0608828	0.9954	0.9899	6.401933	26.01016
279	11.99084	3.0600268	0.9954	0.9899	6.402908	26.00624
280	11.97348	3.0600453	0.9893	0.9839	6.404820	26.01850
281	11.95281	3.0611279	0.9833	0.9779	6.406698	26.04306
282	11.94189	3.0621616	0.9802	0.9748	6.407516	26.06039
283	11.93009	3.0634095	0.9924	0.9870	6.408350	26.08035
284	11.92066	3.0637338	0.9985	0.9931	6.409272	26.08999
285	11.90450	3.0640521	0.9955	0.9900	6.410939	26.10428
286	11.90008	3.0626330	0.9925	0.9870	6.411965	26.09402
287	11.90320	3.0608532	0.9773	0.9719	6.412291	26.07510
288	11.90403	3.0610060	0.9743	0.9689	6.412142	26.07597
289	11.92296	3.0625104	0.9773	0.9719	6.409479	26.07689
290	11.93959	3.0639172	0.9835	0.9781	6.407108	26.07849
291	11.95381	3.0644003	0.9834	0.9780	6.405354	26.07310
292	11.96586	3.0647490	0.9956	0.9902	6.403892	26.06797
293	11.97159	3.0652384	0.9927	0.9872	6.403075	26.06856
294	11.96887	3.0656484	0.9957	0.9902	6.403221	26.07431
295	11.96704	3.0655750	0.9957	0.9902	6.403451	26.07490
296	11.97147	3.0650120	0.9897	0.9842	6.403173	26.06652
297	11.97702	3.0637639	0.9897	0.9843	6.403030	26.05094
298	11.97726	3.0634090	0.9744	0.9691	6.403137	26.04745
299	11.97495	3.0640514	0.9745	0.9692	6.403150	26.05508
300	11.97389	3.0653607	0.9745	0.9691	6.402774	26.06811
301	11.97241	3.0672455	0.9837	0.9783	6.402228	26.08684
302	11.96946	3.0685554	0.9868	0.9814	6.402061	26.10120
303	11.96137	3.0682066	0.9837	0.9783	6.403086	26.10357
304	11.93936	3.0679375	0.9928	0.9874	6.405619	26.11643
305	11.90232	3.0682378	0.9959	0.9905	6.409600	26.14517
306	11.87415	3.0679504	0.9959	0.9905	6.412825	26.16221
307	11.87251	3.0638261	0.9960	0.9905	6.414567	26.12454
308	11.88364	3.0619297	0.9838	0.9784	6.414051	26.09890
309	11.92632	3.0612504	0.9717	0.9663	6.409582	26.06270
310	11.99179	3.0628889	0.9595	0.9542	6.401727	26.03244
311	12.03672	3.0637633	0.9656	0.9603	6.396439	26.00937
312	12.04572	3.0644851	0.9839	0.9785	6.395176	26.00988
313	12.03010	3.0648646	0.9961	0.9906	6.396757	26.02429
314	11.97661	3.0641309	1.0206	1.0150	6.402938	26.05466
315	11.93888	3.0616112	1.0145	1.0089	6.408056	26.05731
316	11.92520	3.0613422	0.9963	0.9908	6.409672	26.06434
317	11.92231	3.0600702	0.9811	0.9757	6.410471	26.05440
318	11.96226	3.0600270	0.9810	0.9756	6.406068	26.02615
319	12.01519	3.0608276	0.9780	0.9726	6.399917	25.99682
320	12.05678	3.0620442	0.9780	0.9726	6.394871	25.97933
321	12.07946	3.0624171	0.9871	0.9817	6.392231	25.96708
322	12.08302	3.0620745	1.0024	0.9969	6.391968	25.96140
323	12.07703	3.0621419	1.0146	1.0090	6.392602	25.96617
324	12.08029	3.0606802	1.0147	1.0091	6.392790	25.95023
325	12.08035	3.0586502	1.0056	1.0001	6.393543	25.93120
326	12.09024	3.0592615	0.9903	0.9848	6.392223	25.93007
327	12.12895	3.0595668	0.9843	0.9789	6.387844	25.90614
328	12.16984	3.0594869	0.9782	0.9728	6.383373	25.87715
329	12.20144	3.0594621	0.9783	0.9729	6.379906	25.85512
330	12.22426	3.0594436	0.9813	0.9759	6.377405	25.83922
331	12.23824	3.0594618	0.9843	0.9789	6.375862	25.82976
332	12.24318	3.0596268	0.9936	0.9882	6.375259	25.82790
333	12.24003	3.0595779	0.9997	0.9942	6.375623	25.82961
334	12.22991	3.0594741	1.0028	0.9973	6.376773	25.83560
335	12.22058	3.0586794	1.0119	1.0063	6.378094	25.83462
336	12.22397	3.0585571	1.0028	0.9973	6.377767	25.83115
337	12.23324	3.0583308	0.9937	0.9883	6.376831	25.82266
338	12.25252	3.0583550	0.9846	0.9792	6.374705	25.80963
339	12.27955	3.0583731	0.9755	0.9702	6.371731	25.79123
340	12.29861	3.0584157	0.9785	0.9731	6.369624	25.77854
341	12.30814	3.0583117	0.9908	0.9853	6.368617	25.77102
342	12.30969	3.0587335	0.9968	0.9913	6.368291	25.77388
343	12.30743	3.0588008	1.0000	0.9945	6.368514	25.77606
344	12.30540	3.0582689	0.9969	0.9914	6.368933	25.77250
345	12.30713	3.0575720	0.9940	0.9885	6.369001	25.76484
346	12.30659	3.0569057	0.9940	0.9885	6.369307	25.75901
347	12.30063	3.0566185	0.9940	0.9885	6.370067	25.76042
348	12.29974	3.0568080	0.9940	0.9886	6.370095	25.76280
349	12.30546	3.0568507	0.9880	0.9826	6.369451	25.75928
350	12.31327	3.0568384	0.9849	0.9795	6.368599	25.75381
351	12.32072	3.0567894	0.9880	0.9826	6.367800	25.74825
352	12.32650	3.0567466	0.9880	0.9826	6.367182	25.74389
353	12.33044	3.0567343	0.9910	0.9856	6.366755	25.74108
354	12.33145	3.0565326	0.9973	0.9918	6.366718	25.73850
355	12.32913	3.0563310	0.9973	0.9918	6.367048	25.73822
356	12.32495	3.0562577	0.9973	0.9918	6.367533	25.74040
357	12.32311	3.0561843	0.9881	0.9827	6.367762	25.74099
358	12.32466	3.0561843	0.9851	0.9797	6.367592	25.73993
359	12.32674	3.0561965	0.9852	0.9798	6.367359	25.73861
360	12.32621	3.0561843	0.9914	0.9859	6.367422	25.73886
361	12.32114	3.0564411	0.9883	0.9829	6.367883	25.74472
362	12.31428	3.0563556	0.9944	0.9889	6.368667	25.74862
363	12.31017	3.0562272	0.9945	0.9890	6.369165	25.75025
364	12.30975	3.0555489	0.9884	0.9830	6.369462	25.74423
365	12.31130	3.0552188	0.9884	0.9830	6.369414	25.74010
366	12.31035	3.0552861	0.9824	0.9770	6.369494	25.74138
367	12.30755	3.0561234	0.9885	0.9830	6.369491	25.75108
368	12.30516	3.0565940	0.9916	0.9861	6.369579	25.75709
369	12.30165	3.0564718	0.9885	0.9831	6.370010	25.75837
370	12.29670	3.0560746	0.9886	0.9831	6.370700	25.75806
371	12.29384	3.0555735	0.9916	0.9862	6.371199	25.75536
372	12.29271	3.0553718	0.9856	0.9801	6.371398	25.75426
373	12.29057	3.0553168	0.9887	0.9833	6.371654	25.75522
374	12.28812	3.0556163	0.9795	0.9741	6.371811	25.75968
375	12.28562	3.0563008	0.9797	0.9743	6.371832	25.76777
376	12.28276	3.0562886	0.9888	0.9833	6.372150	25.76962
377	12.27580	3.0563009	0.9949	0.9894	6.372911	25.77451
378	12.26317	3.0560382	1.0010	0.9955	6.374394	25.78073
379	12.25264	3.0553722	0.9949	0.9895	6.375798	25.78176
380	12.25020	3.0549383	0.9858	0.9804	6.376227	25.77940
381	12.24788	3.0550667	0.9828	0.9774	6.376435	25.78219
382	12.24282	3.0553417	0.9799	0.9745	6.376888	25.78823
383	12.23675	3.0556474	0.9860	0.9806	6.377442	25.79524
384	12.23104	3.0556352	0.9831	0.9777	6.378074	25.79905
385	12.22819	3.0555558	0.9707	0.9654	6.378417	25.80028
386	12.22825	3.0561853	0.9800	0.9746	6.378177	25.80610
387	12.22290	3.0556475	0.9892	0.9838	6.378965	25.80477
388	12.17785	3.0550857	1.0013	0.9958	6.384130	25.83053
389	12.08337	3.0541579	1.0197	1.0141	6.394891	25.88707
390	12.02448	3.0532664	1.0198	1.0142	6.401730	25.91949
391	11.99504	3.0530040	0.9954	0.9900	6.405084	25.93746
392	12.04169	3.0532662	0.9771	0.9718	6.399827	25.90758
393	12.11727	3.0522208	0.9558	0.9505	6.391874	25.84556
394	12.15339	3.0515851	0.9589	0.9536	6.388128	25.81472
395	12.13138	3.0516403	0.9741	0.9688	6.390535	25.83040
396	12.03347	3.0517696	1.0047	0.9992	6.401298	25.89925
397	11.91022	3.0513554	1.0230	1.0174	6.415101	25.98091
398	11.84766	3.0513133	1.0230	1.0174	6.422060	26.02411
399	11.81265	3.0516740	1.0139	1.0083	6.425813	26.05196
400	11.88087	3.0521987	1.0017	0.9962	6.418038	26.00929
401	11.99610	3.0518738	0.9713	0.9660	6.405391	25.92613
402	12.05590	3.0515555	0.9561	0.9508	6.398899	25.88174
403	12.06904	3.0523801	0.9623	0.9570	6.397138	25.88037
404	12.03885	3.0525087	0.9684	0.9631	6.400425	25.90245
405	11.98174	3.0528697	0.9958	0.9904	6.406606	25.94542
406	11.91311	3.0525710	1.0051	0.9996	6.414321	25.99033
407	11.87792	3.0516184	1.0142	1.0086	6.418584	26.00588
408	11.86938	3.0510627	1.0142	1.0087	6.419742	26.00660
409	11.84778	3.0506720	1.0051	0.9996	6.422290	26.01800
410	11.83236	3.0504583	0.9961	0.9906	6.424083	26.02675
411	11.86002	3.0501222	0.9899	0.9844	6.421138	26.00429
412	11.90780	3.0501095	0.9839	0.9785	6.415839	25.97090
413	11.96066	3.0508235	0.9748	0.9694	6.409710	25.94087
414	11.99870	3.0514401	0.9748	0.9695	6.405267	25.92026
415	12.01106	3.0532054	0.9870	0.9816	6.403237	25.92824
416	12.00987	3.0529427	0.9963	0.9908	6.403466	25.92659
417	12.01259	3.0498764	1.0024	0.9969	6.404318	25.89597
418	12.01650	3.0493878	0.9994	0.9939	6.404069	25.88869
419	12.01797	3.0487527	0.9994	0.9939	6.404144	25.88171
420	12.02661	3.0499373	0.9872	0.9817	6.402744	25.88684
421	12.02933	3.0503953	0.9811	0.9757	6.402271	25.88925
422	12.02383	3.0506397	0.9812	0.9759	6.402788	25.89535
423	12.01780	3.0508291	0.9965	0.9910	6.403384	25.90129
424	12.01023	3.0497848	0.9966	0.9911	6.404613	25.89675
425	12.00721	3.0489543	0.9966	0.9911	6.405259	25.89105
426	12.00668	3.0487467	0.9905	0.9851	6.405396	25.88948
427	12.00284	3.0490704	0.9875	0.9821	6.405700	25.89517
428	11.99687	3.0497544	0.9907	0.9852	6.406103	25.90572
429	11.99137	3.0505728	0.9937	0.9882	6.406404	25.91720
430	11.98665	3.0497850	0.9967	0.9912	6.407223	25.91309
431	11.98340	3.0475929	0.9907	0.9852	6.408408	25.89479
432	11.98328	3.0475929	0.9847	0.9793	6.408421	25.89487
433	11.99610	3.0477455	0.9817	0.9763	6.406943	25.88742
434	12.01502	3.0490092	0.9816	0.9762	6.404375	25.88617
435	12.02525	3.0503343	0.9878	0.9823	6.402746	25.89150
436	12.02986	3.0506274	1.0000	0.9945	6.402125	25.89105
437	12.02927	3.0481054	1.0031	0.9976	6.403137	25.86783
438	12.02939	3.0465241	0.9971	0.9916	6.403718	25.85294
439	12.03104	3.0452423	1.0002	0.9947	6.404016	25.83979
440	12.04501	3.0454558	0.9850	0.9796	6.402390	25.83215
441	12.06199	3.0460355	0.9788	0.9735	6.400294	25.82586
442	12.07200	3.0473356	0.9728	0.9675	6.398701	25.83112
443	12.07188	3.0476531	0.9790	0.9736	6.398595	25.83417
444	12.06300	3.0486607	0.9820	0.9766	6.399199	25.84973
445	12.04998	3.0491737	1.0034	0.9979	6.400447	25.86352
446	12.04252	3.0475679	1.0095	1.0040	6.401873	25.85364
447	12.04193	3.0457305	1.0035	0.9980	6.402628	25.83684
448	12.03773	3.0443633	0.9944	0.9890	6.403605	25.82695
449	12.04684	3.0445097	0.9792	0.9739	6.402542	25.82203
450	12.06466	3.0460904	0.9699	0.9646	6.399979	25.82453
451	12.07360	3.0477691	0.9701	0.9648	6.398361	25.83407
452	12.06898	3.0489293	0.9884	0.9830	6.398438	25.84811
453	12.05897	3.0471587	0.9885	0.9831	6.400207	25.83845
454	12.05258	3.0449369	0.9976	0.9921	6.401747	25.82206
455	12.04258	3.0449126	0.9916	0.9862	6.402862	25.82874
456	12.03862	3.0448455	0.9856	0.9802	6.403326	25.83085
457	12.04294	3.0453398	0.9856	0.9802	6.402663	25.83250
458	12.04696	3.0453947	0.9917	0.9863	6.402197	25.83023
459	12.04767	3.0449125	0.9917	0.9862	6.402299	25.82523
460	12.04684	3.0440886	0.9948	0.9894	6.402700	25.81809
461	12.04601	3.0439605	0.9949	0.9894	6.402840	25.81746
462	12.04684	3.0441191	0.9949	0.9894	6.402689	25.81837
463	12.05335	3.0443876	0.9828	0.9774	6.401867	25.81640
464	12.06874	3.0442349	0.9797	0.9744	6.400222	25.80435
465	12.08278	3.0441310	0.9798	0.9744	6.398709	25.79371
466	12.09113	3.0453943	0.9798	0.9744	6.397313	25.79977
467	12.09534	3.0458642	0.9950	0.9896	6.396672	25.80126
468	12.08775	3.0449060	1.0074	1.0018	6.397869	25.79752
469	12.08248	3.0434353	1.0013	0.9958	6.399002	25.78740
470	12.07680	3.0426238	1.0013	0.9958	6.399935	25.78373
471	12.07597	3.0425750	0.9892	0.9837	6.400045	25.78385
472	12.08278	3.0430204	0.9800	0.9746	6.399125	25.78332
473	12.08432	3.0433804	0.9801	0.9747	6.398820	25.78563
474	12.08023	3.0439357	0.9771	0.9718	6.399064	25.79364
475	12.07455	3.0438442	0.9801	0.9748	6.399727	25.79670
476	12.07064	3.0428069	0.9924	0.9869	6.400547	25.78969
477	12.06957	3.0420565	1.0015	0.9960	6.400947	25.78340
478	12.06596	3.0419101	0.9925	0.9870	6.401401	25.78452
479	12.05927	3.0418613	0.9895	0.9840	6.402159	25.78867
480	12.05353	3.0417943	0.9865	0.9811	6.402820	25.79200
481	12.05098	3.0417394	0.9835	0.9781	6.403122	25.79325
482	12.05187	3.0416540	0.9957	0.9902	6.403056	25.79183
483	12.05388	3.0415624	0.9957	0.9902	6.402868	25.78959
484	12.05601	3.0414770	0.9897	0.9842	6.402664	25.78732
485	12.05791	3.0413794	0.9867	0.9813	6.402491	25.78510
486	12.05980	3.0412207	0.9867	0.9813	6.402340	25.78231
487	12.06164	3.0411963	0.9838	0.9784	6.402146	25.78082
488	12.06264	3.0411597	0.9807	0.9753	6.402049	25.77979
489	12.06259	3.0420138	0.9899	0.9844	6.401735	25.78782
490	12.05951	3.0434355	0.9990	0.9936	6.401543	25.80324
491	12.05311	3.0433868	1.0083	1.0028	6.402269	25.80719
492	12.04737	3.0415930	1.0144	1.0088	6.403577	25.79435
493	12.04412	3.0401595	1.0113	1.0058	6.404475	25.78318
494	12.04228	3.0398362	0.9931	0.9876	6.404799	25.78143
495	12.05051	3.0402509	0.9719	0.9665	6.403733	25.77965
496	12.05513	3.0417393	0.9688	0.9635	6.402663	25.79040
497	12.05051	3.0424410	0.9750	0.9696	6.402911	25.80014
498	11.99959	3.0420267	1.0025	0.9970	6.408707	25.83140
499	11.89548	3.0406489	1.0056	1.0001	6.420781	25.89054
500	11.83242	3.0398932	1.0116	1.0061	6.428083	25.92723
501	11.79337	3.0395886	0.9965	0.9910	6.432548	25.95154
502	11.82424	3.0396676	0.9904	0.9849	6.429079	25.93080
503	11.86561	3.0392829	0.9874	0.9820	6.424619	25.89843
504	11.88764	3.0393193	0.9875	0.9821	6.422155	25.88349
505	11.88924	3.0387338	0.9936	0.9882	6.422200	25.87688
506	11.88600	3.0383130	0.9937	0.9882	6.422719	25.87517
507	11.88352	3.0378252	0.9906	0.9851	6.423179	25.87230
508	11.88770	3.0377337	0.9937	0.9883	6.422748	25.86854
509	11.89896	3.0380934	0.9968	0.9913	6.421360	25.86412
510	11.90497	3.0381665	1.0000	0.9945	6.420664	25.86064
511	11.91045	3.0371847	1.0060	1.0005	6.420426	25.84762
512	11.91547	3.0374164	1.0030	0.9975	6.419781	25.84633
513	11.92083	3.0382151	0.9970	0.9915	6.418883	25.85012
514	11.94797	3.0385991	0.9879	0.9824	6.415724	25.83494
515	11.98429	3.0381230	0.9757	0.9703	6.411872	25.80539
516	12.00822	3.0377081	0.9758	0.9704	6.409373	25.78499
517	12.01502	3.0380008	0.9819	0.9765	6.408510	25.78304
518	12.01100	3.0383667	1.0063	1.0008	6.408818	25.78923
519	12.00290	3.0376716	1.0125	1.0069	6.409977	25.78830
520	11.99486	3.0369888	1.0125	1.0070	6.411126	25.78745
521	11.98606	3.0374279	1.0004	0.9949	6.411937	25.79764
522	11.98895	3.0374156	0.9852	0.9798	6.411620	25.79554
523	11.99953	3.0368789	0.9699	0.9645	6.410648	25.78322
524	12.00379	3.0371045	0.9699	0.9646	6.410092	25.78239
525	11.99634	3.0374887	0.9822	0.9768	6.410773	25.79113
526	11.96137	3.0374159	0.9976	0.9921	6.414682	25.81458
527	11.90615	3.0364836	1.0037	0.9982	6.421169	25.84402
528	11.88146	3.0359839	1.0037	0.9981	6.424105	25.85642
529	11.86503	3.0363316	1.0037	0.9982	6.425802	25.87108
530	11.86738	3.0361547	0.9855	0.9801	6.425607	25.86779
531	11.88411	3.0361241	0.9856	0.9801	6.423756	25.85591
532	11.89931	3.0358923	0.9856	0.9801	6.422153	25.84320
533	11.90639	3.0357276	0.9794	0.9740	6.421428	25.83676
534	11.90857	3.0356666	0.9887	0.9832	6.421209	25.83467
535	11.91181	3.0356361	0.9857	0.9803	6.420860	25.83215
536	11.91429	3.0355202	0.9888	0.9834	6.420628	25.82934
537	11.91140	3.0360324	1.0011	0.9956	6.420756	25.83615
538	11.90067	3.0358069	1.0041	0.9986	6.422034	25.84145
539	11.89401	3.0346365	1.0102	1.0047	6.423218	25.83507
540	11.89224	3.0347158	1.0012	0.9957	6.423384	25.83704
541	11.89572	3.0345451	0.9889	0.9835	6.423062	25.83303
542	11.91222	3.0344596	0.9799	0.9745	6.421258	25.82081
543	11.92803	3.0343619	0.9739	0.9685	6.419537	25.80897
544	11.93110	3.0346849	0.9800	0.9746	6.419074	25.80988
545	11.92502	3.0354531	0.9860	0.9806	6.419460	25.82129
546	11.90792	3.0354045	0.9983	0.9928	6.421380	25.83266
547	11.88193	3.0340576	1.0044	0.9989	6.424781	25.83799
548	11.87215	3.0338261	0.9953	0.9899	6.425957	25.84259
549	11.86662	3.0340577	0.9985	0.9930	6.426486	25.84860
550	11.87392	3.0341125	0.9832	0.9778	6.425652	25.84406
551	11.89371	3.0339051	0.9772	0.9718	6.423527	25.82841
552	11.91045	3.0341426	0.9774	0.9720	6.421574	25.81906
553	11.91040	3.0354227	0.9833	0.9779	6.421097	25.83112
554	11.90202	3.0359532	0.9987	0.9932	6.421828	25.84189
555	11.89118	3.0346061	0.9987	0.9932	6.423544	25.83674
556	11.87922	3.0336554	1.0018	0.9963	6.425235	25.83609
557	11.86850	3.0339968	0.9927	0.9872	6.426299	25.84673
558	11.86667	3.0340577	0.9867	0.9813	6.426479	25.84857
559	11.87439	3.0340881	0.9806	0.9753	6.425608	25.84351
560	11.87828	3.0342588	0.9808	0.9754	6.425111	25.84242
561	11.86885	3.0349050	0.9807	0.9753	6.425916	25.85502
562	11.85719	3.0352891	0.9899	0.9845	6.427068	25.86671
563	11.84183	3.0353015	1.0021	0.9966	6.428775	25.87748
564	11.82718	3.0342288	0.9991	0.9936	6.430814	25.87756
565	11.82295	3.0329672	1.0084	1.0028	6.431765	25.86862
566	11.82224	3.0329063	0.9992	0.9937	6.431867	25.86854
567	11.82471	3.0326930	0.9840	0.9786	6.431672	25.86482
568	11.84083	3.0331072	0.9780	0.9726	6.429718	25.85754
569	11.85543	3.0334240	0.9810	0.9756	6.427971	25.85040
570	11.86208	3.0345149	0.9872	0.9818	6.426817	25.85605
571	11.86179	3.0354537	0.9902	0.9848	6.426495	25.86508
572	11.86114	3.0351184	0.9934	0.9879	6.426694	25.86237
573	11.85961	3.0333325	0.9996	0.9941	6.427541	25.84664
574	11.85867	3.0321564	0.9995	0.9940	6.428091	25.83623
575	11.85249	3.0322966	0.9935	0.9881	6.428727	25.84183
576	11.84536	3.0322479	0.9905	0.9850	6.429539	25.84631
577	11.84778	3.0321809	0.9875	0.9821	6.429295	25.84401
578	11.85525	3.0321869	0.9875	0.9821	6.428460	25.83889
579	11.86049	3.0323575	0.9784	0.9730	6.427811	25.83687
580	11.86073	3.0324489	0.9784	0.9731	6.427750	25.83756
581	11.85649	3.0335398	0.9846	0.9792	6.427810	25.85075
582	11.85243	3.0345760	0.9968	0.9914	6.427870	25.86331
583	11.85043	3.0337653	0.9969	0.9914	6.428400	25.85707
584	11.84931	3.0317543	0.9938	0.9884	6.429286	25.83894
585	11.84842	3.0310658	0.9938	0.9883	6.429646	25.83307
586	11.84536	3.0310902	0.9908	0.9854	6.429977	25.83542
587	11.84748	3.0319310	0.9849	0.9795	6.429423	25.84187
588	11.85113	3.0327841	0.9850	0.9795	6.428693	25.84736
589	11.85290	3.0337105	0.9850	0.9796	6.428145	25.85485
590	11.85407	3.0335154	0.9942	0.9887	6.428088	25.85219
591	11.85472	3.0323331	0.9973	0.9918	6.428464	25.84063
592	11.85678	3.0310901	1.0004	0.9949	6.428705	25.82751
593	11.85884	3.0301762	0.9973	0.9919	6.428821	25.81749
594	11.85837	3.0302980	0.9913	0.9859	6.428827	25.81897
595	11.86008	3.0302615	0.9913	0.9859	6.428651	25.81744
596	11.86402	3.0303284	0.9884	0.9830	6.428186	25.81534
597	11.86691	3.0305234	0.9793	0.9739	6.427791	25.81518
598	11.86715	3.0311448	0.9793	0.9739	6.427529	25.82086
599	11.86626	3.0317298	0.9915	0.9861	6.427406	25.82696
600	11.86632	3.0320893	0.9916	0.9861	6.427264	25.83030
601	11.86656	3.0311814	1.0008	0.9953	6.427581	25.82160
602	11.86703	3.0297558	0.9977	0.9922	6.428068	25.80788
603	11.86762	3.0292319	0.9918	0.9863	6.428201	25.80255
604	11.86779	3.0293903	0.9826	0.9772	6.428121	25.80392
605	11.86985	3.0302370	0.9826	0.9772	6.427571	25.81045
606	11.87162	3.0313885	0.9857	0.9803	6.426938	25.82005
607	11.87304	3.0316688	0.9888	0.9834	6.426675	25.82170
608	11.87309	3.0312362	0.9888	0.9834	6.426832	25.81760
609	11.87309	3.0302065	0.9981	0.9926	6.427222	25.80792
610	11.87321	3.0296948	0.9920	0.9866	6.427402	25.80303
611	11.87274	3.0295486	0.9950	0.9896	6.427510	25.80198
612	11.87174	3.0294816	0.9799	0.9745	6.427647	25.80205
613	11.87050	3.0293171	0.9891	0.9836	6.427847	25.80135
614	11.86956	3.0291161	0.9861	0.9807	6.428028	25.80012
615	11.86856	3.0289639	0.9953	0.9898	6.428197	25.79937
616	11.86779	3.0288299	0.9954	0.9899	6.428333	25.79864
617	11.86697	3.0283913	0.9954	0.9899	6.428591	25.79509
618	11.86573	3.0279406	0.9893	0.9839	6.428900	25.79171
619	11.86326	3.0280259	0.9833	0.9779	6.429143	25.79423
620	11.86108	3.0280564	0.9802	0.9748	6.429374	25.79602
621	11.86055	3.0284218	0.9834	0.9780	6.429295	25.79982
622	11.86026	3.0289761	0.9865	0.9811	6.429118	25.80524
623	11.85914	3.0295122	0.9864	0.9810	6.429040	25.81105
624	11.85837	3.0286594	0.9895	0.9841	6.429448	25.80356
625	11.85820	3.0275144	0.9958	0.9903	6.429901	25.79292
626	11.85631	3.0268810	0.9958	0.9904	6.430351	25.78826
627	11.85460	3.0274231	0.9867	0.9813	6.430336	25.79454
628	11.85602	3.0286838	0.9897	0.9843	6.429701	25.80542
629	11.85661	3.0291772	0.9959	0.9904	6.429449	25.80965
630	11.85690	3.0273682	0.9959	0.9905	6.430101	25.79244
631	11.85761	3.0263939	0.9930	0.9875	6.430391	25.78279
632	11.85714	3.0266192	0.9869	0.9815	6.430359	25.78524
633	11.85908	3.0269663	0.9869	0.9815	6.430010	25.78716
634	11.85831	3.0278859	0.9961	0.9906	6.429748	25.79633
635	11.85578	3.0284523	0.9991	0.9937	6.429815	25.80340
636	11.85390	3.0272525	1.0084	1.0029	6.430480	25.79342
637	11.85302	3.0261199	1.0115	1.0059	6.431008	25.78338
638	11.85060	3.0269116	1.0025	0.9970	6.430977	25.79250
639	11.85337	3.0271977	0.9872	0.9817	6.430560	25.79328
640	11.86179	3.0267592	0.9903	0.9849	6.429787	25.78334
641	11.86544	3.0272220	0.9874	0.9819	6.429205	25.78516
642	11.86461	3.0274230	0.9904	0.9849	6.429220	25.78762
643	11.86108	3.0263634	0.9967	0.9912	6.430016	25.78010
644	11.85796	3.0259981	0.9904	0.9850	6.430502	25.77883
645	11.85472	3.0259068	0.9876	0.9821	6.430898	25.78021
646	11.85402	3.0259981	0.9875	0.9821	6.430942	25.78155
647	11.85366	3.0265949	0.9937	0.9882	6.430755	25.78741
648	11.85131	3.0266984	0.9876	0.9822	6.430979	25.79001
649	11.84831	3.0254745	0.9907	0.9853	6.431777	25.78058
650	11.84519	3.0256998	0.9906	0.9852	6.432040	25.78485
651	11.84289	3.0258764	0.9786	0.9732	6.432229	25.78810
652	11.84383	3.0255476	0.9847	0.9793	6.432249	25.78436
653	11.84442	3.0253893	0.9908	0.9854	6.432243	25.78246
654	11.84360	3.0251519	0.9939	0.9884	6.432425	25.78080
655	11.84307	3.0250484	1.0001	0.9946	6.432523	25.78019
656	11.84130	3.0253955	1.0062	1.0007	6.432589	25.78467
657	11.84189	3.0255781	1.0672	1.0614	6.432455	25.78596
658	11.83018	3.0426324	1.2074	1.2007	6.427296	25.95450
659	11.71799	3.0754656	1.4269	1.4191	6.427282	26.34300
660	11.56569	3.0802901	1.6432	1.6342	6.442362	26.49691
661	11.44136	3.0866691	1.8689	1.8586	6.453755	26.64661
662	11.35373	3.0884494	2.0792	2.0678	6.462847	26.72670
663	11.29807	3.0855297	2.3017	2.2890	6.470208	26.73894
664	11.26005	3.0893157	2.5424	2.5285	6.472991	26.80266
665	11.23520	3.0873647	2.8046	2.7892	6.476540	26.80190
666	11.22015	3.0915381	3.0545	3.0377	6.476598	26.85277
667	11.20904	3.1073171	3.3105	3.2923	6.471672	27.01223
668	11.20036	3.1150334	3.5635	3.5439	6.469625	27.09262
669	11.19782	3.1276695	3.8134	3.7925	6.464967	27.21585
670	11.19683	3.1291556	4.0665	4.0441	6.464499	27.23078
671	11.19423	3.1324556	4.3407	4.3168	6.463501	27.26434
672	11.17006	3.1351400	4.5967	4.5714	6.465142	27.30795
673	11.11999	3.1467383	4.8558	4.8290	6.466164	27.45679
674	11.06900	3.1523707	5.1056	5.0775	6.469620	27.54913
675	11.01958	3.1711303	5.3556	5.3261	6.467716	27.76759
676	10.94097	3.1792919	5.5995	5.5687	6.473213	27.90613
677	10.85771	3.1803538	5.8555	5.8233	6.482042	27.97972
678	10.76794	3.1745118	6.1176	6.0839	6.494371	27.99125
679	10.65586	3.1713141	6.3705	6.3354	6.508177	28.04573
680	10.53325	3.1685948	6.6266	6.5901	6.523020	28.11324
681	10.42039	3.1679951	6.8918	6.8538	6.535956	28.19439
682	10.32933	3.1659765	7.1325	7.0932	6.547048	28.24499
683	10.22891	3.1630544	7.3825	7.3418	6.559602	28.29414
684	10.11930	3.1613406	7.6294	7.5874	6.572739	28.36264
685	10.00861	3.1597447	7.8915	7.8480	6.585991	28.43347
686	9.89913	3.1576108	8.1567	8.1117	6.599370	28.49830
687	9.78706	3.1552980	8.3974	8.3511	6.613164	28.56369
688	9.67926	3.1561715	8.6625	8.6147	6.625163	28.65795
689	9.58008	3.1583631	8.9095	8.8603	6.635637	28.75906
690	9.47573	3.1622454	9.1746	9.1240	6.646000	28.88187
691	9.32246	3.1709073	9.4245	9.3726	6.659963	29.09348
692	9.09318	3.1781335	9.6776	9.6242	6.683355	29.35457
693	8.85833	3.1821692	9.9335	9.8787	6.708871	29.59039
694	8.66178	3.1847784	10.1896	10.1333	6.730649	29.78179
695	8.51343	3.1865371	10.4517	10.3940	6.747235	29.92520
696	8.38268	3.1887308	10.7016	10.6426	6.761601	30.05913
697	8.26655	3.1889433	10.9667	10.9062	6.775179	30.16058
698	8.17082	3.1900377	11.2137	11.1518	6.785978	30.25425
699	8.09730	3.1902497	11.4697	11.4063	6.794575	30.31984
700	8.04241	3.1903746	11.7226	11.6579	6.801019	30.36857
701	8.00117	3.1909840	11.9786	11.9125	6.805629	30.41067
702	7.96907	3.1911024	12.2377	12.1701	6.809385	30.43971
703	7.94502	3.1915501	12.4936	12.4246	6.812035	30.46526
704	7.92610	3.1913205	12.7527	12.6822	6.814393	30.47921
705	7.91068	3.1914388	13.0027	12.9308	6.816172	30.49379
706	7.89857	3.1918677	13.2770	13.2037	6.817417	30.50878
707	7.88986	3.1919859	13.5330	13.4582	6.818401	30.51752
708	7.88306	3.1915636	13.7829	13.7067	6.819410	30.51888
709	7.87786	3.1918371	14.0389	13.9613	6.819906	30.52621
710	7.87372	3.1922349	14.2888	14.2099	6.820218	30.53393
711	7.86915	3.1921418	14.5357	14.4553	6.820809	30.53682
712	7.86183	3.1921420	14.7766	14.6949	6.821684	30.54312
713	7.85185	3.1913219	15.0144	14.9314	6.823257	30.54306
714	7.83992	3.1910177	15.2673	15.1828	6.824823	30.55017
715	7.82889	3.1905022	15.5294	15.4435	6.826381	30.55424
716	7.81876	3.1905894	15.7640	15.6768	6.827550	30.56393
717	7.80933	3.1904405	16.0261	15.9374	6.828748	30.57050
718	7.79957	3.1904406	16.2852	16.1951	6.829914	30.57893
719	7.79195	3.1904408	16.5320	16.4405	6.830827	30.58551
720	7.78400	3.1898322	16.7728	16.6800	6.832063	30.58591
721	7.77574	3.1899814	17.0168	16.9226	6.832983	30.59463
722	7.76859	3.1896213	17.2757	17.1801	6.834008	30.59697
723	7.76181	3.1895282	17.5256	17.4286	6.834865	30.60181
724	7.75430	3.1885221	17.7969	17.6984	6.836238	30.59761
725	7.74630	3.1888888	18.0653	17.9652	6.837024	30.60840
726	7.73847	3.1893486	18.3058	18.2044	6.837747	30.62005
727	7.73101	3.1893487	18.5528	18.4501	6.838641	30.62650
728	7.72409	3.1895290	18.7935	18.6894	6.839388	30.63440
729	7.71716	3.1891316	19.0405	18.9350	6.840406	30.63615
730	7.71050	3.1893492	19.2812	19.1744	6.841104	30.64422
731	7.70320	3.1895605	19.5371	19.4289	6.841880	30.65277
732	7.69501	3.1894364	19.7811	19.6715	6.842921	30.65855
733	7.68349	3.1896478	20.0187	19.9078	6.844202	30.67084
734	7.67060	3.1898655	20.2687	20.1563	6.845644	30.68440
735	7.65586	3.1902260	20.5156	20.4019	6.847239	30.70112
736	7.63813	3.1920529	20.7624	20.6473	6.848502	30.73613
737	7.61238	3.1943402	21.0093	20.8928	6.850504	30.78317
738	7.58739	3.1960748	21.2562	21.1383	6.852675	30.82371
739	7.56621	3.1972626	21.5091	21.3898	6.854650	30.85507
740	7.55088	3.1973561	21.7591	21.6384	6.856444	30.86957
741	7.53935	3.1976921	21.9998	21.8778	6.857668	30.88330
742	7.52998	3.1981462	22.2528	22.1293	6.858579	30.89638
743	7.52482	3.1986376	22.5057	22.3809	6.858967	30.90611
744	7.52219	3.1988802	22.7466	22.6204	6.859172	30.91094
745	7.52050	3.1989114	23.0025	22.8748	6.859364	30.91266
746	7.51966	3.1988182	23.2556	23.1265	6.859513	30.91230
747	7.51782	3.1984265	23.4963	23.3659	6.859924	30.90964
748	7.51535	3.1982400	23.7402	23.6084	6.860314	30.90973
749	7.51529	3.1986692	23.9930	23.8598	6.860121	30.91426
750	7.51666	3.1989118	24.2460	24.1114	6.859848	30.91552
751	7.51903	3.2002552	24.4899	24.3539	6.858932	30.92768
752	7.52071	3.2014434	24.7429	24.6055	6.858171	30.93878
753	7.51524	3.2019536	24.9927	24.8539	6.858588	30.94900
754	7.50467	3.2027253	25.2458	25.1055	6.859492	30.96657
755	7.49104	3.2022713	25.4896	25.3480	6.861341	30.97375
756	7.47490	3.2018734	25.7426	25.5996	6.863466	30.98378
757	7.45893	3.2016310	25.9954	25.8509	6.865499	30.99534
758	7.44474	3.2014757	26.2424	26.0966	6.867276	31.00624
759	7.43324	3.2013515	26.4893	26.3421	6.868718	31.01508
760	7.42411	3.2015383	26.7392	26.5906	6.869729	31.02514
761	7.41691	3.2014140	26.9829	26.8329	6.870654	31.03013
762	7.41135	3.2013831	27.2329	27.0815	6.871341	31.03467
763	7.40768	3.2013521	27.4828	27.3300	6.871801	31.03751
764	7.40553	3.2013148	27.7419	27.5877	6.872082	31.03892
765	7.40421	3.2014456	28.0040	27.8483	6.872182	31.04138
766	7.40259	3.2013213	28.2569	28.0998	6.872441	31.04139
767	7.40065	3.2009606	28.5191	28.3605	6.872852	31.03914
768	7.39692	3.2007741	28.7752	28.6151	6.873393	31.04035
769	7.39189	3.2001398	29.0190	28.8575	6.874304	31.03794
770	7.38244	3.1996797	29.2719	29.1091	6.875662	31.04134
771	7.37196	3.1994311	29.5248	29.3605	6.877044	31.04796
772	7.36336	3.1992198	29.7869	29.6212	6.878183	31.05327
773	7.35738	3.1991889	30.0338	29.8666	6.878920	31.05819
774	7.35235	3.1989154	30.2929	30.1242	6.879660	31.05964
775	7.34266	3.1983683	30.5338	30.3638	6.881091	31.06234
776	7.32448	3.1976348	30.7836	30.6122	6.883632	31.07065
777	7.30553	3.1973304	31.0276	30.8548	6.886061	31.08428
778	7.28946	3.1972063	31.2866	31.1123	6.888058	31.09726
779	7.27670	3.1970884	31.5364	31.3608	6.889656	31.10735
780	7.26671	3.1967839	31.7802	31.6032	6.891009	31.11295
781	7.25897	3.1965416	32.0303	31.8518	6.892063	31.11718
782	7.25332	3.1965977	32.2861	32.1062	6.892721	31.12275
783	7.24862	3.1965108	32.5360	32.3547	6.893334	31.12594
784	7.24308	3.1964487	32.7831	32.6004	6.894036	31.13014
785	7.23665	3.1962064	33.0420	32.8579	6.894932	31.13320
786	7.23032	3.1961133	33.2858	33.1003	6.895744	31.13778
787	7.22327	3.1957653	33.5328	33.3459	6.896766	31.14027
788	7.21564	3.1954422	33.7917	33.6033	6.897847	31.14354
789	7.20865	3.1952124	34.0478	33.8580	6.898806	31.14725
790	7.20254	3.1949887	34.3161	34.1247	6.899656	31.15022
791	7.19794	3.1948956	34.5569	34.3642	6.900260	31.15325
792	7.19403	3.1947714	34.8006	34.6065	6.900797	31.15533
793	7.19136	3.1949207	35.0628	34.8672	6.901052	31.15922
794	7.19016	3.1950762	35.3097	35.1127	6.901127	31.16187
795	7.18922	3.1949644	35.5658	35.3673	6.901299	31.16139
796	7.18844	3.1947407	35.8186	35.6187	6.901507	31.15957
797	7.18688	3.1944984	36.0686	35.8673	6.901818	31.15825
798	7.18416	3.1944674	36.3216	36.1189	6.902165	31.16025
799	7.18207	3.1941008	36.5654	36.3613	6.902599	31.15806
800	7.17821	3.1938896	36.8183	36.6128	6.903173	31.15915
801	7.17331	3.1940140	37.0531	36.8463	6.903709	31.16481
802	7.16929	3.1942566	37.2939	37.0857	6.904082	31.17095
803	7.16569	3.1943810	37.5438	37.3341	6.904461	31.17543
804	7.16126	3.1943873	37.7876	37.5765	6.904998	31.17939
805	7.15557	3.1942569	38.0314	37.8190	6.905753	31.18300
806	7.14931	3.1941017	38.2844	38.0705	6.906588	31.18686
807	7.14368	3.1939526	38.5282	38.3129	6.907346	31.19023
808	7.13873	3.1937974	38.7842	38.5675	6.908024	31.19291
809	7.13466	3.1933438	39.0677	38.8494	6.908741	31.19155
810	7.13169	3.1931575	39.3724	39.1524	6.909196	31.19208
811	7.13013	3.1938599	39.6133	39.3919	6.909050	31.20098
812	7.12830	3.1933131	39.8753	39.6524	6.909541	31.19660
813	7.12862	3.1934685	40.1222	39.8979	6.909433	31.19788
814	7.12982	3.1933754	40.3722	40.1465	6.909338	31.19568
815	7.12596	3.1928845	40.6190	40.3919	6.910047	31.19374
816	7.12049	3.1928598	40.8629	40.6344	6.910725	31.19831
817	7.11507	3.1928413	41.1128	40.8829	6.911394	31.20289
818	7.11017	3.1927669	41.3718	41.1404	6.912028	31.20640
819	7.10673	3.1929161	41.6157	41.3829	6.912376	31.21101
820	7.10335	3.1926739	41.8624	41.6282	6.912908	31.21134
821	7.09783	3.1921582	42.1125	41.8769	6.913831	31.21064
822	7.09111	3.1919471	42.3623	42.1253	6.914751	31.21432
823	7.08564	3.1922206	42.6091	42.3707	6.915285	31.22212
824	7.08215	3.1922829	42.8654	42.6254	6.915682	31.22583
825	7.07976	3.1923079	43.1092	42.8679	6.915965	31.22816
826	7.07741	3.1923328	43.3499	43.1073	6.916241	31.23044
827	7.07476	3.1922894	43.5937	43.3497	6.916588	31.23227
828	7.07211	3.1923082	43.8436	43.5982	6.916905	31.23476
829	7.07044	3.1922834	44.0875	43.8406	6.917124	31.23589
830	7.06924	3.1922835	44.3436	44.0952	6.917274	31.23686
831	7.06846	3.1921904	44.5995	44.3497	6.917419	31.23644
832	7.06758	3.1922837	44.8526	44.6013	6.917486	31.23813
833	7.06659	3.1922837	45.1025	44.8499	6.917611	31.23892
834	7.06513	3.1922901	45.3554	45.1013	6.917789	31.24019
835	7.06419	3.1923088	45.6084	45.3528	6.917899	31.24113
836	7.06321	3.1921597	45.8644	45.6074	6.918096	31.24029
837	7.06232	3.1921288	46.1145	45.8560	6.918223	31.24064
838	7.06165	3.1920978	46.3612	46.1014	6.918325	31.24081
839	7.06024	3.1921289	46.6141	46.3528	6.918486	31.24230
840	7.05904	3.1920669	46.8673	46.6045	6.918666	31.24260
841	7.05842	3.1920359	47.1263	46.8621	6.918762	31.24271
842	7.05753	3.1920670	47.3763	47.1106	6.918859	31.24373
843	7.05452	3.1918870	47.6293	47.3621	6.919317	31.24440
844	7.05051	3.1917939	47.8822	47.6136	6.919852	31.24691
845	7.04677	3.1917008	48.1260	47.8561	6.920356	31.24918
846	7.04276	3.1915828	48.3758	48.1044	6.920904	31.25142
847	7.03720	3.1913096	48.6258	48.3530	6.921716	31.25339
848	7.03137	3.1911233	48.8788	48.6045	6.922518	31.25654
849	7.02591	3.1909744	49.1347	48.8590	6.923257	31.25976
850	7.02077	3.1907633	49.3909	49.1137	6.923989	31.26202
851	7.01624	3.1907012	49.6348	49.3562	6.924572	31.26534
852	7.01276	3.1906392	49.8846	49.6046	6.925030	31.26771
853	7.00892	3.1906704	50.1377	49.8562	6.925486	31.27142
854	7.00543	3.1906084	50.3815	50.0986	6.925944	31.27380
855	7.00169	3.1906085	50.6377	50.3533	6.926402	31.27708
856	6.99884	3.1906086	50.8874	50.6016	6.926754	31.27956
857	6.99671	3.1905155	51.1557	50.8683	6.927063	31.28036
858	6.99442	3.1903665	51.4270	51.1381	6.927419	31.28070
859	6.98709	3.1898511	51.6800	51.3896	6.928564	31.28164
860	6.97718	3.1894040	51.9329	51.6411	6.929991	31.28568
861	6.96601	3.1890315	52.1859	51.8927	6.931534	31.29166
862	6.95740	3.1896093	52.3963	52.1018	6.932301	31.30568
863	6.95003	3.1960288	52.4847	52.1897	6.930057	31.38212
864	6.95101	3.1964578	52.4604	52.1655	6.929727	31.38590
865	6.97925	3.1956617	52.4512	52.1564	6.926693	31.35152
866	6.99998	3.1970044	52.4606	52.1658	6.923527	31.34723
867	7.00502	3.1982230	52.4484	52.1537	6.922322	31.35588
868	7.00180	3.1969733	52.4547	52.1599	6.923322	31.34524
869	6.99364	3.1979807	52.4578	52.1630	6.923818	31.36360
870	6.98855	3.1979807	52.4518	52.1570	6.924434	31.36824
871	6.98112	3.1972782	52.4489	52.1542	6.925677	31.36738
872	6.97183	3.1985592	52.4549	52.1601	6.926177	31.38976
873	6.96757	3.1981053	52.4399	52.1452	6.926914	31.38872
874	6.96321	3.1990506	52.4430	52.1483	6.926980	31.40297
875	6.95968	3.1991688	52.4399	52.1452	6.927350	31.40748
876	6.95802	3.2016443	52.4158	52.1213	6.926340	31.43592
877	6.96087	3.2009102	52.2725	51.9788	6.926351	31.42539
878	6.99780	3.2009409	52.0625	51.7700	6.921862	31.39214
879	7.04182	3.2012452	51.8737	51.5822	6.916385	31.35544
880	7.06841	3.2011826	51.6879	51.3976	6.913199	31.33068
881	7.08106	3.2016988	51.5235	51.2341	6.911417	31.32486
882	7.08153	3.2023706	51.3498	51.0614	6.911031	31.33179
883	7.07747	3.2033910	51.1764	50.8890	6.911022	31.34661
884	7.07804	3.2048159	50.9934	50.7070	6.910256	31.36161
885	7.08241	3.2054008	50.7956	50.5103	6.909441	31.36407
886	7.08517	3.2051455	50.5916	50.3075	6.909227	31.35889
887	7.08653	3.2051517	50.3906	50.1077	6.909057	31.35781
888	7.09064	3.2059171	50.1925	49.9107	6.908185	31.36246
889	7.09673	3.2067884	49.9855	49.7049	6.907023	31.36645
890	7.10199	3.2074481	49.7784	49.4990	6.906065	31.36891
891	7.10616	3.2080270	49.5682	49.2900	6.905277	31.37148
892	7.11001	3.2086121	49.3551	49.0781	6.904525	31.37441
893	7.11236	3.2091288	49.1296	48.8539	6.903987	31.37798
894	7.11439	3.2090664	48.9166	48.6421	6.903768	31.37555
895	7.11455	3.2079955	48.6972	48.4239	6.904264	31.36392
896	7.11392	3.2075970	48.4871	48.2151	6.904528	31.36027
897	7.11106	3.2075098	48.2769	48.0061	6.904911	31.36202
898	7.10361	3.2071737	48.0575	47.7880	6.905968	31.36525
899	7.08944	3.2065264	47.8444	47.5760	6.907986	31.37122
900	7.07476	3.2056426	47.6223	47.3552	6.910181	31.37510
901	7.06211	3.2042611	47.4059	47.1400	6.912375	31.37173
902	7.05124	3.2022203	47.1989	46.9342	6.914676	31.35959
903	7.04250	3.2005408	46.9826	46.7192	6.916546	31.34943
904	7.03662	3.2000494	46.7633	46.5012	6.917491	31.34954
905	7.03408	3.1999001	46.5409	46.2800	6.917867	31.35034
906	7.03314	3.1997445	46.3155	46.0558	6.918051	31.34961
907	7.03309	3.1994397	46.1116	45.8531	6.918202	31.34645
908	7.03231	3.1991349	45.8921	45.6349	6.918440	31.34395
909	7.03194	3.1990789	45.6758	45.4198	6.918507	31.34377
910	7.03194	3.1988300	45.4628	45.2080	6.918624	31.34117
911	7.03246	3.1987429	45.2465	44.9930	6.918599	31.33985
912	7.03454	3.1986185	45.0364	44.7841	6.918404	31.33671
913	7.03662	3.1979779	44.8048	44.5538	6.918459	31.32797
914	7.03798	3.1974866	44.5976	44.3478	6.918531	31.32151
915	7.03928	3.1976108	44.3723	44.1238	6.918308	31.32178
916	7.04130	3.1977040	44.1531	43.9058	6.918013	31.32105
917	7.04396	3.1973682	43.9368	43.6908	6.917851	31.31509
918	7.04640	3.1964541	43.7267	43.4819	6.917996	31.30306
919	7.04770	3.1961494	43.5074	43.2638	6.917983	31.29867
920	7.04952	3.1962115	43.2851	43.0428	6.917728	31.29780
921	7.05218	3.1965160	43.0657	42.8246	6.917254	31.29879
922	7.05540	3.1969387	42.8495	42.6097	6.916654	31.30054
923	7.05852	3.1972122	42.6302	42.3916	6.916139	31.30077
924	7.06040	3.1972805	42.4079	42.1706	6.915874	31.29991
925	7.06123	3.1967892	42.1915	41.9555	6.916008	31.29393
926	7.06112	3.1961488	41.9693	41.7345	6.916328	31.28719
927	7.06060	3.1955084	41.7530	41.5195	6.916698	31.28082
928	7.06102	3.1952348	41.5306	41.2983	6.916776	31.27758
929	7.06222	3.1952037	41.3145	41.0834	6.916642	31.27625
930	7.06336	3.1952658	41.0981	40.8683	6.916469	31.27598
931	7.06534	3.1954460	40.8758	40.6472	6.916137	31.27624
932	7.06721	3.1955391	40.6534	40.4261	6.915861	31.27566
933	7.06872	3.1956882	40.4371	40.2111	6.915601	31.27600
934	7.07096	3.1960238	40.2179	39.9930	6.915163	31.27771
935	7.07294	3.1964527	39.9896	39.7661	6.914711	31.28067
936	7.07507	3.1963283	39.7732	39.5509	6.914509	31.27748
937	7.07637	3.1956879	39.5418	39.3208	6.914658	31.26947
938	7.07731	3.1951097	39.3195	39.0998	6.914821	31.26246
939	7.07778	3.1985540	39.0788	38.8604	6.913086	31.29946
940	7.08101	3.1956876	38.8381	38.6211	6.914084	31.26559
941	7.08377	3.1943200	38.6096	38.3939	6.914410	31.24838
942	7.08871	3.1948358	38.3904	38.1759	6.913557	31.24958
943	7.09569	3.1951402	38.1558	37.9427	6.912561	31.24666
944	7.09824	3.1949288	37.9335	37.7216	6.912350	31.24216
945	7.09996	3.1946552	37.7111	37.5005	6.912271	31.23775
946	7.10173	3.1944376	37.4857	37.2764	6.912158	31.23389
947	7.10340	3.1944064	37.2633	37.0552	6.911967	31.23215
948	7.10480	3.1944685	37.0318	36.8251	6.911762	31.23165
949	7.10668	3.1947108	36.8096	36.6042	6.911413	31.23268
950	7.10908	3.1946423	36.5719	36.3678	6.911152	31.22988
951	7.11173	3.1948971	36.3374	36.1346	6.910703	31.23033
952	7.11470	3.1946856	36.1242	35.9226	6.910442	31.22546
953	7.11825	3.1950771	35.8927	35.6924	6.909819	31.22659
954	7.12184	3.1950087	35.6763	35.4772	6.909414	31.22270
955	7.12565	3.1953815	35.4481	35.2503	6.908769	31.22339
956	7.12919	3.1952633	35.2226	35.0261	6.908393	31.21901
957	7.13232	3.1957791	35.0003	34.8051	6.907761	31.22186
958	7.13492	3.1954434	34.7689	34.5749	6.907604	31.21598
959	7.13675	3.1955552	34.5344	34.3418	6.907325	31.21564
960	7.13826	3.1953499	34.3089	34.1176	6.907237	31.21216
961	7.13946	3.1952318	34.0805	33.8905	6.907145	31.20990
962	7.14035	3.1954119	33.8551	33.6664	6.906946	31.21115
963	7.14113	3.1951384	33.6204	33.4330	6.906980	31.20759
964	7.14217	3.1948026	33.3949	33.2087	6.907012	31.20312
965	7.14467	3.1945290	33.1696	32.9848	6.906838	31.19801
966	7.14884	3.1946408	32.9443	32.7607	6.906275	31.19555
967	7.15291	3.1943796	32.7158	32.5335	6.905906	31.18915
968	7.15677	3.1948643	32.4905	32.3094	6.905201	31.19101
969	7.16115	3.1947399	32.2620	32.0823	6.904727	31.18581
970	7.16564	3.1947709	32.0426	31.8641	6.904167	31.18219
971	7.16976	3.1950443	31.8111	31.6340	6.903532	31.18153
972	7.17305	3.1943480	31.5828	31.4069	6.903468	31.17114
973	7.17613	3.1940993	31.3634	31.1887	6.903212	31.16578
974	7.17926	3.1943167	31.1350	30.9616	6.902724	31.16541
975	7.18213	3.1944471	30.9035	30.7314	6.902310	31.16433
976	7.18515	3.1946832	30.6749	30.5041	6.901826	31.16425
977	7.18776	3.1946521	30.4526	30.2831	6.901522	31.16166
978	7.18954	3.1948944	30.2211	30.0529	6.901186	31.16279
979	7.19048	3.1948943	29.9958	29.8288	6.901069	31.16204
980	7.19105	3.1955034	29.7672	29.6016	6.900700	31.16820
981	7.19194	3.1958701	29.5359	29.3715	6.900412	31.17147
982	7.19340	3.1963238	29.3042	29.1412	6.900011	31.17515
983	7.19507	3.1965973	29.0728	28.9110	6.899673	31.17670
984	7.19685	3.1971506	28.8444	28.6839	6.899187	31.18118
985	7.19836	3.1978220	28.6159	28.4567	6.898676	31.18717
986	7.19873	3.1996502	28.3751	28.2173	6.897744	31.20669
987	7.19893	3.2009314	28.1376	27.9811	6.897096	31.22044
988	7.20212	3.2021817	27.9030	27.7478	6.896104	31.23117
989	7.20525	3.2027602	27.6776	27.5237	6.895443	31.23469
990	7.20765	3.2028535	27.4370	27.2845	6.895104	31.23363
991	7.21204	3.2028533	27.2086	27.0574	6.894572	31.22977
992	7.21847	3.2028532	26.9801	26.8301	6.893794	31.22407
993	7.22452	3.2027597	26.7364	26.5878	6.893105	31.21770
994	7.22975	3.2026103	26.5019	26.3546	6.892544	31.21147
995	7.23414	3.2023053	26.2796	26.1335	6.892158	31.20432
996	7.23811	3.2019755	26.0450	25.9003	6.891835	31.19728
997	7.24083	3.2019940	25.7983	25.6550	6.891494	31.19514
998	7.24250	3.2023983	25.5637	25.4217	6.891093	31.19810
999	7.24417	3.2026720	25.3321	25.1914	6.890755	31.19965
1000	7.24658	3.2031572	25.1038	24.9643	6.890228	31.20282
1001	7.24788	3.2033998	24.8660	24.7279	6.889949	31.20436
1002	7.24919	3.2035864	24.6376	24.5008	6.889698	31.20530
1003	7.25029	3.2037978	24.4060	24.2705	6.889459	31.20669
1004	7.25102	3.2038911	24.1747	24.0405	6.889322	31.20715
1005	7.25144	3.2039221	23.9462	23.8133	6.889252	31.20721
1006	7.25196	3.2040154	23.7055	23.5739	6.889139	31.20785
1007	7.25280	3.2040713	23.4801	23.3498	6.889007	31.20780
1008	7.25374	3.2040090	23.2517	23.1226	6.888919	31.20638
1009	7.25489	3.2037040	23.0110	22.8833	6.888923	31.20217
1010	7.25583	3.2033991	22.7825	22.6561	6.888952	31.19813
1011	7.25614	3.2033803	22.5509	22.4258	6.888919	31.19775
1012	7.25599	3.2036789	22.3134	22.1896	6.888789	31.20122
1013	7.25630	3.2039775	22.0819	21.9595	6.888603	31.20426
1014	7.25688	3.2043508	21.8412	21.7201	6.888349	31.20788
1015	7.25792	3.2044378	21.6098	21.4899	6.888177	31.20798
1016	7.25834	3.2046245	21.3752	21.2567	6.888032	31.20972
1017	7.25823	3.2046244	21.1438	21.0266	6.888040	31.20992
1018	7.25771	3.2044563	20.9212	20.8052	6.888179	31.20868
1019	7.25756	3.2041638	20.6836	20.5689	6.888334	31.20578
1020	7.25745	3.2036783	20.4552	20.3419	6.888576	31.20074
1021	7.25693	3.2034605	20.2239	20.1118	6.888739	31.19897
1022	7.25620	3.2029129	19.9799	19.8692	6.889085	31.19383
1023	7.25505	3.2021662	19.7517	19.6422	6.889578	31.18692
1024	7.25808	3.2016000	19.5200	19.4118	6.889481	31.17819
1025	7.27989	3.2012327	19.2915	19.1847	6.887032	31.15468
1026	7.30642	3.2009897	19.0538	18.9483	6.883956	31.12829
1027	7.32469	3.2006847	18.8224	18.7182	6.881903	31.10868
1028	7.33637	3.1997640	18.5970	18.4940	6.880937	31.08839
1029	7.34769	3.1983334	18.3624	18.2607	6.880259	31.06295
1030	7.36588	3.1975683	18.1279	18.0275	6.878437	31.03853
1031	7.39283	3.1991848	17.8902	17.7912	6.874424	31.03186
1032	7.41035	3.1980900	17.6467	17.5490	6.872840	31.00453
1033	7.42894	3.1978846	17.4151	17.3187	6.870706	30.98582
1034	7.44385	3.1990659	17.1805	17.0854	6.868350	30.98527
1035	7.45110	3.2003158	16.9459	16.8521	6.866882	30.99230
1036	7.45247	3.2017464	16.7144	16.6219	6.866032	31.00652
1037	7.45551	3.2019952	16.4798	16.3886	6.865544	31.00657
1038	7.45488	3.2037621	16.2392	16.1494	6.864774	31.02619
1039	7.43902	3.2047143	16.0108	15.9222	6.866214	31.05070
1040	7.41854	3.2051065	15.7731	15.6859	6.868473	31.07336
1041	7.40038	3.2055049	15.5416	15.4557	6.870452	31.09402
1042	7.38596	3.2056606	15.3101	15.2255	6.872101	31.10874
1043	7.37516	3.2056233	15.0664	14.9831	6.873408	31.11816
1044	7.36818	3.2049574	14.8226	14.7407	6.874558	31.11737
1045	7.36640	3.2031652	14.5881	14.5074	6.875624	31.09981
1046	7.36546	3.2017466	14.3565	14.2771	6.876411	31.08552
1047	7.36378	3.2011680	14.1311	14.0529	6.876885	31.08091
1048	7.36488	3.2009876	13.8996	13.8228	6.876835	31.07808
1049	7.37479	3.2015037	13.6650	13.5895	6.875395	31.07485
1050	7.38570	3.2022065	13.4243	13.3502	6.873746	31.07272
1051	7.39047	3.2025423	13.1928	13.1199	6.873008	31.07215
1052	7.39141	3.2029715	12.9583	12.8867	6.872685	31.07602
1053	7.39021	3.2038239	12.7298	12.6594	6.872418	31.08637
1054	7.38512	3.2050498	12.4830	12.4140	6.872437	31.10421
1055	7.37867	3.2052614	12.2607	12.1930	6.873104	31.11238
1056	7.37248	3.2050000	12.0261	11.9597	6.873966	31.11523
1057	7.36745	3.2050187	11.8006	11.7354	6.874555	31.12006
1058	7.36289	3.2056286	11.5662	11.5023	6.874806	31.13082
1059	7.35864	3.2057219	11.3345	11.2719	6.875265	31.13574
1060	7.35450	3.2057779	11.0970	11.0357	6.875730	31.14018
1061	7.35078	3.2058090	10.8593	10.7993	6.876156	31.14396
1062	7.34800	3.2053235	10.6218	10.5631	6.876717	31.14135
1063	7.34732	3.2041908	10.3840	10.3267	6.877336	31.12988
1064	7.34811	3.2023863	10.1525	10.0965	6.878102	31.10987
1065	7.34748	3.2014095	9.9181	9.8634	6.878640	31.10004
1066	7.34952	3.2007998	9.6803	9.6269	6.878682	31.09176
1067	7.37369	3.2001899	9.4490	9.3968	6.876070	31.06362
1068	7.41917	3.1998224	9.2173	9.1665	6.870788	31.01904
1069	7.46429	3.1997037	8.9827	8.9332	6.865435	30.97754
1070	7.49683	3.1990876	8.7482	8.6999	6.861829	30.94202
1071	7.53071	3.1986954	8.5076	8.4606	6.857957	30.90775
1072	7.56083	3.1980048	8.2700	8.2244	6.854679	30.87369
1073	7.58396	3.1986325	8.0353	7.9910	6.851614	30.85996
1074	7.59335	3.1990303	7.7976	7.7546	6.850300	30.85599
1075	7.59366	3.1996895	7.5661	7.5244	6.849946	30.86285
1076	7.59150	3.2013751	7.3132	7.2729	6.849403	30.88288
1077	7.59261	3.2030547	7.0879	7.0488	6.848472	30.89993
1078	7.57748	3.2040380	6.8412	6.8035	6.849807	30.92400
1079	7.55040	3.2045858	6.6157	6.5793	6.852774	30.95406
1080	7.52745	3.2045859	6.3781	6.3429	6.855510	30.97463
1081	7.50814	3.2034847	6.1435	6.1097	6.858336	30.98018
1082	7.50398	3.2019665	5.9028	5.8703	6.859549	30.96774
1083	7.51066	3.2015931	5.6711	5.6399	6.858922	30.95789
1084	7.51077	3.2010146	5.4336	5.4036	6.859180	30.95171
1085	7.50914	3.2001872	5.1959	5.1673	6.859763	30.94441
1086	7.51529	3.1978985	4.9675	4.9402	6.860109	30.91454
1087	7.60721	3.1944845	4.7389	4.7128	6.850732	30.79653
1088	7.74646	3.1901332	4.5043	4.4795	6.836157	30.62747
1089	7.97359	3.1870004	4.2728	4.2492	6.810596	30.39595
1090	8.27889	3.1821734	4.0384	4.0162	6.776682	30.08215
1091	8.60968	3.1793899	3.8066	3.7857	6.739042	29.77254
1092	8.84386	3.1773464	3.5692	3.5495	6.712577	29.55546
1093	9.02383	3.1765878	3.3345	3.3162	6.691966	29.39855
1094	9.13717	3.1769525	3.1000	3.0829	6.678659	29.30902
1095	9.16946	3.1753458	2.8622	2.8465	6.675615	29.26622
1096	9.18449	3.1738326	2.6307	2.6162	6.674529	29.23857
1097	9.26699	3.1710483	2.3931	2.3800	6.666189	29.14291
1098	9.38506	3.1658051	2.1494	2.1376	6.654809	28.99389
1099	9.52225	3.1653762	1.9148	1.9042	6.639182	28.87894
1100	9.68199	3.1625754	1.6741	1.6649	6.622023	28.72285
1101	9.82057	3.1615771	1.4455	1.4376	6.606573	28.60269
1102	9.87689	3.1590818	1.2232	1.2165	6.601180	28.53326
1103	9.88108	3.1601896	0.9886	0.9831	6.600234	28.54110
1104	9.89494	3.1619723	0.7694	0.7651	6.597902	28.54803
1105	9.95461	3.1519602	0.5621	0.5590	6.595272	28.40124
1106	10.09935	3.1488426	0.3885	0.3864	6.580065	28.25703
1107	10.18462	3.1845485	0.2241	0.2229	6.555642	28.54441
1108	10.06700	3.1892692	0.1174	0.1167	6.566974	28.68417
1109	9.27937	3.1926385	0.1052	0.1046	6.655386	29.35326
1110	8.45242	3.1960594	0.1144	0.1138	6.749904	30.08054
1111	7.86576	3.2029938	0.1176	0.1170	6.815877	30.66109
1112	7.53345	3.2034514	0.1114	0.1108	6.855207	30.95996
1113	7.39330	3.1273186	0.1117	0.1111	6.908385	30.26886
1114	7.32841	0.6823168	0.1088	0.1082	8.106501	5.80672
1115	7.30239	0.8163291	0.1058	0.1053	8.046894	7.04440
1116	7.30375	0.7983023	0.1119	0.1113	8.055350	6.87712
1117	7.31034	1.1210725	0.1091	0.1085	7.897307	9.91152
1118	7.31553	0.9836238	0.1121	0.1115	7.963359	8.60607
1119	7.32034	0.9215036	0.1152	0.1146	7.992653	8.02102
1120	7.32537	0.8405878	0.1093	0.1087	8.030907	7.26484
1121	7.33056	0.7276003	0.1093	0.1087	8.084378	6.22059
1122	7.33574	0.7170581	0.1094	0.1088	8.088461	6.12304
1123	7.34145	0.6118256	0.1125	0.1119	8.137679	5.16464
1124	7.34732	0.6486574	0.1065	0.1059	8.119001	5.49732
1125	7.35309	0.6671223	0.1189	0.1182	8.109089	5.66421
1126	7.35906	0.6791080	0.1127	0.1121	8.102229	5.77235
1127	7.36525	0.7129625	0.1098	0.1092	8.084865	6.08036
1128	7.37164	0.6561484	0.1069	0.1063	8.110803	5.56146
1129	7.37804	0.5835440	0.1101	0.1095	8.144100	4.90445
1130	7.38428	0.5626201	0.1131	0.1125	8.152807	4.71579
1131	7.39089	0.5071619	0.1164	0.1158	8.177684	4.22012
1132	7.39729	0.5512286	0.1104	0.1098	8.155684	4.61207
1133	7.40395	0.6164889	0.1073	0.1067	8.123517	5.19742
1134	7.41125	0.4353557	0.1104	0.1098	8.207328	3.58396
1135	7.41880	0.4464569	0.1074	0.1068	8.200675	3.68062
1136	7.42726	0.4817017	0.1168	0.1162	8.182563	3.99024
1137	7.43550	0.4995415	0.1137	0.1131	8.172609	4.14714
1138	7.44422	0.6177547	0.1138	0.1132	8.115240	5.20282
1139	7.46665	0.4194865	0.1109	0.1103	8.203849	3.43951
1140	7.49178	0.3626643	0.1140	0.1134	8.225117	2.94402
1141	7.50414	0.3288765	0.1080	0.1074	8.238134	2.65267
1142	7.51124	0.3024453	0.1140	0.1134	8.248750	2.42660
1143	7.51724	0.2779881	0.1080	0.1074	8.258626	2.21883
1144	7.52329	0.2662191	0.1112	0.1106	8.262724	2.11914
1145	7.52898	0.2931013	0.1143	0.1137	8.249459	2.34603
1146	7.53471	0.3002285	0.1114	0.1108	8.245092	2.40614
1147	7.54056	0.2936974	0.1083	0.1077	8.246887	2.35030
1148	7.54645	0.2723097	0.1145	0.1139	8.255363	2.16905
1149	7.55246	0.2518208	0.1147	0.1141	8.263366	1.99641
1150	7.55904	0.2349771	0.1087	0.1081	8.269578	1.85517
1151	7.56631	0.2196220	0.1148	0.1142	8.274956	1.72701
1152	7.57263	0.2048543	0.1027	0.1021	8.280232	1.60441
1153	7.57901	0.1932765	0.1181	0.1174	8.284061	1.50867
1154	7.58512	0.1830647	0.1121	0.1115	8.287322	1.42455
1155	7.59140	0.1750413	0.1182	0.1176	8.289577	1.35864
1156	7.59841	0.1690891	0.1092	0.1086	8.290766	1.30979
1157	7.60531	0.1646493	0.1092	0.1086	8.291311	1.27338
1158	7.61180	0.1724192	0.1124	0.1118	8.286613	1.33645
1159	7.61792	0.2048374	0.1124	0.1118	8.271151	1.60220
1160	7.62393	0.2322474	0.1124	0.1118	8.257818	1.82901
1161	7.63005	0.2379451	0.1157	0.1150	8.254066	1.87613
1162	7.64341	0.2322168	0.1158	0.1151	8.253945	1.82774
1163	7.65703	0.2298711	0.1127	0.1121	8.252267	1.80754
1164	7.66627	0.2319818	0.1128	0.1122	8.249489	1.82460
1165	7.67292	0.2295547	0.1160	0.1153	8.249236	1.80410
1166	7.67868	0.2304701	0.1100	0.1094	8.247684	1.81140
1167	7.68402	0.2319477	0.1190	0.1184	8.245967	1.82339
1168	7.68935	0.2347520	0.1071	0.1065	8.243663	1.84641
1169	7.69485	0.2368735	0.1101	0.1095	8.241630	1.86375
1170	7.70056	0.2384333	0.1103	0.1097	8.239804	1.87642
1171	7.70780	0.2403596	0.1133	0.1127	8.237512	1.89206
1172	7.71774	0.2407320	0.1135	0.1129	8.235371	1.89462
1173	7.72742	0.2373478	0.1136	0.1130	8.234944	1.86596
1174	7.73567	0.2300889	0.1135	0.1128	8.236507	1.80530
1175	7.74255	0.2209915	0.1075	0.1069	8.239143	1.72966
