Scan Count	Temperature [ITS-90, deg C]	Conductivity [S/m]	Pressure, Strain Gauge [db]	Depth [salt water, m]	Oxygen Saturation, Weiss [ml/l]	Salinity, Practical [PSU]
1	13.93233	0.0001266	0.0329	0.0327	7.213468	0.00733
2	13.93482	0.0001420	0.0268	0.0267	7.213069	0.00737
3	13.93027	0.0001574	0.0237	0.0235	7.213792	0.00742
4	13.93146	0.0001266	0.0299	0.0297	7.213607	0.00733
5	13.93694	0.0001204	0.0359	0.0357	7.212735	0.00732
6	13.94729	0.0001112	0.0360	0.0358	7.211089	0.00730
7	13.95796	0.0001081	0.0329	0.0327	7.209393	0.00730
8	13.96688	0.0001112	0.0329	0.0327	7.207974	0.00731
9	13.97019	0.0001173	0.0329	0.0327	7.207448	0.00733
10	13.97287	0.0001112	0.0298	0.0296	7.207022	0.00731
11	13.97718	0.0001204	0.0298	0.0297	7.206337	0.00734
12	13.98361	0.0001173	0.0298	0.0296	7.205316	0.00733
13	13.98535	0.0001112	0.0299	0.0297	7.205039	0.00732
14	13.98123	0.0001173	0.0329	0.0327	7.205693	0.00733
15	13.97555	0.0001112	0.0329	0.0327	7.206596	0.00731
16	13.96495	0.0001112	0.0299	0.0297	7.208282	0.00731
17	13.94960	0.0001173	0.0359	0.0357	7.210721	0.00732
18	13.93700	0.0001112	0.0299	0.0297	7.212726	0.00730
19	13.92896	0.0001173	0.0329	0.0327	7.214005	0.00731
20	13.91644	0.0001204	0.0359	0.0357	7.215999	0.00731
21	13.90161	0.0001204	0.0328	0.0327	7.218361	0.00730
22	13.88791	0.0001266	0.0360	0.0358	7.220544	0.00731
23	13.87086	0.0001112	0.0329	0.0327	7.223265	0.00726
24	13.85605	0.0001173	0.0360	0.0358	7.225628	0.00727
25	13.85120	0.0001204	0.0358	0.0357	7.226402	0.00728
26	13.85251	0.0001112	0.0329	0.0327	7.226194	0.00726
27	13.85045	0.0001266	0.0329	0.0327	7.226520	0.00729
28	13.84840	0.0001297	0.0299	0.0297	7.226848	0.00730
29	13.84996	0.0001204	0.0299	0.0297	7.226601	0.00728
30	13.84865	0.0001266	0.0298	0.0296	7.226808	0.00729
31	13.84560	0.0001297	0.0298	0.0296	7.227295	0.00730
32	13.84200	0.0001266	0.0268	0.0266	7.227871	0.00729
33	13.83827	0.0001297	0.0359	0.0357	7.228466	0.00729
34	13.82994	0.0001297	0.0329	0.0327	7.229797	0.00729
35	13.82229	0.0001327	0.0328	0.0326	7.231019	0.00729
36	13.81347	0.0001204	0.0298	0.0296	7.232431	0.00726
37	13.80533	0.0001327	0.0329	0.0327	7.233731	0.00729
38	13.79676	0.0001297	0.0328	0.0327	7.235102	0.00727
39	13.78416	0.0001389	0.0328	0.0327	7.237118	0.00729
40	13.77571	0.0001266	0.0268	0.0266	7.238471	0.00726
41	13.77311	0.0001297	0.0297	0.0296	7.238888	0.00726
42	13.77441	0.0001420	0.0359	0.0357	7.238678	0.00730
43	13.77460	0.0001297	0.0329	0.0328	7.238650	0.00726
44	13.77081	0.0001389	0.0420	0.0418	7.239255	0.00729
45	13.77205	0.0001327	0.0298	0.0297	7.239057	0.00727
46	13.78186	0.0001389	0.0299	0.0297	7.237486	0.00729
47	13.79577	0.0001327	0.0359	0.0357	7.235261	0.00728
48	13.81092	0.0001389	0.0299	0.0297	7.232836	0.00731
49	13.82422	0.0001389	0.0298	0.0297	7.230710	0.00731
50	13.83851	0.0001420	0.0329	0.0328	7.228425	0.00733
51	13.85251	0.0001389	0.0330	0.0328	7.226191	0.00733
52	13.85711	0.0001482	0.0330	0.0328	7.225455	0.00735
53	13.85649	0.0001420	0.0390	0.0388	7.225555	0.00734
54	13.85406	0.0001389	0.0390	0.0387	7.225943	0.00733
55	13.84678	0.0001482	0.0299	0.0297	7.227104	0.00735
56	13.84038	0.0001389	0.0329	0.0327	7.228128	0.00732
57	13.83553	0.0001389	0.0360	0.0358	7.228902	0.00732
58	13.82919	0.0001482	0.0389	0.0387	7.229914	0.00734
59	13.82297	0.0001482	0.0299	0.0297	7.230908	0.00734
60	13.81775	0.0001420	0.0359	0.0357	7.231743	0.00732
61	13.81136	0.0001482	0.0389	0.0387	7.232765	0.00733
62	13.80682	0.0001482	0.0360	0.0358	7.233490	0.00733
63	13.79750	0.0001574	0.0329	0.0327	7.234980	0.00735
64	13.78384	0.0001482	0.0391	0.0389	7.237167	0.00732
65	13.77776	0.0001420	0.0360	0.0358	7.238141	0.00730
66	13.77422	0.0001482	0.0328	0.0327	7.238707	0.00731
67	13.77584	0.0001482	0.0329	0.0328	7.238449	0.00732
68	13.77522	0.0001574	0.0268	0.0267	7.238547	0.00734
69	13.77267	0.0001389	0.0360	0.0358	7.238957	0.00729
70	13.76802	0.0001574	0.0330	0.0328	7.239700	0.00734
71	13.75859	0.0001482	0.0360	0.0358	7.241212	0.00731
72	13.74786	0.0001482	0.0360	0.0358	7.242932	0.00730
73	13.73459	0.0001574	0.0360	0.0358	7.245058	0.00732
74	13.72802	0.0001574	0.0329	0.0327	7.246112	0.00732
75	13.72920	0.0001574	0.0359	0.0357	7.245923	0.00732
76	13.72963	0.0001574	0.0390	0.0388	7.245853	0.00732
77	13.72040	0.0001574	0.0360	0.0358	7.247335	0.00732
78	13.70844	0.0001574	0.0360	0.0358	7.249254	0.00731
79	13.69952	0.0001574	0.0391	0.0389	7.250687	0.00731
80	13.69079	0.0001574	0.0269	0.0267	7.252089	0.00730
81	13.67822	0.0001482	0.0330	0.0328	7.254110	0.00727
82	13.66504	0.0001574	0.0361	0.0359	7.256228	0.00729
83	13.65149	0.0001574	0.0330	0.0328	7.258407	0.00728
84	13.64278	0.0001482	0.0361	0.0359	7.259812	0.00725
85	13.63727	0.0001667	0.0391	0.0389	7.260695	0.00730
86	13.63140	0.0001574	0.0391	0.0389	7.261642	0.00727
87	13.63202	0.0001574	0.0329	0.0327	7.261543	0.00727
88	13.63400	0.0001574	0.0331	0.0329	7.261224	0.00727
89	13.63128	0.0001574	0.0329	0.0328	7.261662	0.00727
90	13.63171	0.0001667	0.0330	0.0329	7.261591	0.00730
91	13.62726	0.0001574	0.0331	0.0329	7.262309	0.00727
92	13.61984	0.0001667	0.0361	0.0359	7.263502	0.00730
93	13.61546	0.0001636	0.0360	0.0358	7.264210	0.00728
94	13.62429	0.0001667	0.0330	0.0329	7.262786	0.00730
95	13.64352	0.0001574	0.0361	0.0359	7.259691	0.00728
96	13.66176	0.0001636	0.0268	0.0267	7.256755	0.00731
97	13.67049	0.0001667	0.0300	0.0298	7.255351	0.00732
98	13.66479	0.0001636	0.0362	0.0360	7.256267	0.00731
99	13.65088	0.0001667	0.0269	0.0267	7.258506	0.00731
100	13.63795	0.0001667	0.0331	0.0329	7.260586	0.00730
101	13.62967	0.0001574	0.0331	0.0329	7.261921	0.00727
102	13.62590	0.0001667	0.0391	0.0389	7.262527	0.00730
103	13.62083	0.0001667	0.0330	0.0329	7.263343	0.00730
104	13.61601	0.0001636	0.0362	0.0360	7.264120	0.00728
105	13.61305	0.0001667	0.0330	0.0329	7.264598	0.00729
106	13.60897	0.0001636	0.0330	0.0329	7.265255	0.00728
107	13.60952	0.0001667	0.0361	0.0359	7.265165	0.00729
108	13.61373	0.0001667	0.0391	0.0389	7.264488	0.00729
109	13.61675	0.0001636	0.0423	0.0420	7.264001	0.00729
110	13.61268	0.0001759	0.0392	0.0390	7.264656	0.00732
111	13.60817	0.0001728	0.0361	0.0359	7.265383	0.00731
112	13.60403	0.0001667	0.0361	0.0359	7.266051	0.00729
113	13.61181	0.0001667	0.0301	0.0299	7.264797	0.00729
114	13.63171	0.0001636	0.0362	0.0360	7.261592	0.00729
115	13.65483	0.0001667	0.0362	0.0360	7.257869	0.00731
116	13.67630	0.0001636	0.0332	0.0330	7.254416	0.00731
117	13.69865	0.0001759	0.0332	0.0330	7.250823	0.00736
118	13.72120	0.0001667	0.0301	0.0299	7.247205	0.00734
119	13.74234	0.0001728	0.0331	0.0329	7.243813	0.00737
120	13.76163	0.0001667	0.0332	0.0330	7.240722	0.00736
121	13.77925	0.0001636	0.0331	0.0329	7.237900	0.00736
122	13.79663	0.0001759	0.0332	0.0330	7.235116	0.00741
123	13.81751	0.0001667	0.0301	0.0299	7.231779	0.00739
124	13.83945	0.0001728	0.0362	0.0360	7.228272	0.00742
125	13.86090	0.0001667	0.0362	0.0360	7.224847	0.00741
126	13.88206	0.0001728	0.0332	0.0330	7.221471	0.00744
127	13.90142	0.0001667	0.0332	0.0330	7.218385	0.00743
128	13.91849	0.0001759	0.0332	0.0330	7.215664	0.00747
129	13.92591	0.0001728	0.0363	0.0361	7.214484	0.00746
130	13.93096	0.0001667	0.0332	0.0330	7.213681	0.00744
131	13.94056	0.0001759	0.0301	0.0300	7.212152	0.00748
132	13.95141	0.0001728	0.0362	0.0360	7.210427	0.00747
133	13.94729	0.0001667	0.0332	0.0330	7.211082	0.00745
134	13.92192	0.0001790	0.0332	0.0330	7.215118	0.00748
135	13.89657	0.0001759	0.0332	0.0330	7.219158	0.00745
136	13.87515	0.0001759	0.0362	0.0360	7.222572	0.00744
137	13.85126	0.0001728	0.0302	0.0300	7.226385	0.00742
138	13.82925	0.0001821	0.0393	0.0391	7.229900	0.00744
139	13.81446	0.0001728	0.0394	0.0392	7.232265	0.00741
140	13.79098	0.0001759	0.0302	0.0300	7.236020	0.00741
141	13.75933	0.0001667	0.0364	0.0362	7.241090	0.00736
142	13.73347	0.0001728	0.0394	0.0392	7.245235	0.00737
143	13.72566	0.0001667	0.0393	0.0391	7.246489	0.00735
144	13.71575	0.0001728	0.0389	0.0387	7.248079	0.00736
145	13.70132	0.0001821	0.0333	0.0331	7.250395	0.00738
146	13.68720	0.0001759	0.0362	0.0360	7.252664	0.00736
147	13.68330	0.0001728	0.0332	0.0330	7.253291	0.00735
148	13.68930	0.0001759	0.0363	0.0361	7.252325	0.00736
149	13.70243	0.0001790	0.0363	0.0361	7.250216	0.00737
150	13.71934	0.0001759	0.0424	0.0421	7.247502	0.00737
151	13.58822	1.5591662	0.1337	0.1330	6.751820	11.92761
152	12.52396	3.2045229	0.2523	0.2509	6.291562	26.98041
153	11.52009	3.2298893	0.3406	0.3388	6.389867	27.95752
154	10.82632	3.2389155	0.4289	0.4265	6.462115	28.57667
155	10.36351	3.2491501	0.4746	0.4720	6.509137	29.04230
156	10.10236	3.2596394	0.5019	0.4991	6.533875	29.35650
157	9.91397	3.2706300	0.5050	0.5022	6.550325	29.61997
158	9.77985	3.2773960	0.5050	0.5023	6.562483	29.79841
159	9.71722	3.2847760	0.5263	0.5234	6.566383	29.92471
160	9.66685	3.2899993	0.5355	0.5325	6.569812	30.01941
161	9.62293	3.3011410	0.5385	0.5356	6.570008	30.16886
162	9.59115	3.3074513	0.5416	0.5386	6.570884	30.25951
163	9.57779	3.3102930	0.5507	0.5477	6.571170	30.29958
164	9.57003	3.3080059	0.5964	0.5931	6.573009	30.28291
165	9.55485	3.3011418	0.6725	0.6688	6.577624	30.22605
166	9.55224	3.2979445	0.7485	0.7444	6.579276	30.19579
167	9.58516	3.2860970	0.7668	0.7626	6.580621	30.04809
168	9.70064	3.2936210	0.7728	0.7685	6.564509	30.02769
169	9.83282	3.2946888	0.7608	0.7566	6.549318	29.92847
170	9.85698	3.2925502	0.7639	0.7597	6.547523	29.88692
171	9.78665	3.2933999	0.7669	0.7627	6.555004	29.95384
172	9.70537	3.2969047	0.7729	0.7686	6.562596	30.05691
173	9.63897	3.2994918	0.7760	0.7717	6.568919	30.13862
174	9.58827	3.3027216	0.7821	0.7778	6.573217	30.21390
175	9.55069	3.3073132	0.7759	0.7716	6.575467	30.29212
176	9.52677	3.3124239	0.7759	0.7717	6.575966	30.36422
177	9.51332	3.3147692	0.7638	0.7596	6.576470	30.39944
178	9.50010	3.3099726	0.7455	0.7414	6.579991	30.36190
179	9.47870	3.3091473	0.7363	0.7323	6.582738	30.37164
180	9.45996	3.3080701	0.7425	0.7384	6.585295	30.37656
181	9.45477	3.3111452	0.7638	0.7596	6.584564	30.41224
182	9.46704	3.3203389	0.7759	0.7717	6.579266	30.49537
183	9.48627	3.3269911	0.7820	0.7777	6.574280	30.54668
184	9.48412	3.3308498	0.7852	0.7809	6.572875	30.58779
185	9.47892	3.3227807	0.7882	0.7839	6.576897	30.51010
186	9.47284	3.3161947	0.7942	0.7898	6.580386	30.44827
187	9.45814	3.3158670	0.7821	0.7778	6.582170	30.45743
188	9.45438	3.3193107	0.7791	0.7748	6.581119	30.49567
189	9.46604	3.3202695	0.7730	0.7688	6.579406	30.49552
190	9.46532	3.3141329	0.7517	0.7476	6.582106	30.43369
191	9.44897	3.3117503	0.7517	0.7475	6.584954	30.42333
192	9.43278	3.3099544	0.7670	0.7628	6.587534	30.41878
193	9.42710	3.3114669	0.7730	0.7688	6.587524	30.43901
194	9.43207	3.3167375	0.7852	0.7809	6.584714	30.48846
195	9.44593	3.3252048	0.7883	0.7839	6.579544	30.56289
196	9.45803	3.3276923	0.7761	0.7719	6.577131	30.57791
197	9.45902	3.3243336	0.7639	0.7597	6.578454	30.54286
198	9.44858	3.3191530	0.7639	0.7597	6.581834	30.49901
199	9.43256	3.3161321	0.7669	0.7627	6.584917	30.48188
200	9.41722	3.3137174	0.7731	0.7689	6.587668	30.47034
201	9.40822	3.3133392	0.7792	0.7749	6.588837	30.47414
202	9.40474	3.3151487	0.7884	0.7841	6.588452	30.49553
203	9.40850	3.3210336	0.7913	0.7869	6.585512	30.55232
204	9.42986	3.3287472	0.7792	0.7749	6.579824	30.61271
205	9.45085	3.3298964	0.7762	0.7719	6.576991	30.60648
206	9.45190	3.3272124	0.7731	0.7689	6.578020	30.57825
207	9.44096	3.3235448	0.7731	0.7689	6.580809	30.55023
208	9.42853	3.3217968	0.7671	0.7628	6.582944	30.54302
209	9.41655	3.3203016	0.7700	0.7658	6.584923	30.53799
210	9.40662	3.3182325	0.7731	0.7688	6.586921	30.52537
211	9.39934	3.3161324	0.7701	0.7659	6.588635	30.51018
212	9.39448	3.3165929	0.7730	0.7688	6.588982	30.51901
213	9.39498	3.3194754	0.7853	0.7810	6.587691	30.54797
214	9.40717	3.3227500	0.7793	0.7750	6.584924	30.57095
215	9.43151	3.3248830	0.7763	0.7720	6.581291	30.57192
216	9.44980	3.3246935	0.7731	0.7688	6.579331	30.55439
217	9.44902	3.3188881	0.7763	0.7720	6.581898	30.49593
218	9.43549	3.3168951	0.7640	0.7598	6.584263	30.48716
219	9.42174	3.3184531	0.7823	0.7780	6.585134	30.51473
220	9.41517	3.3223081	0.7854	0.7811	6.584219	30.55962
221	9.42285	3.3278821	0.7883	0.7840	6.580977	30.60988
222	9.44289	3.3339145	0.7945	0.7902	6.576162	30.65421
223	9.46079	3.3360630	0.7884	0.7841	6.573249	30.66079
224	9.47030	3.3316838	0.7854	0.7811	6.574060	30.60807
225	9.46775	3.3292267	0.7763	0.7720	6.575391	30.58523
226	9.45493	3.3290311	0.7732	0.7690	6.576905	30.59418
227	9.44510	3.3375297	0.7793	0.7750	6.574370	30.68917
228	9.44726	3.3470618	0.7824	0.7781	6.570059	30.78448
229	9.45190	3.3497899	0.7764	0.7721	6.568378	30.80831
230	9.45400	3.3510117	0.7733	0.7690	6.567623	30.81896
231	9.45792	3.3540324	0.7764	0.7721	6.565898	30.84638
232	9.46383	3.3570668	0.7855	0.7812	6.563948	30.87222
233	9.46787	3.3580362	0.7794	0.7751	6.563087	30.87863
234	9.47483	3.3587142	0.7855	0.7811	6.562026	30.87954
235	9.48589	3.3598421	0.7733	0.7691	6.560319	30.88151
236	9.49723	3.3623269	0.7733	0.7691	6.558005	30.89706
237	9.50912	3.3639372	0.7642	0.7600	6.556004	30.90322
238	9.52068	3.3599432	0.7702	0.7660	6.556423	30.85259
239	9.52495	3.3557420	0.7794	0.7752	6.557739	30.80616
240	9.51919	3.3601270	0.7856	0.7813	6.556511	30.85574
241	9.52063	3.3655859	0.7886	0.7842	6.554030	30.91008
242	9.52622	3.3672033	0.7886	0.7843	6.552724	30.92173
243	9.52926	3.3669432	0.7826	0.7783	6.552498	30.91646
244	9.53342	3.3650911	0.7765	0.7723	6.552826	30.89403
245	9.54122	3.3665879	0.7887	0.7843	6.551328	30.90253
246	9.56028	3.3704070	0.7887	0.7843	6.547602	30.92498
247	9.60762	3.3711489	0.7948	0.7904	6.542066	30.89177
248	9.65219	3.3713134	0.7918	0.7874	6.537087	30.85515
249	9.67152	3.3686926	0.7918	0.7874	6.536064	30.81198
250	9.67513	3.3670050	0.7796	0.7754	6.536378	30.79178
251	9.66824	3.3689337	0.7766	0.7724	6.536323	30.81724
252	9.66646	3.3722843	0.7797	0.7754	6.535105	30.85275
253	9.67763	3.3732871	0.7767	0.7724	6.533453	30.85334
254	9.68647	3.3732426	0.7919	0.7876	6.532500	30.84530
255	9.68952	3.3719287	0.7950	0.7907	6.532718	30.82936
256	9.69052	3.3737440	0.7888	0.7845	6.531842	30.84691
257	9.70748	3.3749628	0.7828	0.7785	6.529464	30.84472
258	9.76319	3.3738067	0.7737	0.7695	6.523831	30.78533
259	9.84275	3.3725109	0.7646	0.7604	6.515645	30.70436
260	9.92449	3.3670848	0.7677	0.7635	6.508952	30.58025
261	9.98141	3.3637418	0.7738	0.7695	6.504108	30.49850
262	9.97614	3.3679723	0.7828	0.7785	6.502928	30.54547
263	9.97323	3.3704088	0.7829	0.7786	6.502234	30.57243
264	9.97049	3.3700154	0.7890	0.7847	6.502698	30.57079
265	9.99642	3.3697232	0.8043	0.7999	6.499984	30.54592
266	10.03185	3.3691454	0.7982	0.7938	6.496351	30.51021
267	10.04941	3.3716010	0.7922	0.7878	6.493417	30.52004
268	10.06624	3.3725402	0.7800	0.7757	6.491191	30.51527
269	10.07978	3.3706805	0.7649	0.7607	6.490483	30.48523
270	10.07876	3.3652564	0.7587	0.7545	6.492834	30.43170
271	10.06495	3.3620291	0.7679	0.7637	6.495677	30.41095
272	10.03364	3.3661321	0.7709	0.7667	6.497402	30.47846
273	10.01475	3.3683145	0.7831	0.7788	6.498564	30.51630
274	10.00068	3.3682956	0.7832	0.7788	6.500110	30.52798
275	10.03449	3.3670392	0.7862	0.7819	6.496935	30.48685
276	10.06720	3.3653643	0.7863	0.7819	6.494053	30.44250
277	10.08556	3.3672606	0.7833	0.7790	6.491265	30.44607
278	10.10219	3.3696903	0.7803	0.7760	6.488447	30.45643
279	10.11185	3.3700075	0.7773	0.7730	6.487263	30.45149
280	10.10826	3.3678123	0.7832	0.7789	6.488560	30.43252
281	10.10764	3.3665817	0.7864	0.7821	6.489135	30.42071
282	10.11399	3.3688971	0.7925	0.7882	6.487488	30.43856
283	10.12321	3.3697218	0.7803	0.7760	6.486142	30.43908
284	10.13693	3.3696582	0.7773	0.7730	6.484673	30.42692
285	10.17406	3.3674246	0.7774	0.7731	6.481546	30.37343
286	10.20537	3.3664410	0.7835	0.7792	6.478539	30.33738
287	10.22476	3.3689783	0.7895	0.7851	6.475389	30.34651
288	10.24010	3.3694921	0.7806	0.7763	6.473510	30.33882
289	10.25002	3.3693270	0.7714	0.7671	6.472498	30.32888
290	10.27846	3.3671634	0.7653	0.7611	6.470292	30.28357
291	10.30336	3.3646768	0.7684	0.7641	6.468601	30.23804
292	10.31240	3.3652411	0.7715	0.7673	6.467388	30.23614
293	10.31562	3.3680701	0.7837	0.7794	6.465884	30.26163
294	10.32020	3.3681018	0.7989	0.7945	6.465375	30.25813
295	10.33156	3.3681905	0.7959	0.7915	6.464105	30.24955
296	10.35231	3.3669025	0.8051	0.8007	6.462378	30.21947
297	10.36311	3.3664203	0.7990	0.7946	6.461401	30.20570
298	10.36787	3.3674225	0.7869	0.7826	6.460478	30.21173
299	10.36917	3.3686532	0.7778	0.7736	6.459836	30.22289
300	10.37154	3.3695541	0.7808	0.7765	6.459211	30.22987
301	10.37284	3.3700427	0.7748	0.7705	6.458872	30.23365
302	10.37251	3.3698777	0.7718	0.7676	6.458975	30.23229
303	10.37160	3.3686151	0.7779	0.7736	6.459587	30.22049
304	10.36900	3.3675493	0.7870	0.7827	6.460303	30.21205
305	10.36475	3.3686469	0.7902	0.7859	6.460317	30.22649
306	10.36119	3.3700746	0.7994	0.7950	6.460123	30.24365
307	10.35921	3.3697192	0.7932	0.7889	6.460482	30.24176
308	10.37301	3.3699729	0.7842	0.7798	6.458882	30.23281
309	10.41044	3.3691984	0.7752	0.7709	6.455141	30.19404
310	10.43355	3.3673202	0.7660	0.7618	6.453398	30.15623
311	10.44381	3.3668634	0.7722	0.7679	6.452472	30.14320
312	10.44761	3.3679672	0.7873	0.7830	6.451614	30.15100
313	10.44909	3.3677768	0.7844	0.7801	6.451531	30.14790
314	10.44580	3.3681575	0.7874	0.7831	6.451733	30.15440
315	10.46406	3.3679670	0.7814	0.7771	6.449833	30.13739
316	10.48170	3.3669962	0.7723	0.7680	6.448316	30.11318
317	10.48863	3.3665141	0.7784	0.7741	6.447762	30.10268
318	10.49249	3.3669580	0.7784	0.7741	6.447165	30.10389
319	10.49476	3.3676812	0.7968	0.7924	6.446627	30.10917
320	10.49896	3.3682584	0.7998	0.7954	6.445940	30.11142
321	10.49981	3.3685883	0.7999	0.7955	6.445714	30.11399
322	10.49516	3.3688104	0.7938	0.7895	6.446128	30.12004
323	10.49101	3.3686519	0.7878	0.7835	6.446640	30.12189
324	10.49135	3.3686138	0.7817	0.7774	6.446618	30.12124
325	10.49345	3.3687470	0.7727	0.7685	6.446337	30.12082
326	10.49527	3.3681633	0.7818	0.7775	6.446377	30.11353
327	10.49567	3.3678144	0.7788	0.7745	6.446475	30.10975
328	10.49527	3.3684234	0.7758	0.7715	6.446272	30.11611
329	10.49692	3.3690071	0.7788	0.7745	6.445858	30.12054
330	10.49924	3.3691086	0.7849	0.7806	6.445565	30.11962
331	10.50123	3.3687786	0.7789	0.7746	6.445483	30.11471
332	10.50282	3.3683599	0.7759	0.7716	6.445481	30.10925
333	10.50214	3.3685185	0.7820	0.7778	6.445490	30.11138
334	10.50231	3.3689880	0.7790	0.7747	6.445282	30.11589
335	10.50697	3.3688420	0.7731	0.7688	6.444838	30.11060
336	10.51134	3.3680045	0.7761	0.7718	6.444703	30.09869
337	10.50833	3.3673575	0.7882	0.7838	6.445290	30.09476
338	10.50123	3.3678397	0.7944	0.7900	6.445863	30.10540
339	10.49828	3.3681315	0.7974	0.7930	6.446065	30.11073
340	10.49686	3.3677573	0.8036	0.7992	6.446369	30.10819
341	10.51157	3.3677444	0.7914	0.7871	6.444784	30.09592
342	10.54321	3.3673571	0.7854	0.7811	6.441519	30.06598
343	10.56033	3.3658536	0.7825	0.7782	6.440276	30.03701
344	10.56357	3.3653526	0.7795	0.7752	6.440128	30.02939
345	10.56255	3.3655111	0.7764	0.7721	6.440174	30.03180
346	10.56255	3.3658346	0.7856	0.7813	6.440044	30.03500
347	10.55640	3.3664055	0.7765	0.7723	6.440478	30.04570
348	10.55277	3.3660947	0.7766	0.7723	6.440996	30.04563
349	10.56044	3.3648643	0.7766	0.7724	6.440662	30.02714
350	10.56232	3.3648072	0.7858	0.7814	6.440483	30.02502
351	10.56687	3.3648008	0.7858	0.7815	6.439994	30.02122
352	10.57369	3.3654476	0.7951	0.7907	6.438996	30.02199
353	10.57466	3.3658218	0.7951	0.7907	6.438741	30.02490
354	10.57648	3.3654158	0.7798	0.7755	6.438707	30.01939
355	10.58342	3.3642806	0.7769	0.7726	6.438414	30.00246
356	10.58701	3.3641601	0.7798	0.7756	6.438075	29.99832
357	10.59202	3.3642171	0.7800	0.7757	6.437512	29.99477
358	10.59674	3.3640902	0.7922	0.7879	6.437053	29.98963
359	10.60101	3.3644136	0.8014	0.7970	6.436462	29.98931
360	10.59913	3.3648385	0.7892	0.7849	6.436493	29.99506
361	10.60073	3.3647053	0.7802	0.7759	6.436375	29.99244
362	10.60568	3.3638935	0.7680	0.7638	6.436166	29.98036
363	10.60477	3.3633926	0.7741	0.7699	6.436466	29.97616
364	10.60608	3.3633799	0.7742	0.7700	6.436330	29.97495
365	10.60915	3.3632151	0.7834	0.7791	6.436064	29.97080
366	10.61297	3.3637032	0.7895	0.7852	6.435456	29.97249
367	10.61302	3.3637984	0.7805	0.7762	6.435411	29.97338
368	10.61581	3.3626000	0.7836	0.7793	6.435592	29.95926
369	10.61638	3.3619913	0.7836	0.7793	6.435775	29.95278
370	10.61724	3.3620421	0.7958	0.7914	6.435662	29.95258
371	10.61786	3.3621498	0.7989	0.7945	6.435551	29.95312
372	10.61883	3.3624414	0.8020	0.7976	6.435330	29.95521
373	10.61673	3.3628726	0.7928	0.7884	6.435384	29.96120
374	10.61399	3.3617631	0.7868	0.7825	6.436125	29.95249
375	10.61103	3.3611483	0.7808	0.7765	6.436692	29.94885
376	10.60835	3.3609708	0.7839	0.7796	6.437052	29.94929
377	10.60653	3.3608250	0.7900	0.7857	6.437308	29.94934
378	10.60585	3.3616681	0.7840	0.7797	6.437042	29.95823
379	10.60232	3.3621183	0.7778	0.7736	6.437243	29.96558
380	10.60460	3.3610913	0.7719	0.7676	6.437409	29.95357
381	10.60431	3.3597982	0.7719	0.7677	6.437960	29.94103
382	10.60118	3.3596969	0.7902	0.7859	6.438340	29.94259
383	10.59845	3.3596209	0.8025	0.7981	6.438666	29.94407
384	10.59498	3.3602484	0.8086	0.8042	6.438789	29.95312
385	10.58843	3.3611485	0.8087	0.8042	6.439134	29.96738
386	10.59327	3.3610534	0.7935	0.7891	6.438649	29.96248
387	10.59486	3.3593167	0.7692	0.7650	6.439175	29.94402
388	10.58934	3.3583788	0.7601	0.7559	6.440149	29.93929
389	10.58524	3.3585373	0.7692	0.7650	6.440529	29.94421
390	10.58229	3.3589492	0.7785	0.7742	6.440683	29.95071
391	10.58172	3.3589239	0.7968	0.7924	6.440755	29.95092
392	10.58120	3.3590507	0.8090	0.8046	6.440759	29.95259
393	10.58103	3.3593105	0.8090	0.8045	6.440673	29.95529
394	10.57893	3.3602359	0.8061	0.8016	6.440528	29.96617
395	10.57745	3.3603436	0.7970	0.7926	6.440645	29.96845
396	10.58166	3.3589556	0.7879	0.7835	6.440748	29.95128
397	10.58143	3.3582141	0.7879	0.7836	6.441071	29.94414
398	10.58052	3.3581508	0.7941	0.7897	6.441195	29.94426
399	10.58075	3.3577959	0.7911	0.7868	6.441313	29.94057
400	10.58155	3.3587655	0.7880	0.7837	6.440837	29.94950
401	10.58234	3.3586641	0.7760	0.7717	6.440791	29.94784
402	10.58405	3.3567948	0.7791	0.7748	6.441359	29.92797
403	10.58263	3.3566681	0.7943	0.7899	6.441564	29.92788
404	10.57978	3.3566238	0.8065	0.8021	6.441890	29.92977
405	10.57785	3.3574094	0.8096	0.8052	6.441783	29.93912
406	10.57597	3.3596021	0.7945	0.7901	6.441103	29.96234
407	10.58155	3.3592534	0.7732	0.7689	6.440640	29.95432
408	10.58160	3.3564717	0.7550	0.7509	6.441754	29.92680
409	10.57642	3.3559269	0.7581	0.7539	6.442533	29.92566
410	10.56869	3.3558319	0.7733	0.7691	6.443409	29.93106
411	10.56220	3.3557307	0.7947	0.7904	6.444152	29.93537
412	10.55919	3.3561868	0.8100	0.8056	6.444295	29.94234
413	10.55771	3.3569598	0.8131	0.8087	6.444143	29.95120
414	10.56169	3.3558257	0.7949	0.7905	6.444169	29.93673
415	10.56061	3.3545081	0.7918	0.7875	6.444817	29.92459
416	10.55817	3.3545715	0.7888	0.7845	6.445056	29.92722
417	10.55498	3.3542865	0.7950	0.7907	6.445516	29.92701
418	10.55265	3.3551543	0.8011	0.7967	6.445419	29.93751
419	10.54935	3.3551543	0.7951	0.7907	6.445776	29.94021
420	10.54799	3.3545082	0.7921	0.7877	6.446184	29.93495
421	10.54657	3.3537039	0.7922	0.7878	6.446662	29.92816
422	10.54543	3.3536215	0.7831	0.7788	6.446819	29.92828
423	10.54560	3.3532859	0.7801	0.7758	6.446935	29.92482
424	10.54725	3.3531908	0.7802	0.7759	6.446795	29.92253
425	10.54856	3.3532858	0.7833	0.7790	6.446615	29.92239
426	10.54907	3.3531592	0.7864	0.7820	6.446611	29.92072
427	10.54918	3.3530262	0.7895	0.7852	6.446652	29.91931
428	10.54947	3.3530642	0.7955	0.7912	6.446606	29.91945
429	10.54952	3.3534378	0.7987	0.7943	6.446449	29.92310
430	10.54822	3.3533492	0.7957	0.7913	6.446627	29.92330
431	10.54702	3.3527412	0.7927	0.7884	6.447001	29.91826
432	10.54560	3.3529945	0.7866	0.7823	6.447053	29.92194
433	10.54503	3.3526146	0.7959	0.7915	6.447268	29.91864
434	10.54526	3.3520320	0.8020	0.7976	6.447478	29.91269
435	10.54367	3.3525766	0.8112	0.8067	6.447431	29.91938
436	10.54208	3.3525829	0.8082	0.8038	6.447601	29.92075
437	10.54299	3.3517407	0.7991	0.7948	6.447842	29.91168
438	10.54168	3.3512595	0.7992	0.7948	6.448178	29.90799
439	10.54043	3.3512279	0.7963	0.7919	6.448326	29.90871
440	10.53935	3.3516078	0.7840	0.7797	6.448290	29.91335
441	10.53736	3.3512595	0.7749	0.7707	6.448646	29.91154
442	10.53429	3.3511329	0.7750	0.7708	6.449030	29.91281
443	10.53156	3.3511646	0.7842	0.7799	6.449313	29.91536
444	10.53060	3.3502023	0.7904	0.7860	6.449806	29.90663
445	10.52901	3.3503922	0.7966	0.7922	6.449902	29.90981
446	10.52707	3.3511014	0.7935	0.7892	6.449825	29.91841
447	10.53043	3.3506581	0.7935	0.7892	6.449641	29.91127
448	10.52656	3.3495249	0.7997	0.7953	6.450517	29.90323
449	10.51923	3.3495250	0.8059	0.8015	6.451312	29.90924
450	10.51310	3.3492655	0.8028	0.7984	6.452083	29.91170
451	10.50930	3.3500443	0.8060	0.8015	6.452181	29.92253
452	10.50765	3.3501012	0.7940	0.7896	6.452337	29.92445
453	10.50384	3.3486896	0.7909	0.7865	6.453320	29.91360
454	10.49760	3.3489429	0.8001	0.7957	6.453896	29.92123
455	10.49215	3.3487973	0.8062	0.8018	6.454546	29.92426
456	10.48965	3.3481391	0.8032	0.7988	6.455084	29.91980
457	10.48744	3.3482404	0.8063	0.8019	6.455283	29.92262
458	10.48642	3.3481391	0.7942	0.7899	6.455435	29.92246
459	10.48676	3.3478796	0.7942	0.7899	6.455503	29.91961
460	10.48642	3.3475315	0.7882	0.7839	6.455681	29.91644
461	10.48432	3.3474366	0.7822	0.7779	6.455947	29.91723
462	10.48199	3.3472974	0.7853	0.7809	6.456256	29.91776
463	10.48176	3.3471771	0.7974	0.7930	6.456330	29.91675
464	10.48267	3.3470189	0.7975	0.7932	6.456295	29.91444
465	10.48392	3.3467594	0.7946	0.7903	6.456264	29.91085
466	10.48420	3.3471138	0.7855	0.7812	6.456090	29.91413
467	10.48369	3.3470822	0.7764	0.7721	6.456158	29.91424
468	10.48369	3.3467911	0.7764	0.7722	6.456276	29.91135
469	10.48256	3.3469556	0.7856	0.7813	6.456333	29.91391
470	10.48034	3.3466582	0.7949	0.7905	6.456694	29.91278
471	10.47955	3.3458925	0.7980	0.7936	6.457090	29.90584
472	10.47796	3.3459874	0.8010	0.7966	6.457224	29.90809
473	10.47705	3.3459875	0.7890	0.7846	6.457323	29.90884
474	10.47762	3.3454686	0.7982	0.7938	6.457471	29.90323
475	10.47524	3.3452851	0.7982	0.7938	6.457804	29.90337
476	10.47166	3.3449941	0.7982	0.7938	6.458311	29.90342
477	10.46939	3.3441590	0.8045	0.8000	6.458896	29.89701
478	10.46605	3.3446145	0.8045	0.8000	6.459075	29.90427
479	10.46270	3.3446399	0.8045	0.8001	6.459429	29.90726
480	10.46060	3.3442223	0.7954	0.7910	6.459826	29.90485
481	10.45731	3.3440958	0.7863	0.7820	6.460235	29.90630
482	10.45527	3.3443426	0.7804	0.7761	6.460357	29.91043
483	10.45396	3.3440642	0.7957	0.7913	6.460612	29.90873
484	10.45402	3.3432608	0.8018	0.7974	6.460931	29.90072
485	10.45328	3.3434253	0.8018	0.7974	6.460945	29.90296
486	10.45283	3.3436404	0.7957	0.7914	6.460907	29.90547
487	10.45283	3.3431343	0.7897	0.7854	6.461112	29.90045
488	10.45073	3.3429762	0.7838	0.7795	6.461404	29.90061
489	10.44801	3.3431027	0.7899	0.7855	6.461649	29.90410
490	10.44620	3.3424196	0.7930	0.7886	6.462123	29.89881
491	10.44433	3.3422046	0.7931	0.7888	6.462414	29.89822
492	10.44070	3.3424892	0.7931	0.7888	6.462694	29.90402
493	10.43911	3.3422362	0.7993	0.7949	6.462969	29.90281
494	10.43633	3.3417492	0.7993	0.7949	6.463469	29.90026
495	10.43333	3.3414963	0.8085	0.8041	6.463899	29.90022
496	10.43248	3.3413382	0.8086	0.8042	6.464056	29.89935
497	10.43242	3.3413382	0.7995	0.7951	6.464062	29.89940
498	10.43219	3.3412370	0.8087	0.8043	6.464127	29.89858
499	10.43191	3.3409840	0.8027	0.7983	6.464261	29.89631
500	10.43191	3.3411801	0.8027	0.7983	6.464181	29.89825
501	10.43236	3.3411801	0.8120	0.8075	6.464132	29.89787
502	10.43248	3.3420276	0.8637	0.8590	6.463777	29.90616
503	10.40483	3.3305241	0.9703	0.9650	6.471464	29.81473
504	10.21157	3.3041066	1.1256	1.1195	6.503458	29.71038
505	9.97984	3.2973423	1.2930	1.2859	6.531879	29.83323
506	9.79545	3.2936831	1.4879	1.4797	6.553915	29.94908
507	9.65857	3.2917288	1.6919	1.6826	6.570027	30.04332
508	9.56155	3.2903152	1.9019	1.8915	6.581496	30.11014
509	9.49324	3.2892787	2.1211	2.1095	6.589608	30.15689
510	9.44626	3.2880786	2.3433	2.3304	6.595406	30.18414
511	9.41440	3.2870420	2.5565	2.5424	6.599438	30.20036
512	9.39172	3.2868852	2.7787	2.7634	6.602063	30.21780
513	9.37678	3.2864455	3.0009	2.9844	6.603939	30.22585
514	9.36575	3.2857859	3.2231	3.2054	6.605469	30.22834
515	9.35715	3.2856604	3.4424	3.4235	6.606497	30.23424
516	9.34955	3.2853275	3.6737	3.6535	6.607501	30.23717
517	9.34222	3.2861948	3.9082	3.8866	6.607959	30.25211
518	9.33285	3.2877662	4.1486	4.1257	6.608344	30.27596
519	9.32162	3.2895955	4.3892	4.3650	6.608828	30.30404
520	9.30868	3.2926201	4.6326	4.6071	6.608988	30.34578
521	9.29311	3.2952369	4.8762	4.8493	6.609620	30.38563
522	9.27759	3.2977915	5.1259	5.0976	6.610272	30.42482
523	9.26143	3.3036081	5.3663	5.3368	6.609587	30.49797
524	9.24274	3.3078535	5.6189	5.5880	6.609862	30.55727
525	9.22615	3.3102985	5.8656	5.8332	6.610677	30.59641
526	9.21368	3.3114079	6.1031	6.0695	6.611604	30.61836
527	9.20325	3.3131226	6.3526	6.3176	6.612040	30.64477
528	9.19288	3.3158528	6.5962	6.5599	6.612029	30.68157
529	9.18294	3.3176944	6.8488	6.8111	6.612353	30.70889
530	9.17439	3.3179848	7.1016	7.0624	6.613195	30.71913
531	9.16616	3.3192528	7.3786	7.3379	6.613575	30.73911
532	9.15864	3.3197324	7.6312	7.5891	6.614217	30.75040
533	9.15190	3.3207799	7.8747	7.8313	6.614525	30.76687
534	9.14702	3.3210387	8.1183	8.0736	6.614966	30.77363
535	9.14357	3.3212786	8.3619	8.3158	6.615255	30.77897
536	9.14094	3.3215437	8.6085	8.5610	6.615440	30.78386
537	9.13913	3.3221180	8.8672	8.8183	6.615399	30.79121
538	9.13710	3.3228186	9.1138	9.0635	6.615327	30.80006
539	9.13436	3.3231722	9.3574	9.3058	6.615486	30.80595
540	9.13179	3.3235825	9.6040	9.5510	6.615602	30.81229
541	9.12998	3.3235510	9.8504	9.7961	6.615823	30.81342
542	9.12861	3.3236206	10.1001	10.0444	6.615951	30.81521
543	9.12762	3.3237153	10.3528	10.2957	6.616026	30.81693
544	9.12631	3.3237785	10.5994	10.5409	6.616151	30.81861
545	9.12527	3.3237344	10.8521	10.7922	6.616291	30.81895
546	9.12499	3.3237472	11.1018	11.0405	6.616321	30.81921
547	9.12395	3.3238419	11.3484	11.2858	6.616402	30.82098
548	9.12231	3.3239367	11.6041	11.5401	6.616550	30.82327
549	9.12017	3.3239431	11.8324	11.7670	6.616792	30.82508
550	9.11771	3.3240947	12.0698	12.0032	6.617007	30.82867
551	9.11398	3.3243220	12.3163	12.2483	6.617332	30.83412
552	9.10971	3.3247009	12.5629	12.4935	6.617652	30.84161
553	9.10516	3.3248588	12.8065	12.7358	6.618099	30.84706
554	9.10089	3.3250988	13.0409	12.9689	6.618480	30.85313
555	9.09706	3.3252757	13.2906	13.2172	6.618838	30.85816
556	9.09416	3.3252758	13.5372	13.4624	6.619169	30.86057
557	9.09230	3.3252128	13.7777	13.7015	6.619410	30.86143
558	9.09093	3.3254970	14.0182	13.9407	6.619445	30.86543
559	9.08929	3.3250362	14.2587	14.1799	6.619835	30.86202
560	9.08918	3.3250237	14.4993	14.4191	6.619857	30.86188
561	9.08918	3.3253394	14.7429	14.6614	6.619724	30.86502
562	9.08743	3.3257877	14.9893	14.9064	6.619730	30.87105
563	9.08562	3.3257878	15.2238	15.1396	6.619938	30.87251
564	9.08513	3.3258573	15.4673	15.3817	6.619967	30.87355
565	9.08480	3.3261036	15.7199	15.6329	6.619902	30.87626
566	9.08403	3.3265204	15.9605	15.8722	6.619811	30.88111
567	9.08146	3.3272213	16.1888	16.0992	6.619799	30.89045
568	9.07697	3.3278908	16.4263	16.3354	6.620017	30.90113
569	9.07210	3.3283393	16.6729	16.5806	6.620373	30.90987
570	9.06718	3.3290404	16.8981	16.8046	6.620626	30.92126
571	9.06187	3.3297795	17.1447	17.0499	6.620905	30.93337
572	9.05755	3.3298744	17.3822	17.2860	6.621354	30.93800
573	9.05455	3.3300703	17.6379	17.5403	6.621612	30.94252
574	9.05192	3.3296472	17.9028	17.8036	6.622097	30.94033
575	9.04952	3.3304495	18.1555	18.0550	6.622022	30.95058
576	9.04755	3.3307338	18.3990	18.2971	6.622124	30.95512
577	9.04607	3.3309297	18.6305	18.5273	6.622209	30.95832
578	9.04547	3.3309804	18.8708	18.7662	6.622259	30.95926
579	9.04432	3.3310247	19.1114	19.0055	6.622373	30.96061
580	9.04361	3.3313090	19.3459	19.2387	6.622333	30.96406
581	9.04252	3.3315365	19.5894	19.4809	6.622361	30.96725
582	9.04088	3.3317388	19.8330	19.7231	6.622462	30.97065
583	9.03935	3.3318210	20.0735	19.9623	6.622603	30.97273
584	9.03803	3.3319790	20.3048	20.1923	6.622686	30.97540
585	9.03710	3.3320486	20.5484	20.4345	6.622764	30.97682
586	9.03634	3.3323330	20.7828	20.6676	6.622731	30.98032
587	9.03514	3.3325289	21.0172	20.9007	6.622785	30.98328
588	9.03350	3.3327186	21.2546	21.1368	6.622891	30.98656
589	9.03213	3.3330030	21.4981	21.3789	6.622925	30.99058
590	9.03120	3.3332305	21.7386	21.6181	6.622934	30.99363
591	9.03038	3.3332875	21.9761	21.8542	6.623006	30.99483
592	9.02994	3.3332939	22.2106	22.0874	6.623057	30.99517
593	9.02973	3.3334519	22.4450	22.3205	6.623016	30.99689
594	9.02934	3.3336100	22.6916	22.5657	6.622995	30.99875
595	9.02880	3.3338060	22.9321	22.8048	6.622975	31.00114
596	9.02825	3.3339008	23.1606	23.0321	6.622999	31.00250
597	9.02776	3.3340273	23.4101	23.2802	6.623004	31.00412
598	9.02716	3.3341538	23.6355	23.5043	6.623021	31.00585
599	9.02672	3.3342234	23.8758	23.7433	6.623044	31.00685
600	9.02628	3.3341413	24.1102	23.9764	6.623133	31.00628
601	9.02645	3.3341224	24.3386	24.2035	6.623127	31.00584
602	9.02623	3.3342236	24.5792	24.4427	6.623112	31.00698
603	9.02612	3.3342869	24.8045	24.6668	6.623101	31.00763
604	9.02606	3.3343248	25.0357	24.8967	6.623094	31.00797
605	9.02590	3.3343502	25.2611	25.1207	6.623106	31.00827
606	9.02590	3.3343819	25.4956	25.3540	6.623096	31.00850
607	9.02606	3.3343503	25.7299	25.5870	6.623096	31.00793
608	9.02612	3.3344136	25.9643	25.8201	6.623066	31.00843
609	9.02596	3.3343821	26.1867	26.0411	6.623103	31.00816
610	9.02563	3.3342874	26.4211	26.2742	6.623185	31.00736
611	9.02574	3.3342874	26.6585	26.5104	6.623177	31.00717
612	9.02574	3.3343191	26.8898	26.7404	6.623168	31.00739
613	9.02574	3.3343508	27.1213	26.9705	6.623158	31.00762
614	9.02590	3.3342877	27.3678	27.2157	6.623172	31.00672
615	9.02601	3.3341550	27.6297	27.4760	6.623222	31.00515
616	9.02590	3.3339656	27.8671	27.7122	6.623321	31.00319
617	9.02524	3.3339593	28.0986	27.9423	6.623402	31.00359
618	9.02443	3.3340921	28.3359	28.1783	6.623441	31.00558
619	9.02470	3.3340922	28.5704	28.4115	6.623414	31.00524
620	9.02464	3.3341934	28.8110	28.6507	6.623380	31.00622
621	9.02464	3.3341113	29.0331	28.8716	6.623420	31.00528
622	9.02464	3.3342251	29.2768	29.1139	6.623375	31.00635
623	9.02437	3.3342568	29.5141	29.3499	6.623396	31.00681
624	9.02404	3.3342569	29.7457	29.5801	6.623437	31.00700
625	9.02361	3.3344465	29.9861	29.8192	6.623408	31.00923
626	9.02388	3.3345351	30.2175	30.0493	6.623343	31.00981
627	9.02382	3.3345731	30.4520	30.2825	6.623337	31.01015
628	9.02361	3.3346047	30.6863	30.5155	6.623352	31.01056
629	9.02371	3.3346996	30.9239	30.7517	6.623302	31.01134
630	9.02415	3.3348387	31.1551	30.9816	6.623197	31.01230
631	9.02464	3.3348641	31.3834	31.2087	6.623134	31.01203
632	9.02475	3.3347693	31.6178	31.4417	6.623168	31.01086
633	9.02530	3.3346683	31.8644	31.6869	6.623155	31.00924
634	9.02464	3.3357554	32.0897	31.9110	6.622758	31.02092
635	9.02290	3.3360463	32.3333	32.1532	6.622832	31.02533
636	9.02142	3.3364003	32.5647	32.3832	6.622848	31.03017
637	9.02049	3.3365584	32.8052	32.6224	6.622887	31.03251
638	9.02016	3.3365585	33.0275	32.8434	6.622928	31.03270
639	9.01973	3.3367229	33.2680	33.0826	6.622910	31.03467
640	9.01929	3.3367483	33.5024	33.3157	6.622952	31.03521
641	9.01852	3.3368179	33.7429	33.5548	6.623012	31.03649
642	9.01792	3.3368812	33.9682	33.7789	6.623056	31.03757
643	9.01727	3.3369382	34.2027	34.0120	6.623110	31.03863
644	9.01639	3.3370710	34.4370	34.2450	6.623154	31.04066
645	9.01557	3.3371027	34.6654	34.4721	6.623237	31.04161
646	9.01514	3.3371660	34.8967	34.7021	6.623262	31.04254
647	9.01481	3.3371850	35.1282	34.9323	6.623295	31.04292
648	9.01448	3.3372294	35.3595	35.1622	6.623317	31.04357
649	9.01393	3.3372990	35.5879	35.3893	6.623352	31.04466
650	9.01350	3.3373307	35.8193	35.6194	6.623392	31.04527
651	9.01322	3.3373940	36.0476	35.8464	6.623399	31.04607
652	9.01262	3.3374572	36.2730	36.0705	6.623443	31.04714
653	9.01208	3.3374573	36.5074	36.3036	6.623509	31.04752
654	9.01159	3.3374890	36.7357	36.5306	6.623554	31.04818
655	9.01131	3.3374891	36.9639	36.7576	6.623589	31.04832
656	9.01098	3.3375461	37.1894	36.9817	6.623605	31.04910
657	9.01055	3.3376157	37.4451	37.2360	6.623628	31.05009
658	9.01006	3.3377422	37.7038	37.4933	6.623633	31.05171
659	9.00913	3.3378118	37.9383	37.7264	6.623711	31.05314
660	9.00864	3.3378499	38.1697	37.9565	6.623754	31.05386
661	9.00825	3.3378436	38.4040	38.1894	6.623804	31.05403
662	9.00793	3.3379069	38.6323	38.4165	6.623818	31.05487
663	9.00765	3.3379702	38.8608	38.6437	6.623825	31.05566
664	9.00716	3.3380651	39.0921	38.8737	6.623843	31.05697
665	9.00683	3.3380652	39.3387	39.1189	6.623884	31.05715
666	9.00656	3.3380969	39.5702	39.3490	6.623905	31.05761
667	9.00629	3.3380970	39.8015	39.5790	6.623940	31.05775
668	9.00601	3.3382172	40.0389	39.8151	6.623923	31.05913
669	9.00574	3.3382236	40.2796	40.0544	6.623955	31.05933
670	9.00547	3.3383248	40.5078	40.2813	6.623946	31.06051
671	9.00525	3.3383881	40.7392	40.5114	6.623947	31.06126
672	9.00481	3.3383692	40.9736	40.7445	6.624009	31.06134
673	9.00465	3.3383883	41.2111	40.9806	6.624023	31.06158
674	9.00459	3.3384199	41.4486	41.2167	6.624020	31.06185
675	9.00465	3.3384832	41.6861	41.4529	6.623990	31.06236
676	9.00448	3.3384896	41.9084	41.6739	6.624010	31.06247
677	9.00421	3.3385150	42.1610	41.9251	6.624034	31.06286
678	9.00416	3.3385467	42.3864	42.1492	6.624031	31.06314
679	9.00405	3.3385784	42.6207	42.3822	6.624033	31.06346
680	9.00399	3.3386101	42.8582	42.6183	6.624030	31.06373
681	9.00388	3.3386734	43.0987	42.8575	6.624019	31.06438
682	9.00383	3.3387367	43.3392	43.0966	6.624002	31.06497
683	9.00372	3.3388063	43.5829	43.3389	6.623988	31.06568
684	9.00356	3.3389328	43.8233	43.5779	6.623956	31.06703
685	9.00345	3.3390404	44.0608	43.8141	6.623925	31.06813
686	9.00323	3.3391227	44.2923	44.0442	6.623918	31.06907
687	9.00312	3.3391544	44.5419	44.2924	6.623921	31.06938
688	9.00301	3.3392177	44.7762	44.5254	6.623910	31.07003
689	9.00301	3.3392557	45.0107	44.7586	6.623897	31.07032
690	9.00285	3.3393190	45.2449	44.9914	6.623892	31.07102
691	9.00268	3.3392875	45.4764	45.2216	6.623929	31.07074
692	9.00285	3.3392875	45.7232	45.4670	6.623915	31.07049
693	9.00274	3.3393445	45.9636	45.7060	6.623907	31.07107
694	9.00279	3.3393825	46.1889	45.9301	6.623888	31.07132
695	9.00285	3.3393826	46.4234	46.1632	6.623886	31.07117
696	9.00279	3.3396040	46.6608	46.3992	6.623800	31.07340
697	9.00317	3.3398949	46.8952	46.6323	6.623634	31.07596
698	9.00388	3.3398950	47.1267	46.8625	6.623558	31.07524
699	9.00432	3.3397686	47.3702	47.1046	6.623569	31.07345
700	9.00405	3.3397371	47.6228	47.3558	6.623618	31.07326
701	9.00372	3.3400154	47.8603	47.5919	6.623538	31.07631
702	9.00421	3.3403127	48.1008	47.8310	6.623357	31.07885
703	9.00574	3.3406985	48.3414	48.0702	6.623021	31.08139
704	9.00743	3.3408883	48.5849	48.3123	6.622752	31.08176
705	9.00880	3.3412362	48.8163	48.5424	6.622450	31.08406
706	9.00989	3.3414639	49.0659	48.7905	6.622233	31.08534
707	9.01077	3.3415905	49.3065	49.0298	6.622083	31.08578
708	9.01142	3.3416601	49.5532	49.2751	6.621984	31.08582
709	9.01169	3.3416918	49.7845	49.5051	6.621943	31.08581
710	9.01197	3.3418500	50.0312	49.7503	6.621848	31.08710
711	9.01197	3.3419450	50.2867	50.0044	6.621811	31.08797
712	9.01175	3.3420779	50.5366	50.2528	6.621782	31.08942
713	9.01126	3.3422108	50.7892	50.5040	6.621784	31.09111
714	9.01148	3.3425904	51.0296	50.7430	6.621598	31.09473
715	9.01240	3.3427486	51.2764	50.9883	6.621429	31.09545
716	9.01344	3.3428752	51.5230	51.2336	6.621262	31.09574
717	9.01437	3.3430650	51.7725	51.4816	6.621079	31.09678
718	9.01525	3.3431979	52.0222	51.7299	6.620927	31.09728
719	9.01612	3.3434194	52.2688	51.9751	6.620737	31.09869
720	9.01721	3.3434195	52.5185	52.2233	6.620619	31.09763
721	9.01760	3.3432741	52.7682	52.4716	6.620644	31.09569
722	9.01716	3.3432931	53.0147	52.7167	6.620689	31.09616
723	9.01688	3.3433565	53.2552	52.9558	6.620696	31.09695
724	9.01667	3.3434578	53.5110	53.2102	6.620681	31.09808
725	9.01694	3.3436097	53.7576	53.4553	6.620589	31.09930
726	9.01738	3.3437110	54.0103	53.7065	6.620500	31.09985
727	9.01770	3.3437427	54.2599	53.9547	6.620454	31.09979
728	9.01792	3.3439072	54.5066	54.2000	6.620362	31.10118
729	9.01814	3.3440085	54.7561	54.4481	6.620298	31.10193
730	9.01820	3.3440023	55.0058	54.6963	6.620299	31.10171
731	9.01776	3.3439707	55.2525	54.9416	6.620366	31.10166
732	9.01716	3.3439392	55.5083	55.1959	6.620452	31.10175
733	9.01628	3.3438887	55.7518	55.4380	6.620577	31.10189
734	9.01541	3.3438382	56.0014	55.6862	6.620702	31.10203
735	9.01421	3.3438066	56.2297	55.9132	6.620855	31.10265
736	9.01306	3.3436802	56.4914	56.1734	6.621044	31.10224
737	9.01142	3.3436739	56.7383	56.4188	6.621235	31.10350
738	9.00995	3.3436171	56.9911	56.6701	6.621430	31.10409
739	9.00853	3.3436172	57.2282	56.9059	6.621594	31.10523
740	9.00716	3.3436173	57.4719	57.1482	6.621752	31.10632
741	9.00601	3.3435858	57.7366	57.4114	6.621899	31.10689
742	9.00519	3.3435858	57.9895	57.6628	6.621996	31.10749
743	9.00454	3.3435859	58.2300	57.9020	6.622074	31.10796
744	9.00377	3.3436177	58.4766	58.1471	6.622151	31.10885
745	9.00285	3.3436114	58.7232	58.3923	6.622262	31.10949
746	9.00219	3.3436495	58.9699	58.6375	6.622324	31.11035
747	9.00110	3.3438710	59.2165	58.8827	6.622354	31.11349
748	8.99935	3.3446429	59.4661	59.1309	6.622218	31.12287
749	8.99640	3.3452884	59.7097	59.3731	6.622271	31.13200
750	8.99302	3.3455416	59.9562	59.6181	6.622546	31.13747
751	8.99012	3.3459594	60.2152	59.8756	6.622693	31.14420
752	8.98734	3.3464088	60.4616	60.1206	6.622814	31.15117
753	8.98434	3.3469974	60.6899	60.3477	6.622898	31.15978
754	8.98112	3.3472127	60.8788	60.5354	6.623169	31.16474
755	8.97800	3.3473077	60.9580	60.6142	6.623478	31.16841
756	8.97522	3.3472761	60.9581	60.6142	6.623805	31.17052
757	8.97462	3.3472444	60.9490	60.6053	6.623886	31.17073
758	8.97604	3.3472128	60.9643	60.6204	6.623741	31.16915
759	8.97762	3.3471178	60.9554	60.6116	6.623604	31.16679
760	8.97877	3.3469216	60.9463	60.6025	6.623561	31.16376
761	8.97893	3.3468773	60.8703	60.5269	6.623561	31.16319
762	8.97997	3.3466368	60.7578	60.4151	6.623548	31.15985
763	8.98177	3.3468899	60.6362	60.2942	6.623232	31.16094
764	8.98243	3.3469404	60.4841	60.1431	6.623134	31.16095
765	8.98232	3.3468581	60.3258	59.9856	6.623179	31.16027
766	8.98193	3.3468264	60.1738	59.8345	6.623233	31.16034
767	8.98172	3.3466998	60.0126	59.6742	6.623310	31.15929
768	8.98128	3.3465732	59.8330	59.4956	6.623411	31.15845
769	8.98139	3.3464402	59.6537	59.3175	6.623454	31.15706
770	8.98210	3.3461870	59.4650	59.1298	6.623481	31.15390
771	8.98292	3.3460857	59.2673	58.9333	6.623430	31.15222
772	8.98423	3.3456553	59.0666	58.7337	6.623468	31.14672
773	8.98597	3.3453515	58.8659	58.5342	6.623400	31.14214
774	8.98799	3.3451869	58.6619	58.3314	6.623242	31.13877
775	8.98974	3.3450919	58.4400	58.1107	6.623083	31.13635
776	8.99089	3.3450476	58.2207	57.8927	6.622969	31.13499
777	8.99132	3.3450285	57.9957	57.6690	6.622924	31.13450
778	8.99171	3.3447057	57.7645	57.4391	6.623018	31.13094
779	8.99296	3.3440666	57.5363	57.2122	6.623153	31.12334
780	8.99586	3.3438261	57.3203	56.9975	6.622928	31.11842
781	8.99880	3.3437122	57.0922	56.7707	6.622643	31.11477
782	9.00121	3.3436488	56.8577	56.5376	6.622396	31.11211
783	9.00285	3.3436487	56.6116	56.2928	6.622207	31.11079
784	9.00448	3.3436423	56.3560	56.0388	6.622021	31.10940
785	9.00596	3.3436485	56.1064	55.7906	6.621848	31.10828
786	9.00694	3.3436168	55.8660	55.5516	6.621747	31.10720
787	9.00727	3.3434902	55.6288	55.3157	6.621762	31.10571
788	9.00782	3.3435217	55.4006	55.0888	6.621682	31.10566
789	9.00875	3.3436165	55.1786	54.8681	6.621532	31.10592
790	9.00989	3.3436165	54.9594	54.6502	6.621400	31.10501
791	9.01093	3.3436480	54.7344	54.4264	6.621265	31.10452
792	9.01197	3.3437049	54.5152	54.2086	6.621120	31.10430
793	9.01328	3.3438376	54.2993	53.9939	6.620910	31.10461
794	9.01464	3.3438375	54.0743	53.7702	6.620753	31.10352
795	9.01596	3.3438375	53.8640	53.5611	6.620602	31.10246
796	9.01688	3.3437615	53.6361	53.3345	6.620526	31.10096
797	9.01732	3.3437108	53.4171	53.1168	6.620496	31.10015
798	9.01732	3.3436474	53.1949	52.8959	6.620519	31.09960
799	9.01749	3.3435841	52.9698	52.6721	6.620524	31.09890
800	9.01743	3.3435208	52.7507	52.4542	6.620554	31.09839
801	9.01749	3.3434891	52.5286	52.2334	6.620558	31.09811
802	9.01743	3.3434574	52.3004	52.0065	6.620574	31.09792
803	9.01765	3.3434889	52.0721	51.7795	6.620531	31.09816
804	9.01803	3.3435837	51.8532	51.5619	6.620443	31.09890
805	9.01863	3.3436469	51.6281	51.3381	6.620343	31.09912
806	9.01967	3.3436785	51.4152	51.1264	6.620209	31.09863
807	9.02044	3.3435519	51.1869	50.8994	6.620174	31.09675
808	9.02065	3.3433683	50.9529	50.6667	6.620226	31.09477
809	9.02027	3.3431975	50.7304	50.4455	6.620339	31.09344
810	9.01940	3.3429697	50.4966	50.2130	6.620533	31.09195
811	9.01825	3.3426850	50.2711	49.9889	6.620782	31.09012
812	9.01705	3.3423939	50.0429	49.7620	6.621040	31.08826
813	9.01563	3.3421725	49.8148	49.5352	6.621292	31.08732
814	9.01415	3.3420396	49.5836	49.3052	6.621512	31.08734
815	9.01295	3.3420079	49.3555	49.0785	6.621656	31.08816
816	9.01219	3.3419320	49.1304	48.8546	6.621771	31.08814
817	9.01180	3.3418497	48.9021	48.6277	6.621846	31.08772
818	9.01186	3.3416598	48.6678	48.3947	6.621919	31.08582
819	9.01213	3.3414953	48.4428	48.1710	6.621956	31.08398
820	9.01208	3.3413561	48.2146	47.9441	6.622019	31.08269
821	9.01197	3.3412106	47.9833	47.7141	6.622090	31.08138
822	9.01175	3.3410461	47.7551	47.4873	6.622182	31.07998
823	9.01142	3.3408879	47.5177	47.2513	6.622284	31.07873
824	9.01104	3.3407171	47.2775	47.0124	6.622397	31.07741
825	9.01055	3.3404704	47.0525	46.7887	6.622556	31.07539
826	9.00973	3.3402806	46.8150	46.5526	6.622727	31.07425
827	9.00891	3.3401477	46.5838	46.3226	6.622873	31.07370
828	9.00798	3.3400465	46.3494	46.0896	6.623017	31.07356
829	9.00722	3.3399895	46.1090	45.8506	6.623124	31.07375
830	9.00656	3.3398630	45.8750	45.6179	6.623249	31.07312
831	9.00590	3.3397680	45.6466	45.3908	6.623360	31.07281
832	9.00530	3.3397743	45.4154	45.1609	6.623420	31.07350
833	9.00492	3.3397679	45.1690	44.9159	6.623461	31.07387
834	9.00476	3.3396350	44.9316	44.6799	6.623534	31.07274
835	9.00443	3.3395085	44.6912	44.4408	6.623621	31.07183
836	9.00421	3.3394389	44.4569	44.2079	6.623672	31.07140
837	9.00383	3.3394451	44.2258	43.9781	6.623708	31.07190
838	9.00361	3.3394451	43.9854	43.7391	6.623728	31.07219
839	9.00339	3.3394134	43.7480	43.5031	6.623763	31.07216
840	9.00345	3.3391920	43.5136	43.2700	6.623849	31.06993
841	9.00339	3.3390591	43.2824	43.0402	6.623909	31.06871
842	9.00328	3.3390274	43.0452	42.8043	6.623931	31.06858
843	9.00328	3.3389957	42.8140	42.5743	6.623940	31.06835
844	9.00339	3.3389514	42.5797	42.3414	6.623943	31.06790
845	9.00317	3.3388691	42.3423	42.1054	6.623999	31.06734
846	9.00317	3.3388058	42.1081	41.8725	6.624023	31.06679
847	9.00317	3.3387742	41.8738	41.6395	6.624032	31.06656
848	9.00323	3.3387361	41.6334	41.4005	6.624038	31.06623
849	9.00334	3.3386096	41.4052	41.1736	6.624077	31.06492
850	9.00345	3.3385463	41.1678	40.9376	6.624088	31.06428
851	9.00361	3.3385146	40.9367	40.7078	6.624080	31.06391
852	9.00372	3.3384513	40.7024	40.4748	6.624091	31.06326
853	9.00377	3.3384007	40.4681	40.2419	6.624102	31.06279
854	9.00399	3.3383563	40.2399	40.0149	6.624093	31.06224
855	9.00410	3.3383246	39.9995	39.7759	6.624090	31.06192
856	9.00410	3.3382930	39.7622	39.5400	6.624100	31.06170
857	9.00432	3.3381854	39.5278	39.3069	6.624118	31.06050
858	9.00459	3.3380968	39.2997	39.0800	6.624122	31.05944
859	9.00470	3.3380651	39.0655	38.8472	6.624119	31.05912
860	9.00498	3.3380018	38.8403	38.6233	6.624112	31.05833
861	9.00552	3.3379449	38.6121	38.3964	6.624071	31.05736
862	9.00574	3.3379385	38.3839	38.1695	6.624045	31.05720
863	9.00596	3.3379068	38.1558	37.9426	6.624030	31.05679
864	9.00607	3.3378751	37.9306	37.7188	6.624028	31.05646
865	9.00612	3.3378497	37.7086	37.4980	6.624029	31.05625
866	9.00629	3.3378117	37.4803	37.2710	6.624023	31.05581
867	9.00651	3.3378116	37.2460	37.0380	6.623994	31.05572
868	9.00656	3.3378116	37.0178	36.8112	6.623984	31.05577
869	9.00678	3.3377609	36.7897	36.5844	6.623977	31.05515
870	9.00678	3.3377103	36.5431	36.3391	6.623995	31.05474
871	9.00705	3.3377102	36.3088	36.1061	6.623960	31.05460
872	9.00722	3.3376785	36.0837	35.8823	6.623951	31.05423
873	9.00749	3.3376468	35.8495	35.6494	6.623930	31.05376
874	9.00749	3.3376404	35.6334	35.4346	6.623929	31.05379
875	9.00749	3.3375835	35.4020	35.2045	6.623949	31.05330
876	9.00776	3.3374886	35.1800	34.9837	6.623956	31.05218
877	9.00842	3.3373937	34.9609	34.7659	6.623920	31.05072
878	9.00951	3.3372419	34.7297	34.5360	6.623859	31.04830
879	9.01066	3.3370711	34.5076	34.3151	6.623801	31.04564
880	9.01230	3.3369762	34.2793	34.0882	6.623654	31.04333
881	9.01383	3.3368813	34.0571	33.8673	6.623519	31.04111
882	9.01514	3.3368496	33.8352	33.6465	6.623381	31.03974
883	9.01617	3.3368495	33.6190	33.4316	6.623261	31.03892
884	9.01688	3.3368494	33.3969	33.2108	6.623177	31.03840
885	9.01749	3.3368493	33.1778	32.9929	6.623105	31.03797
886	9.01798	3.3368493	32.9558	32.7721	6.623046	31.03763
887	9.01836	3.3368492	32.7399	32.5575	6.622999	31.03739
888	9.01841	3.3368491	32.5298	32.3485	6.622989	31.03743
889	9.01841	3.3368491	32.3077	32.1277	6.622985	31.03753
890	9.01820	3.3368174	32.1008	31.9220	6.623020	31.03748
891	9.01820	3.3368173	31.8818	31.7042	6.623016	31.03758
892	9.01831	3.3368172	31.6688	31.4924	6.622999	31.03757
893	9.01907	3.3367160	31.4557	31.2806	6.622954	31.03595
894	9.02049	3.3364947	31.2398	31.0658	6.622887	31.03252
895	9.02147	3.3361786	31.0328	30.8600	6.622910	31.02850
896	9.02224	3.3359826	30.8260	30.6544	6.622906	31.02590
897	9.02262	3.3359509	30.6160	30.4455	6.622873	31.02533
898	9.02279	3.3359192	30.4030	30.2337	6.622865	31.02495
899	9.02279	3.3359634	30.1960	30.0279	6.622842	31.02549
900	9.02290	3.3359507	29.9891	29.8222	6.622831	31.02536
901	9.02300	3.3358558	29.7731	29.6074	6.622856	31.02438
902	9.02268	3.3353754	29.5693	29.4048	6.623099	31.01980
903	9.02197	3.3352363	29.3625	29.1991	6.623236	31.01907
904	9.02104	3.3351162	29.1525	28.9903	6.623389	31.01873
905	9.02038	3.3350213	28.9516	28.7906	6.623501	31.01841
906	9.01989	3.3349897	28.7538	28.5938	6.623566	31.01860
907	9.01951	3.3346863	28.5531	28.3943	6.623738	31.01589
908	9.01891	3.3343197	28.3583	28.2006	6.623963	31.01272
909	9.01814	3.3342880	28.1574	28.0008	6.624059	31.01315
910	9.01765	3.3342880	27.9567	27.8013	6.624110	31.01366
911	9.01738	3.3341931	27.7589	27.6045	6.624179	31.01301
912	9.01694	3.3340477	27.5520	27.3988	6.624288	31.01198
913	9.01672	3.3340287	27.3574	27.2053	6.624317	31.01205
914	9.01639	3.3339654	27.1656	27.0146	6.624378	31.01177
915	9.01617	3.3339654	26.9618	26.8119	6.624399	31.01205
916	9.01601	3.3339906	26.7701	26.6213	6.624403	31.01253
917	9.01596	3.3339968	26.5663	26.4187	6.624403	31.01273
918	9.01590	3.3339968	26.3715	26.2249	6.624406	31.01286
919	9.01612	3.3340599	26.1706	26.0252	6.624350	31.01341
920	9.01617	3.3340598	25.9668	25.8226	6.624340	31.01345
921	9.01612	3.3340155	25.7752	25.6320	6.624362	31.01312
922	9.01628	3.3339965	25.5805	25.4384	6.624348	31.01287
923	9.01628	3.3339649	25.3855	25.2445	6.624358	31.01263
924	9.01617	3.3339332	25.2030	25.0630	6.624381	31.01247
925	9.01607	3.3339268	25.0083	24.8694	6.624393	31.01259
926	9.01612	3.3339015	24.8197	24.6819	6.624394	31.01236
927	9.01612	3.3339330	24.6342	24.4974	6.624377	31.01276
928	9.01607	3.3338698	24.4485	24.3128	6.624408	31.01224
929	9.01607	3.3338634	24.2568	24.1221	6.624407	31.01226
930	9.01585	3.3338697	24.0713	23.9376	6.624425	31.01259
931	9.01596	3.3338696	23.8826	23.7500	6.624410	31.01258
932	9.01596	3.3338063	23.6939	23.5624	6.624434	31.01200
933	9.01617	3.3338695	23.5053	23.3748	6.624378	31.01255
934	9.01634	3.3338062	23.3168	23.1874	6.624384	31.01183
935	9.01650	3.3337746	23.1311	23.0028	6.624376	31.01144
936	9.01667	3.3337745	22.9456	22.8182	6.624354	31.01138
937	9.01667	3.3337744	22.7539	22.6276	6.624351	31.01146
938	9.01667	3.3336543	22.5651	22.4400	6.624400	31.01030
939	9.01688	3.3335784	22.3734	22.2493	6.624405	31.00941
940	9.01721	3.3335468	22.1879	22.0649	6.624378	31.00888
941	9.01732	3.3335151	22.0022	21.8802	6.624376	31.00854
942	9.01743	3.3335340	21.8167	21.6957	6.624353	31.00872
943	9.01754	3.3335466	21.6312	21.5112	6.624331	31.00883
944	9.01749	3.3335149	21.4485	21.3295	6.624348	31.00863
945	9.01765	3.3334833	21.2568	21.1389	6.624340	31.00825
946	9.01754	3.3334832	21.0681	20.9513	6.624349	31.00842
947	9.01760	3.3334705	20.8917	20.7759	6.624345	31.00832
948	9.01765	3.3334515	20.7031	20.5884	6.624344	31.00816
949	9.01765	3.3334515	20.5205	20.4068	6.624340	31.00823
950	9.01770	3.3334198	20.3348	20.2221	6.624345	31.00794
951	9.01776	3.3334071	20.1462	20.0345	6.624341	31.00784
952	9.01776	3.3332933	19.9666	19.8560	6.624387	31.00675
953	9.01792	3.3331985	19.7780	19.6685	6.624407	31.00571
954	9.01814	3.3331668	19.5924	19.4839	6.624393	31.00527
955	9.01814	3.3330973	19.4130	19.3055	6.624420	31.00463
956	9.01798	3.3330719	19.2304	19.1239	6.624446	31.00459
957	9.01809	3.3330971	19.0357	18.9302	6.624419	31.00484
958	9.01809	3.3331350	18.8439	18.7396	6.624399	31.00531
959	9.01792	3.3331349	18.6674	18.5640	6.624414	31.00553
960	9.01792	3.3331033	18.4819	18.3795	6.624425	31.00528
961	9.01787	3.3330653	18.2871	18.1858	6.624444	31.00502
962	9.01809	3.3330337	18.1016	18.0014	6.624430	31.00459
963	9.01803	3.3329388	17.9068	17.8076	6.624474	31.00374
964	9.01847	3.3327429	17.7181	17.6200	6.624507	31.00142
965	9.01885	3.3326544	17.5324	17.4354	6.624499	31.00025
966	9.01929	3.3324900	17.3347	17.2387	6.624518	30.99826
967	9.01973	3.3323320	17.1308	17.0360	6.624534	30.99634
968	9.02027	3.3322688	16.9362	16.8425	6.624497	30.99530
969	9.02082	3.3321929	16.7414	16.6488	6.624465	30.99412
970	9.02147	3.3320475	16.5497	16.4581	6.624451	30.99214
971	9.02213	3.3315357	16.3518	16.2614	6.624597	30.98637
972	9.02350	3.3309608	16.1602	16.0708	6.624691	30.97934
973	9.02579	3.3302216	15.9685	15.8802	6.624752	30.96981
974	9.02831	3.3299689	15.7708	15.6835	6.624576	30.96510
975	9.03044	3.3297099	15.5821	15.4959	6.624445	30.96066
976	9.03213	3.3294571	15.3873	15.3022	6.624362	30.95666
977	9.03355	3.3291665	15.1865	15.1026	6.624325	30.95252
978	9.03519	3.3285539	14.9979	14.9149	6.624404	30.94486
979	9.03694	3.3281496	14.7970	14.7152	6.624380	30.93926
980	9.03891	3.3278591	14.6052	14.5245	6.624282	30.93464
981	9.04088	3.3274170	14.4168	14.3371	6.624250	30.92845
982	9.04350	3.3266150	14.2189	14.1403	6.624301	30.91800
983	9.04744	3.3264886	14.0241	13.9465	6.623909	30.91336
984	9.05044	3.3263938	13.8265	13.7501	6.623608	30.90986
985	9.05269	3.3260402	13.6254	13.5501	6.623506	30.90436
986	9.05515	3.3258191	13.4246	13.3505	6.623322	30.90003
987	9.05783	3.3254024	13.2147	13.1417	6.623198	30.89350
988	9.06100	3.3251498	13.0138	12.9419	6.622947	30.88824
989	9.06434	3.3246068	12.8192	12.7484	6.622805	30.87984
990	9.06953	3.3240638	12.6185	12.5488	6.622453	30.86983
991	9.07665	3.3237165	12.4205	12.3519	6.621799	30.86018
992	9.08381	3.3234324	12.2198	12.1523	6.621112	30.85113
993	9.09000	3.3233944	12.0127	11.9464	6.620429	30.84547
994	9.09432	3.3232996	11.8211	11.7558	6.619980	30.84083
995	9.09750	3.3232995	11.6111	11.5470	6.619619	30.83817
996	9.09969	3.3232363	11.4101	11.3471	6.619396	30.83572
997	9.10155	3.3232804	11.2064	11.1445	6.619164	30.83465
998	9.10248	3.3232361	10.9933	10.9326	6.619074	30.83348
999	9.10330	3.3232361	10.7773	10.7178	6.618978	30.83286
1000	9.10391	3.3232360	10.5764	10.5181	6.618907	30.83242
1001	9.10456	3.3232044	10.3695	10.3123	6.618843	30.83162
1002	9.10495	3.3232169	10.1537	10.0976	6.618790	30.83150
1003	9.10571	3.3231411	9.9436	9.8888	6.618733	30.83015
1004	9.10659	3.3223774	9.7336	9.6799	6.618963	30.82163
1005	9.10922	3.3197651	9.5236	9.4711	6.619799	30.79259
1006	9.11705	3.3160751	9.3076	9.2563	6.620518	30.74800
1007	9.12932	3.3132440	9.1006	9.0504	6.620362	30.70843
1008	9.14362	3.3102310	8.8937	8.8446	6.620055	30.66527
1009	9.15760	3.3097582	8.6747	8.6268	6.618681	30.64849
1010	9.16720	3.3092476	8.4707	8.4240	6.617817	30.63510
1011	9.17356	3.3088695	8.2577	8.2122	6.617260	30.62585
1012	9.17823	3.3081070	8.0415	7.9972	6.617061	30.61412
1013	9.18196	3.3083022	7.8319	7.7887	6.616552	30.61301
1014	9.18366	3.3102995	7.6157	7.5737	6.615491	30.63212
1015	9.18075	3.3122659	7.3995	7.3588	6.614963	30.65487
1016	9.17510	3.3128962	7.1745	7.1350	6.615322	30.66629
1017	9.16978	3.3145794	6.9644	6.9261	6.615187	30.68822
1018	9.16369	3.3158846	6.7392	6.7020	6.615302	30.70695
1019	9.15777	3.3147875	6.5262	6.4902	6.616441	30.70088
1020	9.15645	3.3137219	6.3162	6.2814	6.617048	30.69116
1021	9.15843	3.3122342	6.0911	6.0575	6.617467	30.67429
1022	9.16254	3.3099463	5.8721	5.8398	6.617992	30.64737
1023	9.16950	3.3087112	5.6498	5.6187	6.617739	30.62882
1024	9.17647	3.3078227	5.4307	5.4008	6.617335	30.61382
1025	9.18207	3.3069658	5.2177	5.1889	6.617072	30.60032
1026	9.18684	3.3063673	5.0018	4.9742	6.616790	30.59018
1027	9.19085	3.3064931	4.7704	4.7442	6.616280	30.58814
1028	9.19310	3.3063671	4.5513	4.5263	6.616077	30.58501
1029	9.19480	3.3058568	4.3322	4.3083	6.616102	30.57841
1030	9.19633	3.3056866	4.1191	4.0965	6.615999	30.57544
1031	9.19771	3.3061085	3.9001	3.8786	6.615658	30.57868
1032	9.19749	3.3071226	3.6779	3.6577	6.615239	30.58936
1033	9.19551	3.3081053	3.4680	3.4489	6.615032	30.60121
1034	9.19233	3.3088047	3.2397	3.2218	6.615084	30.61121
1035	9.18865	3.3098821	3.0146	2.9980	6.615027	30.62550
1036	9.18464	3.3101089	2.7954	2.7800	6.615376	30.63136
1037	9.18190	3.3096930	2.5641	2.5500	6.615861	30.62955
1038	9.18124	3.3090880	2.3481	2.3351	6.616194	30.62400
1039	9.18223	3.3073491	2.1350	2.1232	6.616832	30.60542
1040	9.18574	3.3056357	1.9342	1.9236	6.617176	30.58492
1041	9.19156	3.3032614	1.7181	1.7087	6.617545	30.55570
1042	9.19902	3.3017124	1.5112	1.5029	6.617370	30.53352
1043	9.20671	3.2991315	1.3103	1.3031	6.617617	30.50060
1044	9.21467	3.2988671	1.1247	1.1185	6.616830	30.49117
1045	9.21972	3.2990243	0.9542	0.9490	6.616189	30.48853
1046	9.22225	3.2994333	0.8143	0.8098	6.615725	30.49062
1047	9.22296	3.3003522	0.7079	0.7040	6.615245	30.49947
1048	9.22230	3.3008243	0.6044	0.6011	6.615113	30.50491
1049	9.22082	3.3026436	0.5072	0.5044	6.614492	30.52484
1050	9.21720	3.3040226	0.3945	0.3923	6.614302	30.54211
1051	9.21302	3.3045579	0.2941	0.2925	6.614538	30.55121
1052	9.20973	3.3047468	0.2031	0.2019	6.614826	30.55600
1053	9.20781	3.3041801	0.0965	0.0959	6.615286	30.55189
1054	9.20748	3.3042115	0.0659	0.0655	6.615309	30.55250
1055	9.20709	3.3044634	0.0720	0.0716	6.615244	30.55541
1056	9.20605	3.3042115	0.0721	0.0717	6.615470	30.55372
1057	9.20501	3.3035441	0.0783	0.0779	6.615877	30.54777
1058	9.20517	3.3025996	0.0692	0.0688	6.616267	30.53796
1059	9.20621	3.3021211	0.0724	0.0720	6.616357	30.53217
1060	9.20786	3.3014915	0.0725	0.0721	6.616443	30.52431
1061	9.20945	3.3010131	0.0785	0.0781	6.616471	30.51804
1062	9.21044	3.3010508	0.0694	0.0691	6.616343	30.51759
1063	9.21039	3.0632717	0.0726	0.0722	6.719516	28.09545
1064	9.20896	0.6279033	0.0757	0.0753	7.786160	5.03615
1065	9.20643	0.4571994	0.0788	0.0784	7.858952	3.58880
1066	9.20418	0.5601335	0.0756	0.0752	7.815875	4.45758
1067	9.20330	0.5707410	0.0758	0.0754	7.811526	4.54799
1068	9.20298	0.5146828	0.0789	0.0785	7.835353	4.07245
1069	9.20402	0.4978931	0.0789	0.0785	7.842257	3.93070
1070	9.20577	0.4815476	0.0698	0.0694	7.848831	3.79300
1071	9.20841	0.4594377	0.0820	0.0815	7.857653	3.60733
1072	9.21214	0.4042749	0.0760	0.0756	7.880062	3.14763
1073	9.21527	0.3766438	0.0731	0.0727	7.890986	2.91909
1074	9.21846	0.4143241	0.0731	0.0727	7.874714	3.23039
1075	9.22203	0.3980905	0.0702	0.0698	7.880830	3.09557
1076	9.22549	0.3733659	0.0732	0.0728	7.890471	2.89127
1077	9.22933	0.3515340	0.0703	0.0699	7.898803	2.71170
1078	9.23373	0.3136460	0.0703	0.0699	7.913598	2.40232
1079	9.23884	0.2965643	0.0764	0.0760	7.919652	2.26355
1080	9.24389	0.2801277	0.0765	0.0761	7.925425	2.13059
1081	9.24911	0.2676800	0.0736	0.0732	7.929521	2.03022
1082	9.25434	0.2714113	0.0735	0.0731	7.927033	2.05988
1083	9.25912	0.2625202	0.0705	0.0701	7.929755	1.98829
1084	9.26385	0.2518945	0.0766	0.0762	7.933180	1.90303
1085	9.26841	0.2376440	0.0768	0.0764	7.938085	1.78920
1086	9.27308	0.2586260	0.0798	0.0794	7.928735	1.95634
1087	9.27693	0.2412266	0.0738	0.0734	7.935050	1.81728
1088	9.28029	0.2299831	0.0769	0.0765	7.938953	1.72776
1089	9.28304	0.2252848	0.0740	0.0736	7.940327	1.69039
1090	9.28656	0.2247686	0.0739	0.0735	7.939877	1.68613
1091	9.29091	0.2257366	0.0741	0.0736	7.938677	1.69360
1092	9.29547	0.2281293	0.0741	0.0736	7.936864	1.71234
1093	9.29955	0.2335176	0.0742	0.0738	7.933939	1.75488
1094	9.30323	0.2380160	0.0742	0.0738	7.931443	1.79043
1095	9.30643	0.2293673	0.0712	0.0708	7.934324	1.72163
1096	9.30951	0.2240216	0.0682	0.0679	7.935893	1.67915
1097	9.31303	0.2272283	0.0743	0.0739	7.933950	1.70437
1098	9.31633	0.2254444	0.0744	0.0740	7.934050	1.69009
1099	9.31920	0.2358664	0.0713	0.0709	7.929334	1.77257
1100	9.32316	0.2443385	0.0716	0.0712	7.925189	1.83971
1101	9.33208	0.2404338	0.0745	0.0741	7.925100	1.80820
1102	9.34349	0.2182874	0.0746	0.0742	7.931850	1.63228
1103	9.35357	0.2098908	0.0746	0.0742	7.933319	1.56567
1104	9.36195	0.1986335	0.0776	0.0772	7.936231	1.47691
1105	9.36983	0.1985327	0.0717	0.0713	7.934799	1.47580
1106	9.37733	0.2001497	0.0718	0.0714	7.932757	1.48817
1107	9.38582	0.2089896	0.0748	0.0744	7.927663	1.55719
1108	9.39443	0.2130629	0.0750	0.0746	7.924441	1.58884
1109	9.40254	0.2211342	0.0781	0.0777	7.919719	1.65205
1110	9.41131	0.2368590	0.0780	0.0776	7.911815	1.77591
1111	9.42108	0.2436507	0.0811	0.0806	7.907287	1.82927
1112	9.43047	0.2470944	0.0751	0.0747	7.904171	1.85612
