          1         0.0004510         0.00755        11.66159        -0.1192
          2         0.0004510         0.00754        11.64467        -0.1192
          3         0.0004171         0.00737        11.62466        -0.1160
          4         0.0004295         0.00742        11.58694        -0.1161
          5         0.0005343         0.00790        11.56345        -0.1160
          6         0.0006668         0.00855        11.53870        -0.1191
          7         0.0005959         0.00820        11.53840        -0.1160
          8         0.0006083         0.00825        11.52702        -0.1159
          9         0.0007038         0.00874        11.53117        -0.1159
         10         0.0007563         0.00900        11.52977        -0.1219
         11         0.0007624         0.00904        11.54021        -0.1157
         12         0.0007408         0.00893        11.54541        -0.1187
         13         0.1371609         0.94510        11.46860        -0.0944
         14         2.0403125        18.38785         8.42477         0.2810
         15         2.0534920        19.48228         6.65725         0.6322
         16         2.0997896        20.09740         6.42669         0.6413
         17         2.1396729        20.52845         6.40404         0.6383
         18         2.1523784        20.64328         6.43453         0.6414
         19         2.1563352        20.68017         6.44211         0.6445
         20         2.1611525        20.72716         6.44791         0.6476
         21         2.1636357        20.77294         6.41541         0.6505
         22         2.1640029        20.78818         6.39672         0.6507
         23         2.1654932        20.80461         6.39544         0.6416
         24         2.1687126        20.83480         6.40138         0.6418
         25         2.1735934        20.88334         6.40584         0.6448
         26         2.1759405        20.91226         6.39887         0.6448
         27         2.1737610        20.89042         6.39713         0.6540
         28         2.1729446        20.88667         6.38924         0.6480
         29         2.1765843        20.91931         6.39841         0.6451
         30         2.1820285        20.95991         6.42546         0.6421
         31         2.1824886        20.95018         6.44919         0.6482
         32         2.1842918        20.95684         6.46919         0.6544
         33         2.1899703        20.99526         6.50362         0.6514
         34         2.1898833        20.97756         6.53099         0.6424
         35         2.1898941        20.96954         6.54425         0.6456
         36         2.1877207        20.94956         6.53973         0.6457
         37         2.1880567        20.95855         6.53079         0.6458
         38         2.1892383        20.96989         6.53248         0.6459
         39         2.1916778        20.98945         6.54225         0.6521
         40         2.1944762        21.00282         6.56820         0.6461
         41         2.1953008        21.00483         6.57900         0.6433
         42         2.1979218        21.02932         6.58379         0.6434
         43         2.2020046        21.06391         6.59701         0.6496
         44         2.2068399        21.09297         6.63196         0.6527
         45         2.2108303        21.10818         6.67498         0.6468
         46         2.2146056        21.12683         6.70871         0.6439
         47         2.2168913        21.13428         6.73534         0.6380
         48         2.2194992        21.14818         6.75692         0.6413
         49         2.2224351        21.16738         6.77542         0.6444
         50         2.2249799        21.18627         6.78777         0.6447
         51         2.2256939        21.18826         6.79661         0.6418
         52         2.2251541        21.16887         6.81895         0.6449
         53         2.2273508        21.17516         6.84586         0.6452
         54         2.2267564        21.15274         6.87227         0.6425
         55         2.2259930        21.13592         6.88672         0.6486
         56         2.2268326        21.14445         6.88703         0.6457
         57         2.2267290        21.13997         6.89258         0.6491
         58         2.2273504        21.13761         6.90694         0.6493
         59         2.2276938        21.12857         6.92747         0.6495
         60         2.2258127        21.10069         6.94111         0.6497
         61         2.2259817        21.10136         6.94288         0.6559
         62         2.2257584        21.11033         6.92446         0.6531
         63         2.2267616        21.13502         6.90118         0.6534
         64         2.2275141        21.15175         6.88667         0.6567
         65         2.2283375        21.16149         6.88475         0.6509
         66         2.2276286        21.15380         6.88527         0.6541
         67         2.2280813        21.16092         6.88133         0.6543
         68         2.2282667        21.16326         6.88066         0.6577
         69         2.2288884        21.17333         6.87481         0.6579
         70         2.2293139        21.18023         6.87077         0.6551
         71         2.2302520        21.18893         6.87248         0.6554
         72         2.2295374        21.17232         6.88740         0.6557
         73         2.2282776        21.16510         6.87786         0.6560
         74         2.2297668        21.20418         6.83955         0.6623
         75         2.2347872        21.28365         6.79553         0.6595
         76         2.2409697        21.37455         6.75295         0.6598
         77         2.2468627        21.45719         6.71913         0.6601
         78         2.2532647        21.54436         6.68684         0.6634
         79         2.2565994        21.59132         6.66766         0.6637
         80         2.2549182        21.56821         6.67643         0.6640
         81         2.2547263        21.55197         6.69906         0.6611
         82         2.2565993        21.57633         6.69148         0.6614
         83         2.2602262        21.63194         6.66349         0.6618
         84         2.2644254        21.68560         6.64818         0.6650
         85         2.2653960        21.69346         6.65184         0.6683
         86         2.2646664        21.66542         6.68411         0.6656
         87         2.2643207        21.63712         6.72321         0.6659
         88         2.2631197        21.60539         6.75367         0.6661
         89         2.2637393        21.61560         6.74773         0.6665
         90         2.2659385        21.65261         6.72548         0.6668
         91         2.2670137        21.67399         6.70943         0.6701
         92         2.2678641        21.68716         6.70267         0.6704
         93         2.2686926        21.69537         6.70340         0.6677
         94         2.2690328        21.70295         6.69705         0.6649
         95         2.2708717        21.74853         6.65550         0.6681
         96         2.2713164        21.76225         6.64123         0.6685
         97         2.2688576        21.73108         6.64973         0.6718
         98         2.2688573        21.70649         6.68854         0.6691
         99         2.2669039        21.66443         6.72274         0.6663
        100         2.2658725        21.63812         6.74737         0.6697
        101         2.2634814        21.59909         6.76968         0.6700
        102         2.2630264        21.59431         6.76974         0.6703
        103         2.2629224        21.60739         6.74721         0.6677
        104         2.2626209        21.61077         6.73684         0.6740
        105         2.2618260        21.60044         6.74004         0.6713
        106         2.2610805        21.58411         6.75362         0.6685
        107         2.2606421        21.58541         6.74427         0.6720
        108         2.2603956        21.58897         6.73451         0.6692
        109         2.2604669        21.59133         6.73193         0.6756
        110         2.2599517        21.58572         6.73229         0.6729
        111         2.2601873        21.58449         6.73818         0.6702
        112         2.2598312        21.58245         6.73549         0.6735
        113         2.2608505        21.59239         6.73663         0.6709
        114         2.2614426        21.61463         6.71113         0.6712
        115         2.2627199        21.64110         6.69035         0.6746
        116         2.2634219        21.66524         6.66375         0.6749
        117         2.2647215        21.68502         6.65401         0.6723
        118         2.2668881        21.71754         6.63850         0.6726
        119         2.2670965        21.72244         6.63423         0.6729
        120         2.2690717        21.74106         6.63752         0.6733
        121         2.2693462        21.75257         6.62393         0.6766
        122         2.2696974        21.75700         6.62274         0.6799
        123         2.2697193        21.75449         6.62707         0.6773
        124         2.2694284        21.74418         6.63850         0.6716
        125         2.2632193        21.68344         6.63160         0.6750
        126         2.2615803        21.67688         6.61481         0.6754
        127         2.2591417        21.65270         6.61260         0.6757
        128         2.2564028        21.63030         6.60257         0.6820
        129         2.2550283        21.62702         6.58492         0.6945
        130         2.2524336        21.61689         6.55782         0.7252
        131         2.2862101        21.98774         6.53310         0.9072
        132         2.4464247        23.61425         6.63036         1.5614
        133         2.5980181        25.13196         6.75713         2.4487
        134         2.8411423        27.56102         6.96898         3.4359
        135         2.9068129        28.14851         7.10987         4.4323
        136         2.9299500        28.37627         7.13306         5.4406
        137         2.9624340        28.70183         7.15877         6.4582
        138         2.9872196        28.94385         7.18590         7.4877
        139         2.9918321        28.98211         7.19858         8.5204
        140         2.9974908        29.04002         7.20114         9.6227
        141         3.0039611        29.10503         7.20558        10.7309
        142         3.0184620        29.25719         7.20861        11.8422
        143         3.0377559        29.45694         7.21613        12.9597
        144         3.0410251        29.48721         7.22114        14.0740
        145         3.0446801        29.52484         7.22235        15.2155
        146         3.0500831        29.57949         7.22553        16.3995
        147         3.0557342        29.63709         7.22841        17.5533
        148         3.0645943        29.72949         7.23081        18.7250
        149         3.0742297        29.82908         7.23452        19.9332
        150         3.0932459        30.02863         7.23907        21.1504
        151         3.0958559        30.05334         7.24225        22.3556
        152         3.0971645        30.06643         7.24272        23.6030
        153         3.1018711        30.11503         7.24429        24.8444
        154         3.1033713        30.13094         7.24387        26.1222
        155         3.1050807        30.14967         7.24278        27.4241
        156         3.1072025        30.17372         7.24069        28.6776
        157         3.1088881        30.19317         7.23849        29.9432
        158         3.1113001        30.21922         7.23771        31.1725
        159         3.1206767        30.32184         7.23494        32.3805
        160         3.1254648        30.38035         7.22626        33.6583
        161         3.1258844        30.39077         7.21890        34.9389
        162         3.1276972        30.41584         7.21190        36.2438
        163         3.1301828        30.45822         7.19347        37.5730
        164         3.1319228        30.50329         7.16294        38.9081
        165         3.1323861        30.52661         7.14151        40.2613
        166         3.1331700        30.54343         7.13134        41.6572
        167         3.1334111        30.55036         7.12576        42.9983
        168         3.1328379        30.55187         7.11638        44.3454
        169         3.1329434        30.57255         7.09362        45.7169
        170         3.1333819        30.57948         7.09044        47.1035
        171         3.1337401        30.58244         7.09076        48.4931
        172         3.1343575        30.59010         7.08893        49.8795
        173         3.1338830        30.59454         7.07743        51.2812
        174         3.1327361        30.59774         7.05916        52.6526
        175         3.1352724        30.63303         7.04964        53.9180
        176         3.1368093        30.63524         7.06520        55.2137
        177         3.1384392        30.64663         7.07155        56.4973
        178         3.1394705        30.65013         7.07951        57.7537
        179         3.1391869        30.64983         7.07576        58.9978
        180         3.1377431        30.65895         7.04730        60.2694
        181         3.1388795        30.68658         7.02941        61.5407
        182         3.1387318        30.68895         7.02431        62.7971
        183         3.1383124        30.68700         7.02078        64.0382
        184         3.1367143        30.68705         7.00067        65.2823
        185         3.1361964        30.69542         6.98435        66.5205
        186         3.1358019        30.70010         6.97366        67.7859
        187         3.1351174        30.69984         6.96499        69.0542
        188         3.1336001        30.70013         6.94557        70.3286
        189         3.1328913        30.71352         6.92130        71.6091
        190         3.1325278        30.72047         6.90844        72.8985
        191         3.1321335        30.72287         6.90030        74.1881
        192         3.1310916        30.72204         6.88792        75.4686
        193         3.1307837        30.72728         6.87766        76.7611
        194         3.1297605        30.73127         6.86010        78.0415
        195         3.1293665        30.74562         6.83862        79.3157
        196         3.1288921        30.74407         6.83396        80.5538
        197         3.1279369        30.74427         6.82154        81.7071
        198         3.1263468        30.73895         6.80757        82.8482
        199         3.1236049        30.74078         6.77160        84.0256
        200         3.1185236        30.73331         6.71753        85.1820
        201         3.1184197        30.76638         6.67880        86.3322
        202         3.1174780        30.77143         6.66112        87.5036
        203         3.1167704        30.77148         6.65184        88.7112
        204         3.1162044        30.77249         6.64324        89.8764
        205         3.1144812        30.76433         6.63078        91.0299
        206         3.1112632        30.75326         6.60334        92.2011
        207         3.1074502        30.76170         6.54692        93.3756
        208         3.1064608        30.78109         6.51271        94.5589
        209         3.1062092        30.78607         6.50352        95.7393
        210         3.1053057        30.78447         6.49372        96.8683
        211         3.1047344        30.79156         6.47832        97.9820
        212         3.1036959        30.78886         6.46811        99.0838
        213         3.1012320        30.79652         6.42904       100.1824
        214         3.1021053        30.82729         6.40502       101.2872
        215         3.1019458        30.82715         6.40266       102.4039
        216         3.1013747        30.82761         6.39462       103.5391
        217         3.0997222        30.82520         6.37660       104.6709
        218         3.0987091        30.83442         6.35347       105.8180
        219         3.0979171        30.83683         6.34058       106.9680
        220         3.0977762        30.84160         6.33302       108.0969
        221         3.0975984        30.84140         6.33051       109.1955
        222         3.0976110        30.84241         6.32898       110.3002
        223         3.0975745        30.84238         6.32801       111.4017
        224         3.0975749        30.84220         6.32765       112.5094
        225         3.0975322        30.84223         6.32652       113.6262
        226         3.0974343        30.84184         6.32519       114.7368
        227         3.0971521        30.84077         6.32238       115.8354
        228         3.0966304        30.84168         6.31446       116.9369
        229         3.0966799        30.84528         6.31053       118.0386
        230         3.0965697        30.84457         6.30940       119.1463
        231         3.0962507        30.84415         6.30542       120.2448
        232         3.0956984        30.84394         6.29836       121.3462
        233         3.0951584        30.84719         6.28764       122.4418
        234         3.0950544        30.84946         6.28330       123.5524
        235         3.0945328        30.84759         6.27845       124.6479
        236         3.0943306        30.85175         6.27084       125.7404
        237         3.0939257        30.85066         6.26655       126.8207
        238         3.0938340        30.85341         6.26185       127.8921
        239         3.0929625        30.84959         6.25491       128.9603
        240         3.0926683        30.85621         6.24348       130.0164
        241         3.0927300        30.85742         6.24236       131.0725
        242         3.0928040        30.85710         6.24307       132.1226
        243         3.0928043        30.85634         6.24338       133.1666
        244         3.0926389        30.85561         6.24165       134.2166
        245         3.0917491        30.85131         6.23501       135.2546
        246         3.0911849        30.85666         6.22170       136.2985
        247         3.0906758        30.85634         6.21533       137.3335
        248         3.0904553        30.85911         6.20906       138.3653
        249         3.0904188        30.86050         6.20656       139.3882
        250         3.0901552        30.85850         6.20503       140.4140
        251         3.0899530        30.86032         6.20004       141.4368
        252         3.0899165        30.86172         6.19754       142.4474
        253         3.0899475        30.86159         6.19754       143.4581
        254         3.0896533        30.86015         6.19504       144.4478
        255         3.0892731        30.86045         6.18959       145.4039
        256         3.0889665        30.86256         6.18327       145.9093
        257         3.0893040        30.86561         6.18404       145.8674
        258         3.0896904        30.86544         6.18923       145.2688
        259         3.0898497        30.86334         6.19387       144.5402
        260         3.0899722        30.86291         6.19621       143.7997
        261         3.0900272        30.86197         6.19830       143.0468
        262         3.0900637        30.86165         6.19953       142.2032
        263         3.0901125        30.86116         6.20111       141.3325
        264         3.0901920        30.86125         6.20243       140.4555
        265         3.0903084        30.86123         6.20432       139.5756
        266         3.0902897        30.85982         6.20610       138.6838
        267         3.0903508        30.86077         6.20625       137.7888
        268         3.0904610        30.86037         6.20850       136.8846
        269         3.0908350        30.86140         6.21237       135.9866
        270         3.0910925        30.85916         6.21844       135.0824
        271         3.0915157        30.86088         6.22216       134.1814
        272         3.0922826        30.86085         6.23200       133.2711
        273         3.0926015        30.85786         6.23966       132.3459
        274         3.0926257        30.85591         6.24262       131.3539
        275         3.0926561        30.85614         6.24328       130.2653
        276         3.0928215        30.85666         6.24532       129.1038
        277         3.0929991        30.85621         6.24858       127.9123
        278         3.0933548        30.85657         6.25313       126.7176
        279         3.0939745        30.85606         6.26185       125.5141
        280         3.0940661        30.85185         6.26823       124.3042
        281         3.0944219        30.85375         6.27109       123.0915
        282         3.0949127        30.85149         6.28018       121.8726
        283         3.0953728        30.85135         6.28657       120.6416
        284         3.0960356        30.84850         6.29842       119.4076
        285         3.0962071        30.84532         6.30465       118.1826
        286         3.0963357        30.84406         6.30823       116.9759
        287         3.0965687        30.84473         6.31093       115.7718
        288         3.0969122        30.84366         6.31691       114.5622
        289         3.0970715        30.84163         6.32172       113.3522
        290         3.0972308        30.84121         6.32473       112.1423
        291         3.0972673        30.84060         6.32647       110.9386
        292         3.0972853        30.84039         6.32755       109.7254
        293         3.0972788        30.84014         6.32836       108.5005
        294         3.0972662        30.84006         6.32893       107.2844
        295         3.0975360        30.84166         6.33107       106.0474
        296         3.0982297        30.84269         6.33900       104.8312
        297         3.0995685        30.84407         6.35439       103.6062
        298         3.1008706        30.83731         6.37834       102.3811
        299         3.1014109        30.83008         6.39354       101.1529
        300         3.1011400        30.82198         6.39984        99.9215
        301         3.1016619        30.81927         6.40983        98.6874
        302         3.1035112        30.80663         6.44698        97.4440
        303         3.1043221        30.79728         6.46785        96.2219
        304         3.1051639        30.79172         6.48489        95.0029
        305         3.1057352        30.78727         6.49741        93.7805
        306         3.1077947        30.79141         6.51851        92.5554
        307         3.1101007        30.78635         6.55283        91.3149
        308         3.1124196        30.78413         6.58415        90.0747
        309         3.1142284        30.77941         6.61204        88.8251
        310         3.1153666        30.77753         6.62861        87.5667
        311         3.1163080        30.77308         6.64566        86.3201
        312         3.1176374        30.77290         6.66266        85.0676
        313         3.1226565        30.77894         6.71758        83.8241
        314         3.1255828        30.76371         6.77077        82.5808
        315         3.1272033        30.75348         6.80251        81.3613
        316         3.1278686        30.74785         6.81745        80.2268
        317         3.1283060        30.74618         6.82521        79.0953
        318         3.1285152        30.74517         6.82946        77.9729
        319         3.1287368        30.74508         6.83282        76.8503
        320         3.1296798        30.74362         6.84648        75.7278
        321         3.1300246        30.73089         6.86548        74.6143
        322         3.1306409        30.72884         6.87584        73.4828
        323         3.1313805        30.72761         6.88678        72.3541
        324         3.1321326        30.72574         6.89859        71.2104
        325         3.1325392        30.71771         6.91311        70.0667
        326         3.1336183        30.71323         6.93183        68.9140
        327         3.1344569        30.70896         6.94739        67.7611
        328         3.1352833        30.70437         6.96317        66.5961
        329         3.1355914        30.69894         6.97360        65.4220
        330         3.1358501        30.69663         6.97994        64.2479
        331         3.1366397        30.69868         6.98783        63.0588
        332         3.1377316        30.69471         7.00617        61.8515
        333         3.1381324        30.69001         7.01693        60.6469
        334         3.1374900        30.67713         7.02421        59.4426
        335         3.1379031        30.67409         7.03326        58.2382
        336         3.1386988        30.66154         7.05765        57.0337
        337         3.1380563        30.64077         7.07384        55.8112
        338         3.1358710        30.62228         7.06868        54.5978
        339         3.1327425        30.60376         7.05208        53.3812
        340         3.1321994        30.60680         7.04267        52.1676
        341         3.1326061        30.60556         7.04964        50.9389
        342         3.1336605        30.60546         7.06322        49.7041
        343         3.1339377        30.59659         7.07722        48.4724
        344         3.1337275        30.59043         7.08222        47.2618
        345         3.1331780        30.58107         7.08669        46.0452
        346         3.1327828        30.57657         7.08758        44.8286
        347         3.1321655        30.56944         7.08873        43.6089
        348         3.1323317        30.56681         7.09435        42.3801
        349         3.1328061        30.55482         7.11430        41.1393
        350         3.1327254        30.54772         7.12196        39.9104
        351         3.1324042        30.54102         7.12623        38.6907
        352         3.1317623        30.52838         7.13332        37.4588
        353         3.1306454        30.50736         7.14411        36.2209
        354         3.1283385        30.45640         7.17431        34.9890
        355         3.1260569        30.41069         7.19895        33.7723
        356         3.1248668        30.38750         7.21138        32.5554
        357         3.1214588        30.34116         7.22302        31.3507
        358         3.1128259        30.24209         7.23081        30.1521
        359         3.1092139        30.20004         7.23515        28.9293
        360         3.1076758        30.18312         7.23624        27.6732
        361         3.1054063        30.15698         7.23891        26.4262
        362         3.1031374        30.13066         7.24178        25.1911
        363         3.0986388        30.08087         7.24414        23.9591
        364         3.0962552        30.05583         7.24414        22.7210
        365         3.0952231        30.04595         7.24340        21.4647
        366         3.0942464        30.03657         7.24278        20.2054
        367         3.0846424        29.93570         7.24090        18.9523
        368         3.0692938        29.77523         7.23671        17.7293
        369         3.0582887        29.66165         7.23222        16.5306
        370         3.0517623        29.59483         7.22919        15.3227
        371         3.0449483        29.52508         7.22600        14.0936
        372         3.0392376        29.46765         7.22224        12.8646
        373         3.0325195        29.39916         7.21879        11.6325
        374         3.0241571        29.31369         7.21461        10.4215
        375         3.0007675        29.06879         7.20882         9.2226
        376         2.9940693        29.00280         7.20271         7.9996
        377         2.9892917        28.95403         7.20057         6.7704
        378         2.9765923        28.82355         7.19482         5.5989
        379         2.9581700        28.63477         7.18559         4.6512
        380         2.9291553        28.34138         7.16602         3.8882
        381         2.8948561        27.99929         7.13707         3.2133
        382         2.8460546        27.50939         7.09971         2.5654
        383         2.8048554        27.10996         7.05037         1.9175
        384         2.7658856        26.72741         7.00945         1.2575
        385         2.5899108        24.92544         6.92374         0.5794
        386         2.3590641        22.69137         6.63134         0.0134
        387         2.4997540        24.20842         6.59042        -0.0442
        388         1.2856513        11.65899         6.81606        -0.0442
        389         0.3123567         2.55798         6.86828        -0.0410
        390         0.3423512         2.81948         6.86756        -0.0439
        391         0.2665497         2.16234         6.86818        -0.0438
        392         0.2204403         1.76882         6.87092        -0.0438
        393         0.2045117         1.63408         6.87362        -0.0438
        394         0.2149617         1.72218         6.87631        -0.0467
        395         0.1917245         1.52628         6.87916        -0.0437
        396         0.1787293         1.41738         6.88175        -0.0435
        397         0.1473494         1.15677         6.88450        -0.0496
        398         0.1539500         1.21120         6.88719        -0.0434
        399         0.1491864         1.17176         6.88952        -0.0433
        400         0.1481525         1.16316         6.89159        -0.0463
        401         0.1612273         1.27137         6.89009        -0.0432
