          1         0.0030019         0.02152        19.27132        -0.0303
          2         0.0034989         0.02387        19.28713        -0.0273
          3         0.0036286         0.02449        19.16603        -0.0304
          4         0.0035112         0.02393        19.20751        -0.0334
          5         0.0030667         0.02183        19.31971        -0.0304
          6         0.3141630         1.87037        19.07606        -0.0031
          7         2.6698451        20.59479        15.17961         0.2692
          8         2.7440786        22.21897        13.40297         0.6777
          9         2.7713778        22.52159        13.30195         0.7624
         10         2.7882295        22.51280        13.57222         0.7503
         11         2.7673459        22.33360        13.56154         0.7564
         12         2.7765583        22.50706        13.40518         0.7413
         13         2.7589018        22.42721        13.27281         0.7594
         14         2.8019929        22.78120        13.32584         0.7776
         15         2.7466680        22.22556        13.43130         0.7110
         16         2.7942742        22.60771        13.50224         0.7988
         17         2.7842814        22.22147        14.01370         0.7624
         18         2.7700605        22.29419        13.67078         0.7110
         19         2.8001039        22.63853        13.53792         0.7987
         20         2.7937907        22.29895        14.02414         0.7503
         21         2.8078645        22.46111        13.95783         0.7231
         22         2.8119320        22.40879        14.10949         0.7806
         23         2.8152599        22.29302        14.36077         0.7594
         24         2.8121974        22.33489        14.24148         0.7262
         25         2.8184154        22.43053        14.17005         0.7534
         26         2.8203829        22.36789        14.30826         0.7685
         27         2.8192544        22.25237        14.49244         0.7323
         28         2.8245423        22.45611        14.21847         0.7655
         29         2.8259893        22.40079        14.33605         0.7383
         30         2.8204503        22.50983        14.06422         0.7747
         31         2.8224248        22.47892        14.14722         0.6991
         32         2.8047876        22.52445        13.80271         0.7778
         33         2.8233900        22.74802        13.70260         0.7536
         34         2.8026915        22.43341        13.92715         0.7143
         35         2.8078395        22.75766        13.45312         0.7930
         36         2.8175595        22.67035        13.74667         0.7114
         37         2.7878677        22.41380        13.73607         0.7174
         38         2.8028802        22.76984        13.35822         0.7901
         39         2.8037886        22.59445        13.66831         0.7145
         40         2.7852187        22.52749        13.50163         0.7509
         41         2.8045196        22.79810        13.33541         0.7691
         42         2.8000036        22.66031        13.49959         0.7086
         43         2.7936430        22.67947        13.37141         0.7601
         44         2.8069812        22.76160        13.43363         0.7451
         45         2.8012282        22.67357        13.49559         0.7512
         46         2.8076433        22.69924        13.54871         0.7392
         47         2.8065484        22.71723        13.50187         0.7605
         48         2.7996654        22.58740        13.61810         0.7273
         49         2.8075085        22.79118        13.39185         0.7546
         50         2.7972890        22.62904        13.51160         0.7365
         51         2.8103637        22.87268        13.29815         0.7396
         52         2.8130292        22.86911        13.34399         0.7457
         53         2.8184601        23.02180        13.17099         0.7549
         54         2.8339630        23.15028        13.18900         0.7520
         55         2.8393665        23.25732        13.09314         0.7309
         56         2.8517259        23.40499        13.03424         0.7431
         57         2.8782488        23.70960        12.93024         0.7735
         58         2.8569984        23.48374        12.98387         0.7282
         59         2.8689911        23.55293        13.04737         0.7555
         60         2.8619701        23.53575        12.97252         0.7859
         61         2.8615924        23.39526        13.19492         0.6952
         62         2.8616062        23.52006        12.99256         0.7620
         63         2.8690040        23.61919        12.94079         0.7712
         64         2.8711573        23.53150        13.11367         0.7168
         65         2.8803400        23.69321        12.98691         0.7533
         66         2.8777773        23.74339        12.86937         0.7474
         67         2.8931422        23.83781        12.94134         0.7324
         68         2.8902340        23.87409        12.84160         0.7627
         69         2.8972569        23.90381        12.89582         0.7236
         70         2.8931191        23.89233        12.85430         0.7811
         71         2.8902033        23.82423        12.92048         0.7238
         72         2.8831208        23.77388        12.89819         0.7512
         73         2.8869909        23.84139        12.84668         0.7513
         74         2.8811066        23.79884        12.82920         0.7363
         75         2.8821350        23.81704        12.81512         0.7546
         76         2.8903124        23.91259        12.78165         0.7760
         77         2.8982931        23.90660        12.90636         0.6823
         78         2.8991149        23.97554        12.80895         0.7854
         79         2.8953288        23.92075        12.84111         0.7613
         80         2.9003182        23.91743        12.91836         0.7010
         81         2.9173993        24.17070        12.76427         0.7586
         82         2.9102443        24.14060        12.70903         0.7649
         83         2.9205412        24.22065        12.73103         0.7136
         84         2.9410199        24.43506        12.68891         0.7591
         85         2.9145537        24.18692        12.69819         0.7654
         86         2.9344795        24.29058        12.82056         0.6990
         87         2.9353832        24.34836        12.74339         0.7627
         88         2.9211961        24.22105        12.73972         0.8265
         89         2.9256000        24.15721        12.90273         0.6420
         90         2.9544460        24.53414        12.72573         0.8268
         91         2.9534991        24.55277        12.68367         0.7634
         92         2.9581583        24.59992        12.67687         0.6970
         93         2.9571143        24.61178        12.64389         0.7941
         94         2.9541207        24.56462        12.67422         0.7368
         95         2.9500188        24.52908        12.67103         0.7612
         96         2.9494941        24.51987        12.67783         0.7432
         97         2.9434298        24.45504        12.69217         0.7434
         98         2.9435746        24.47092        12.66965         0.7920
         99         2.9481553        24.49621        12.69542         0.7287
        100         2.9299497        24.32001        12.71024         0.7349
        101         2.9364971        24.37635        12.71572         0.8138
        102         2.9294320        24.28438        12.75836         0.7081
        103         2.9229390        24.24806        12.72229         1.0684
        104         2.9621143        24.67261        12.62056         1.6951
        105         2.9794019        24.85987        12.57701         2.3459
        106         2.9981224        25.04792        12.55294         3.0664
        107         3.0545291        25.60676        12.49599         3.7838
        108         3.1800502        26.86647        12.36223         4.4952
        109         3.3016057        28.20428        12.09550         5.2217
        110         3.3436807        28.79076        11.85024         5.9543
        111         3.3542451        28.98758        11.72630         6.7655
        112         3.3623049        29.10500        11.67448         7.5798
        113         3.3662807        29.16326        11.64842         8.4153
        114         3.3681838        29.19297        11.63343         9.2931
        115         3.3690659        29.20904        11.62331        10.2496
        116         3.3701765        29.22534        11.61571        11.1939
        117         3.3708875        29.23716        11.60892        12.0990
        118         3.3733437        29.26941        11.59752        13.0131
        119         3.3776293        29.32749        11.57572        13.9544
        120         3.3795158        29.35606        11.56211        14.8656
        121         3.3821015        29.38495        11.55662        15.7706
        122         3.3861245        29.44308        11.53175        16.6969
        123         3.3901304        29.51173        11.49354        17.6382
        124         3.3994389        29.61630        11.47466        18.5614
        125         3.4084259        29.71560        11.45864        19.4725
        126         3.4136407        29.80046        11.41539        20.3836
        127         3.4165236        29.84288        11.39695        21.3007
        128         3.4243412        29.96826        11.33519        22.2240
        129         3.4430992        30.25530        11.20654        23.1169
        130         3.4385223        30.36702        11.01611        24.0159
        131         3.4376424        30.51337        10.82882        24.9118
        132         3.4373172        30.54820        10.78274        25.8199
        133         3.4344289        30.56914        10.72306        26.7703
        134         3.4311840        30.60122        10.64592        27.6995
        135         3.4271803        30.62274        10.57253        28.6106
        136         3.4192416        30.65030        10.44548        29.5610
        137         3.4111958        30.70799        10.28158        30.4902
        138         3.4049658        30.75709        10.14960        31.4013
        139         3.3904952        30.74888         9.98780        32.3699
        140         3.3742284        30.86179         9.66285        33.3323
        141         3.3615907        30.97839         9.37776        34.3009
        142         3.3569614        31.11169         9.16922        35.2605
        143         3.3429755        31.14944         8.96069        36.2017
        144         3.3117867        31.14100         8.60143        37.1522
        145         3.2908089        31.41032         8.05005        38.0965
        146         3.2855144        31.59409         7.78328        39.0318
        147         3.2839704        31.66585         7.68557        39.9943
        148         3.2848002        31.70308         7.65393        40.9355
        149         3.2850393        31.71513         7.64306        41.8496
        150         3.2858375        31.72896         7.63678        42.8031
        151         3.2872892        31.74243         7.63857        43.7354
        152         3.2894010        31.75743         7.64643        44.6524
        153         3.2904509        31.76418         7.65087        45.6240
        154         3.2910359        31.77544         7.64490        46.5925
        155         3.2910426        31.77943         7.64010        47.6004
        156         3.2907412        31.77804         7.63757        48.6445
        157         3.2905907        31.78269         7.63018        49.7008
        158         3.2921502        31.79839         7.63076        50.7147
        159         3.2925217        31.82789         7.60238        51.6651
        160         3.2915862        31.89602         7.51663        52.6367
        161         3.2910903        31.92875         7.47471        53.6384
        162         3.2904247        31.96322         7.42901        54.6131
        163         3.2901927        31.97805         7.40974        55.5513
        164         3.2899605        31.98554         7.39841        56.5592
        165         3.2897725        31.99955         7.38052        57.5610
        166         3.2894337        32.02086         7.35300        58.5689
        167         3.2893842        32.06380         7.30549        59.6071
        168         3.2894918        32.10000         7.26719        60.6391
        169         3.2894358        32.11911         7.24544        61.6530
        170         3.2896625        32.12904         7.23687        62.6882
        171         3.2904864        32.15292         7.22026        63.7444
        172         3.2922978        32.21174         7.17765        64.7917
        173         3.2927638        32.24627         7.14552        65.9025
        174         3.2934559        32.26331         7.13478        66.9859
        175         3.2975448        32.32967         7.11081        68.0574
        176         3.2995462        32.37287         7.08742        69.0986
        177         3.3007361        32.39781         7.07420        70.0036
        178         3.3023729        32.42437         7.06447        70.8482
        179         3.3032924        32.43792         7.06025        71.7502
        180         3.3049360        32.46156         7.05370        72.6705
        181         3.3052134        32.47179         7.04563        73.4696
        182         3.3055034        32.47832         7.04163        74.3323
        183         3.3061901        32.49168         7.03497        75.1709
        184         3.3063732        32.50876         7.01854        76.0244
        185         3.3060525        32.52267         6.99968        76.8782
        186         3.3059395        32.53164         6.98846        77.7167
        187         3.3057509        32.53422         6.98311        78.5824
        188         3.3039066        32.54075         6.95445        79.4694
        189         3.3029002        32.58280         6.89797        80.3412
        190         3.3028691        32.59099         6.88854        81.1826
        191         3.3031338        32.59824         6.88351        82.0485
        192         3.3037513        32.61938         6.86792        82.9082
        193         3.3041986        32.63057         6.86088        83.7285
        194         3.3045452        32.63361         6.86124        84.5882
        195         3.3049925        32.63705         6.86233        85.4872
        196         3.3052699        32.64084         6.86108        86.3712
        197         3.3053457        32.64554         6.85658        87.2340
        198         3.3055413        32.64922         6.85451        88.1239
        199         3.3040179        32.64707         6.83877        89.0048
        200         3.3030679        32.66339         6.81021        89.8706
        201         3.3032887        32.67875         6.79615        90.8028
        202         3.3034653        32.68295         6.79330        91.7292
        203         3.3127060        32.76691         6.81114        92.6070
        204         3.3184490        32.76909         6.87439        93.5212
        205         3.3179574        32.76535         6.87222        94.4294
        206         3.3178632        32.77618         6.85932        95.3374
        207         3.3178825        32.78039         6.85466        96.2668
        208         3.3178702        32.78292         6.85140        97.1900
        209         3.3180849        32.78524         6.85099        98.0770
        210         3.3181357        32.78613         6.85016        99.0274
        211         3.3181927        32.78724         6.84917        99.9809
        212         3.3182435        32.78813         6.84835       100.9283
        213         3.3181997        32.78930         6.84612       101.9151
        214         3.3181622        32.79174         6.84265       102.8777
        215         3.3173491        32.79213         6.83241       103.8523
        216         3.3173117        32.79968         6.82356       104.8663
        217         3.3175264        32.80058         6.82459       105.8470
        218         3.3177222        32.80134         6.82552       106.8731
        219         3.3177982        32.80157         6.82563       107.9356
        220         3.3174896        32.80075         6.82242       108.9798
        221         3.3170297        32.80031         6.81704       110.0845
        222         3.3173960        32.81897         6.80116       111.1831
        223         3.3182099        32.83923         6.78875       112.3030
        224         3.3197051        32.86126         6.78229       113.4773
        225         3.3202165        32.86889         6.77961       114.6274
        226         3.3203052        32.87257         6.77620       115.8046
        227         3.3174488        32.86390         6.75186       117.0272
        228         3.3151169        32.88849         6.69886       118.2257
        229         3.3138316        32.89676         6.67488       119.4453
        230         3.3117840        32.89704         6.65045       120.7315
        231         3.3109214        32.91527         6.62094       121.9995
        232         3.3111048        32.93807         6.59871       123.2554
        233         3.3126871        32.96554         6.58764       124.5657
        234         3.3145595        32.99109         6.58194       125.8549
        235         3.3151718        33.02928         6.54872       127.1501
        236         3.3151220        33.04663         6.52950       128.4998
        237         3.3149208        33.05041         6.52262       129.8313
        238         3.3145306        33.06870         6.49859       131.1417
        239         3.3154266        33.11698         6.45832       132.4882
        240         3.3149609        33.14325         6.42525       133.8257
        241         3.3147283        33.15983         6.40486       135.1360
        242         3.3137712        33.20022         6.35173       136.4946
        243         3.3128018        33.26030         6.27839       137.8411
        244         3.3114670        33.32710         6.19428       139.1030
        245         3.3112158        33.36748         6.14966       140.2834
        246         3.3111155        33.37213         6.14320       141.4303
        247         3.3110655        33.37492         6.13923       142.5560
        248         3.3110343        33.37676         6.13643       143.6878
        249         3.3109969        33.37773         6.13444       144.8074
        250         3.3109910        33.38080         6.13068       145.9453
        251         3.3109599        33.38479         6.12569       147.0831
        252         3.3109099        33.38742         6.12188       148.2059
        253         3.3106144        33.40349         6.10158       149.3710
        254         3.3105015        33.42288         6.08003       150.5148
        255         3.3103823        33.43169         6.06915       151.6526
        256         3.3103072        33.43881         6.06047       152.8449
        257         3.3102572        33.44567         6.05234       154.0282
        258         3.3102136        33.45494         6.04183       155.2416
        259         3.3101637        33.46565         6.02980       156.4519
        260         3.3101454        33.48398         6.01041       157.6471
        261         3.3101648        33.49347         6.00041       158.8514
        262         3.3102033        33.51768         5.97577       160.0285
        263         3.3102481        33.54684         5.94622       161.2087
        264         3.3102927        33.56003         5.93280       162.4221
        265         3.3103498        33.56393         5.92895       163.5387
        266         3.3103628        33.56479         5.92769       164.6220
        267         3.3104261        33.56609         5.92662       165.5541
        268         3.3104641        33.56783         5.92490       166.3290
        269         3.3104770        33.56852         5.92394       167.1463
        270         3.3105781        33.57110         5.92207       167.9908
        271         3.3108936        33.58962         5.90657       168.7748
        272         3.3110706        33.61788         5.87971       169.5979
        273         3.3111025        33.63015         5.86727       170.4939
        274         3.3111028        33.63653         5.86044       171.3141
        275         3.3111599        33.64364         5.85351       172.1465
        276         3.3111602        33.64803         5.84866       173.0301
        277         3.3111983        33.65116         5.84553       173.8565
        278         3.3111797        33.65362         5.84245       174.6495
        279         3.3112115        33.65592         5.84007       175.4818
        280         3.3112244        33.65642         5.83931       176.2869
        281         3.3112372        33.65658         5.83891       177.0588
        282         3.3112627        33.65705         5.83830       177.8941
        283         3.3112819        33.65751         5.83764       178.7173
        284         3.3113010        33.65762         5.83734       179.5164
        285         3.3113328        33.65835         5.83658       180.2883
        286         3.3113331        33.65870         5.83583       181.0964
        287         3.3112703        33.65947         5.83391       181.9619
        288         3.3112076        33.66187         5.83037       182.7700
        289         3.3112079        33.66239         5.82941       183.6539
        290         3.3111578        33.66227         5.82850       184.5768
        291         3.3110510        33.66265         5.82648       185.4092
        292         3.3110009        33.66364         5.82446       186.3230
        293         3.3109382        33.66509         5.82178       187.3276
        294         3.3110330        33.66697         5.82052       188.2202
        295         3.3110523        33.66746         5.81976       189.1857
        296         3.3110463        33.66779         5.81885       190.1993
        297         3.3110529        33.66869         5.81754       191.1615
        298         3.3111541        33.67153         5.81532       192.1723
        299         3.3112111        33.67407         5.81289       193.2102
        300         3.3111611        33.67534         5.81052       194.2539
        301         3.3109850        33.67619         5.80714       195.3160
        302         3.3109413        33.67859         5.80370       196.3659
        303         3.3109794        33.67895         5.80325       197.4158
        304         3.3110239        33.67874         5.80340       198.5232
        305         3.3110243        33.67889         5.80269       199.6487
        306         3.3110813        33.67979         5.80188       200.7348
        307         3.3110754        33.67985         5.80118       201.8904
        308         3.3111451        33.68144         5.79976       203.0825
        309         3.3110762        33.68395         5.79588       204.2533
        310         3.3110829        33.68670         5.79260       205.4422
        311         3.3111400        33.68693         5.79239       206.6585
        312         3.3111908        33.68721         5.79209       207.8472
        313         3.3113173        33.68837         5.79174       209.0695
        314         3.3113429        33.68870         5.79108       210.3037
        315         3.3106565        33.68545         5.78593       211.5441
        316         3.3101466        33.68958         5.77539       212.7903
        317         3.3101534        33.69365         5.77074       214.0488
        318         3.3102042        33.69409         5.77024       215.3162
        319         3.3102172        33.69516         5.76868       216.5837
        320         3.3102491        33.69629         5.76726       217.8571
        321         3.3103378        33.69674         5.76716       219.1548
        322         3.3104075        33.69662         5.76741       220.4616
        323         3.3104835        33.69663         5.76762       221.7593
        324         3.3105721        33.69676         5.76782       223.0932
        325         3.3106230        33.69630         5.76817       224.4361
        326         3.3106612        33.69642         5.76782       225.7700
        327         3.3107814        33.69704         5.76787       227.1252
        328         3.3107944        33.69624         5.76812       228.5134
        329         3.3110406        33.69828         5.76817       229.8987
        330         3.3111922        33.69774         5.76973       231.2779
        331         3.3112872        33.69781         5.77004       232.6600
        332         3.3112813        33.69686         5.77024       234.0272
        333         3.3109667        33.69571         5.76716       235.3610
        334         3.3108979        33.69936         5.76207       236.6524
        335         3.3109865        33.70266         5.75914       237.8774
        336         3.3110562        33.70501         5.75697       239.0781
        337         3.3111197        33.70606         5.75601       240.3275
        338         3.3112272        33.70661         5.75606       241.5433
        339         3.3113473        33.70711         5.75632       242.7439
        340         3.3115241        33.70836         5.75647       243.9355
        341         3.3116631        33.70898         5.75682       245.1273
        342         3.3119093        33.71065         5.75733       246.3340
        343         3.3120105        33.71035         5.75818       247.5016
        344         3.3116453        33.70845         5.75541       248.5964
        345         3.3113181        33.70952         5.75006       249.7124
        346         3.3112743        33.71109         5.74744       250.8044
        347         3.3111676        33.71091         5.74588       251.8662
        348         3.3110986        33.71092         5.74452       253.0002
        349         3.3110423        33.71125         5.74300       254.0831
        350         3.3109859        33.71125         5.74184       255.1235
        351         3.3104633        33.70962         5.73701       256.2213
        352         3.3103881        33.71306         5.73217       257.2889
        353         3.3103759        33.71324         5.73131       258.3688
        354         3.3102313        33.71266         5.72970       259.4697
        355         3.3101246        33.71362         5.72697       260.5614
        356         3.3096840        33.71338         5.72168       261.6442
        357         3.3096025        33.71767         5.71589       262.7754
        358         3.3094957        33.71797         5.71382       263.8822
        359         3.3094772        33.71957         5.71145       264.9801
        360         3.3095154        33.72051         5.71040       266.0899
        361         3.3095409        33.72076         5.70989       267.1576
        362         3.3095791        33.72092         5.70964       268.2102
        363         3.3096172        33.72085         5.70959       269.3077
        364         3.3096176        33.72091         5.70899       270.3845
        365         3.3096557        33.72153         5.70828       271.4158
        366         3.3096812        33.72150         5.70808       272.4590
        367         3.3095178        33.72108         5.70611       273.5145
        368         3.3092284        33.72316         5.70022       274.5730
        369         3.3091532        33.72535         5.69664       275.6313
        370         3.3090339        33.72625         5.69382       276.7504
        371         3.3089083        33.72729         5.69080       277.8602
        372         3.3089590        33.72855         5.68954       279.0122
        373         3.3090350        33.72870         5.68969       280.1222
        374         3.3090731        33.72857         5.68969       281.2408
        375         3.3091365        33.72864         5.68975       282.4231
        376         3.3091873        33.72864         5.68975       283.5782
        377         3.3092066        33.72841         5.68959       284.7545
        378         3.3092195        33.72882         5.68884       285.7374
        379         3.3092889        33.72947         5.68879       286.1037
        380         3.3094716        33.72979         5.69050       286.1830
        381         3.3093960        33.72839         5.69100       286.2714
        382         3.3096795        33.73060         5.69206       286.1600
        383         3.3097864        33.72905         5.69503       285.7436
        384         3.3095657        33.72784         5.69408       285.0767
        385         3.3094773        33.72844         5.69287       284.2916
        386         3.3093447        33.72815         5.69206       283.4853
        387         3.3092941        33.72859         5.69146       282.6701
        388         3.3092623        33.72874         5.69136       281.8638
        389         3.3092369        33.72861         5.69161       281.0396
        390         3.3091988        33.72844         5.69176       280.2272
        391         3.3091041        33.72816         5.69136       279.4422
        392         3.3090975        33.72845         5.69141       278.6088
        393         3.3090594        33.72834         5.69151       277.7783
        394         3.3090151        33.72819         5.69156       276.9749
        395         3.3090463        33.72845         5.69206       276.1595
        396         3.3091027        33.72795         5.69362       275.3201
        397         3.3091528        33.72732         5.69523       274.5106
        398         3.3092155        33.72650         5.69720       273.6469
        399         3.3093475        33.72606         5.69957       272.7892
        400         3.3095048        33.72496         5.70284       272.0040
        401         3.3096745        33.72300         5.70717       271.1252
        402         3.3096490        33.72112         5.70919       270.2795
        403         3.3096551        33.72129         5.70949       269.4762
        404         3.3096170        33.72089         5.70989       268.6093
        405         3.3095726        33.72072         5.70999       267.7517
        406         3.3095472        33.72044         5.71040       266.9363
        407         3.3095343        33.72059         5.71055       266.0480
        408         3.3094899        33.72018         5.71090       265.1661
        409         3.3094455        33.71985         5.71115       264.3143
        410         3.3094578        33.72014         5.71145       263.4204
        411         3.3094827        33.71946         5.71286       262.5382
        412         3.3095265        33.71893         5.71433       261.6713
        413         3.3095136        33.71812         5.71543       260.7832
        414         3.3098031        33.71923         5.71805       259.8921
        415         3.3101934        33.71669         5.72546       258.9980
        416         3.3103191        33.71438         5.72965       258.1311
        417         3.3104448        33.71374         5.73217       257.2277
        418         3.3104823        33.71301         5.73378       256.3126
        419         3.3104883        33.71267         5.73464       255.4123
        420         3.3106581        33.71364         5.73605       254.5148
        421         3.3109287        33.71327         5.73993       253.6177
        422         3.3109473        33.71172         5.74215       252.7176
        423         3.3109911        33.71166         5.74316       251.8111
        424         3.3110034        33.71144         5.74396       250.9289
        425         3.3110725        33.71173         5.74492       250.0106
        426         3.3111604        33.71167         5.74643       249.0893
        427         3.3111475        33.71101         5.74739       248.2162
        428         3.3112165        33.71166         5.74800       247.2704
        429         3.3114808        33.71239         5.75072       246.3521
        430         3.3117515        33.71167         5.75496       245.4607
        431         3.3117700        33.70979         5.75753       244.5271
        432         3.3117067        33.70923         5.75783       243.6147
        433         3.3115993        33.70862         5.75768       242.7143
        434         3.3114604        33.70792         5.75728       241.7718
        435         3.3112458        33.70662         5.75662       240.8472
        436         3.3110817        33.70578         5.75606       239.9315
        437         3.3109680        33.70496         5.75606       238.9920
        438         3.3109110        33.70448         5.75637       238.0704
        439         3.3108729        33.70416         5.75672       237.1488
        440         3.3108285        33.70327         5.75758       236.2272
        441         3.3107399        33.70094         5.75939       235.2694
        442         3.3107333        33.69981         5.76091       234.3598
        443         3.3107141        33.69904         5.76192       233.4503
        444         3.3108146        33.69947         5.76313       232.4592
        445         3.3109718        33.69779         5.76706       231.5314
        446         3.3109337        33.69645         5.76842       230.6280
        447         3.3107948        33.69548         5.76832       229.6397
        448         3.3107063        33.69569         5.76757       228.7273
        449         3.3106682        33.69607         5.76721       227.8115
        450         3.3105986        33.69577         5.76721       226.8476
        451         3.3105416        33.69579         5.76701       225.9260
        452         3.3104972        33.69581         5.76696       225.0012
        453         3.3105283        33.69623         5.76736       224.0523
        454         3.3105091        33.69553         5.76832       223.1124
        455         3.3104773        33.69539         5.76857       222.1724
        456         3.3104203        33.69509         5.76873       221.1903
        457         3.3103948        33.69503         5.76898       220.2503
        458         3.3104197        33.69397         5.77079       219.3075
        459         3.3104509        33.69321         5.77241       218.3254
        460         3.3104316        33.69204         5.77382       217.4036
        461         3.3103557        33.69155         5.77392       216.4697
        462         3.3102987        33.69165         5.77367       215.5055
        463         3.3102039        33.69185         5.77286       214.5747
        464         3.3101721        33.69262         5.77221       213.6316
        465         3.3101592        33.69226         5.77291       212.6584
        466         3.3100896        33.69165         5.77322       211.6914
        467         3.3101460        33.69227         5.77372       210.7271
        468         3.3104985        33.69338         5.77710       209.7478
        469         3.3110526        33.69243         5.78482       208.7625
        470         3.3111656        33.68912         5.78992       207.7831
        471         3.3110456        33.68668         5.79148       206.8432
        472         3.3110075        33.68658         5.79164       205.8730
        473         3.3110449        33.68555         5.79360       204.8633
        474         3.3110572        33.68295         5.79684       203.9143
        475         3.3110380        33.68225         5.79779       202.9711
        476         3.3110124        33.68146         5.79880       201.9615
        477         3.3109869        33.68072         5.79976       200.9702
        478         3.3109488        33.67945         5.80108       200.0331
        479         3.3109296        33.67902         5.80178       199.0658
        480         3.3109797        33.67861         5.80325       198.0986
        481         3.3109794        33.67760         5.80471       197.1855
        482         3.3109601        33.67752         5.80506       196.2273
        483         3.3109094        33.67712         5.80537       195.2812
        484         3.3108839        33.67740         5.80527       194.3500
        485         3.3108899        33.67744         5.80577       193.4100
        486         3.3110030        33.67668         5.80830       192.4427
        487         3.3110216        33.67385         5.81183       191.4902
        488         3.3109582        33.67098         5.81446       190.5835
        489         3.3109264        33.66895         5.81663       189.6040
        490         3.3108883        33.66779         5.81784       188.6426
        491         3.3108817        33.66635         5.81966       187.7629
        492         3.3109191        33.66489         5.82203       186.7985
        493         3.3110070        33.66377         5.82466       185.7978
        494         3.3110949        33.66266         5.82724       184.8880
        495         3.3111576        33.66123         5.82986       183.9206
        496         3.3111825        33.66041         5.83148       182.9076
        497         3.3111569        33.65895         5.83315       181.9493
        498         3.3111188        33.65816         5.83401       180.9667
        499         3.3110933        33.65767         5.83471       179.9659
        500         3.3110677        33.65721         5.83537       179.0076
        501         3.3110170        33.65665         5.83583       178.0704
        502         3.3109852        33.65625         5.83638       177.0573
        503         3.3109471        33.65561         5.83709       176.0809
        504         3.3109090        33.65490         5.83785       175.1346
        505         3.3108834        33.65329         5.83967       174.1579
        506         3.3108516        33.65071         5.84240       173.1813
        507         3.3107945        33.64880         5.84416       172.1865
        508         3.3107438        33.64786         5.84502       171.2190
        509         3.3106868        33.64586         5.84689       170.2333
        510         3.3106234        33.64262         5.84993       169.2386
        511         3.3105537        33.63574         5.85655       168.2771
        512         3.3103768        33.62124         5.86959       167.3396
        513         3.3101054        33.59763         5.89079       166.3570
        514         3.3099285        33.57805         5.90900       165.3742
        515         3.3098398        33.56718         5.91943       164.4247
        516         3.3097576        33.56117         5.92505       163.4603
        517         3.3097383        33.55758         5.92895       162.4896
        518         3.3097002        33.55683         5.92976       161.5160
        519         3.3096558        33.55642         5.93017       160.5361
        520         3.3095735        33.55247         5.93371       159.5595
        521         3.3094471        33.53944         5.94592       158.5917
        522         3.3094087        33.51573         5.96994       157.6149
        523         3.3093956        33.49720         5.98900       156.6654
        524         3.3093700        33.48732         5.99920       155.7160
        525         3.3094010        33.47037         6.01721       154.7392
        526         3.3094195        33.46038         6.02802       153.7897
        527         3.3094443        33.45636         6.03284       152.8613
        528         3.3095132        33.44794         6.04264       151.9299
        529         3.3095506        33.44064         6.05092       151.0347
        530         3.3095629        33.43703         6.05518       150.1153
        531         3.3096444        33.43125         6.06245       149.1900
        532         3.3097889        33.42103         6.07490       148.3311
        533         3.3099523        33.40765         6.09080       147.4359
        534         3.3100967        33.39148         6.10936       146.4834
        535         3.3101593        33.38395         6.11816       145.6396
        536         3.3101842        33.38066         6.12223       144.7656
        537         3.3102217        33.37796         6.12589       143.8068
        538         3.3102088        33.37588         6.12829       142.9781
        539         3.3101959        33.37437         6.13012       142.0982
        540         3.3102270        33.37168         6.13368       141.1605
        541         3.3102268        33.36965         6.13617       140.3168
        542         3.3102390        33.36828         6.13816       139.4245
        543         3.3102891        33.36504         6.14248       138.5112
        544         3.3107738        33.35475         6.15893       137.6401
        545         3.3114724        33.30976         6.21324       136.7238
        546         3.3120325        33.27517         6.25542       135.8194
        547         3.3128950        33.23275         6.30915       134.9423
        548         3.3133291        33.18671         6.36181       134.0259
        549         3.3135743        33.16329         6.38914       133.1217
        550         3.3136685        33.15461         6.39959       132.2415
        551         3.3140021        33.15092         6.40768       131.2976
        552         3.3134785        33.12841         6.42535       130.3509
        553         3.3129612        33.10515         6.44386       129.4829
        554         3.3132631        33.08224         6.47139       128.5815
        555         3.3134831        33.05662         6.50085       127.6619
        556         3.3136466        33.04394         6.51625       126.8211
        557         3.3136146        33.03485         6.52575       125.9017
        558         3.3134061        33.01097         6.54857       124.9761
        559         3.3127879        32.98507         6.56877       124.1140
        560         3.3111680        32.96197         6.57463       123.2034
        561         3.3103800        32.94831         6.58024       122.2869
        562         3.3099890        32.93566         6.58934       121.4004
        563         3.3101650        32.92328         6.60468       120.5203
        564         3.3109080        32.91637         6.62084       119.6249
        565         3.3118780        32.91389         6.63500       118.7144
        566         3.3143607        32.91687         6.66081       117.8583
        567         3.3167368        32.90840         6.69731       116.9840
        568         3.3185523        32.89748         6.72997       116.0553
        569         3.3194158        32.88329         6.75512       115.1721
        570         3.3196235        32.87277         6.76891       114.3250
        571         3.3185194        32.85327         6.77707       113.3932
        572         3.3176867        32.84026         6.78157       112.4888
        573         3.3172639        32.83311         6.78462       111.6539
        574         3.3170050        32.82725         6.78824       110.7251
        575         3.3169542        32.82339         6.79211       109.8810
        576         3.3168089        32.81681         6.79775       109.0461
        577         3.3167392        32.81328         6.80111       108.1263
        578         3.3165750        32.80996         6.80313       107.2702
        579         3.3164360        32.80756         6.80447       106.4201
        580         3.3163285        32.80380         6.80763       105.5215
        581         3.3162966        32.80076         6.81088       104.6413
        582         3.3164287        32.80045         6.81316       103.7759
        583         3.3164347        32.79946         6.81471       102.8894
        584         3.3165794        32.79919         6.81709       102.0242
        585         3.3168944        32.79885         6.82149       101.1831
        586         3.3169319        32.79787         6.82340       100.2754
        587         3.3169127        32.79783         6.82366        99.4131
        588         3.3167990        32.79759         6.82304        98.5598
        589         3.3167356        32.79723         6.82314        97.6431
        590         3.3169056        32.79812         6.82459        96.8019
        591         3.3169241        32.79286         6.83075        95.9396
        592         3.3168040        32.78861         6.83427        95.0471
        593         3.3170244        32.78502         6.84100        94.1877
        594         3.3170934        32.77872         6.84881        93.3408
        595         3.3171246        32.77484         6.85368        92.4812
        596         3.3171053        32.76650         6.86264        91.6098
        597         3.3152576        32.73764         6.87211        90.7567
        598         3.3068204        32.67818         6.83789        89.9064
        599         3.3035903        32.68193         6.79718        89.0227
        600         3.3035333        32.68275         6.79610        88.1604
        601         3.3046471        32.66416         6.82889        87.3251
        602         3.3046404        32.64965         6.84452        86.4627
        603         3.3046526        32.64263         6.85249        85.5672
        604         3.3047845        32.63710         6.86025        84.7289
        605         3.3050990        32.63427         6.86730        83.8635
        606         3.3046956        32.62084         6.87724        82.9678
        607         3.3028129        32.59808         6.87994        82.1206
        608         3.3021139        32.59258         6.87812        81.2370
        609         3.3017926        32.58974         6.87786        80.3229
        610         3.3017608        32.58679         6.88102        79.4968
        611         3.3018045        32.58502         6.88382        78.6497
        612         3.3018861        32.58396         6.88626        77.9112
        613         3.3019551        32.58353         6.88786        77.1970
        614         3.3019485        32.58257         6.88921        76.3890
        615         3.3020868        32.58279         6.89097        75.6051
        616         3.3033830        32.57577         6.91373        74.8396
        617         3.3042888        32.53221         6.97064        74.0105
        618         3.3043133        32.49360         7.01220        73.2478
        619         3.3041050        32.47322         7.03180        72.4730
        620         3.3034436        32.45837         7.04033        71.6499
        621         3.3026249        32.44208         7.04855        70.8841
        622         3.3019448        32.43147         7.05234        70.1095
        623         3.3005724        32.41362         7.05583        69.3075
        624         3.2991247        32.39285         7.06155        68.5327
        625         3.2972746        32.36113         7.07430        67.6913
        626         3.2960098        32.33921         7.08341        66.8803
        627         3.2947641        32.31685         7.09320        66.1116
        628         3.2937449        32.29587         7.10419        65.2792
        629         3.2922103        32.26807         7.11649        64.4591
        630         3.2893683        32.20294         7.15355        63.7115
        631         3.2886763        32.16417         7.18752        62.8853
        632         3.2882171        32.13903         7.20960        62.0619
        633         3.2877515        32.11268         7.23290        61.3175
        634         3.2875814        32.09408         7.25135        60.5246
        635         3.2876188        32.08575         7.26118        59.7073
        636         3.2877504        32.08059         7.26866        58.9476
        637         3.2876682        32.05713         7.29340        58.1637
        638         3.2878120        32.01608         7.33985        57.3676
        639         3.2880753        31.98590         7.37596        56.6231
        640         3.2883765        31.97101         7.39599        55.8755
        641         3.2887845        31.95212         7.42166        55.0643
        642         3.2897327        31.91226         7.47645        54.2895
        643         3.2906993        31.82714         7.58093        53.5267
        644         3.2909497        31.75965         7.65810        52.7367
        645         3.2907228        31.73023         7.68810        51.9618
        646         3.2902385        31.71550         7.69899        51.1750
        647         3.2900747        31.71230         7.70100        50.3485
        648         3.2898419        31.70795         7.70343        49.5737
        649         3.2890811        31.69514         7.70898        48.7686
        650         3.2888419        31.68575         7.71691        47.9452
        651         3.2885020        31.66201         7.73945        47.1551
        652         3.2873892        31.62476         7.76782        46.3349
        653         3.2868422        31.61713         7.77020        45.5540
        654         3.2876839        31.62079         7.77645        44.7759
        655         3.2883497        31.61797         7.78778        43.9738
        656         3.2882112        31.61416         7.79075        43.2050
        657         3.2871679        31.60962         7.78386        42.4512
        658         3.2872745        31.61659         7.77782        41.6581
        659         3.2853895        31.60462         7.76925        40.9043
        660         3.2843906        31.61149         7.75029        40.1413
        661         3.2846542        31.61529         7.74961        39.3514
        662         3.2829519        31.60596         7.74024        38.6097
        663         3.2821479        31.61171         7.72479        37.9073
        664         3.2819719        31.61440         7.72014        37.1536
        665         3.2858029        31.62835         7.75019        36.4271
        666         3.3106831        31.61588         8.05651        35.7338
        667         3.3267732        31.40620         8.47976        35.0043
        668         3.3368896        31.33780         8.67611        34.2746
        669         3.3477389        31.24303         8.91145        33.6086
        670         3.3501107        31.16337         9.03053        32.8729
        671         3.3559348        31.14644         9.11884        32.1857
        672         3.3671632        31.06366         9.34651        31.4683
        673         3.3816199        31.01102         9.57795        30.7598
        674         3.3981679        30.89990         9.90246        30.1240
        675         3.4063605        30.79458        10.12288        29.4307
        676         3.4109983        30.76110        10.21739        28.7042
        677         3.4163846        30.71672        10.33373        28.0321
        678         3.4221764        30.69267        10.43091        27.3417
        679         3.4252263        30.64160        10.52795        26.6242
        680         3.4264897        30.61465        10.57531        25.9310
        681         3.4284178        30.61442        10.59870        25.2347
        682         3.4300140        30.60264        10.63196        24.5323
        683         3.4319107        30.58271        10.67854        23.7844
        684         3.4339866        30.56023        10.73032        23.0547
        685         3.4334621        30.53750        10.75169        22.3281
        686         3.4334551        30.51367        10.78056        21.5682
        687         3.4367582        30.46481        10.87873        20.8204
        688         3.4329148        30.27980        11.05723        20.0694
        689         3.4194471        30.05303        11.17387        19.3155
        690         3.4129595        29.90748        11.27562        18.5797
        691         3.4096440        29.83336        11.32782        17.8197
        692         3.4083627        29.80961        11.34222        17.0627
        693         3.4034762        29.75140        11.35604        16.3238
        694         3.3993879        29.68436        11.39056        15.5398
        695         3.3916754        29.57614        11.43290        14.7796
        696         3.3894493        29.54310        11.44769        14.0742
        697         3.3870837        29.49407        11.48090        13.3262
        698         3.3808307        29.42857        11.48777        12.5600
        699         3.3780930        29.39471        11.49751        11.8485
        700         3.3752290        29.34502        11.52574        11.0944
        701         3.3699168        29.27035        11.55586        10.3283
        702         3.3674108        29.23870        11.56579         9.5651
        703         3.3668080        29.22969        11.57023         8.8111
        704         3.3667506        29.22530        11.57549         8.0055
        705         3.3668772        29.22315        11.58016         7.1727
        706         3.3668896        29.22103        11.58338         6.4248
        707         3.3670415        29.22008        11.58682         5.6101
        708         3.3592756        29.14066        11.59331         4.7501
        709         3.2561359        28.05545        11.72096         3.9565
        710         3.1676608        27.03194        11.97116         3.0784
        711         3.1619309        26.89068        12.09266         2.2394
        712         3.1191522        26.48568        12.09770         1.5822
        713         3.0637621        25.85807        12.25530         1.0066
        714         2.6768136        22.23379        12.34253         0.2283
        715         3.0001679        25.16068        12.41341         0.2340
        716         3.0045815        25.22233        12.38241         0.1067
        717         2.3030233        18.87031        12.30777         0.1064
        718         0.4296656         3.09415        12.23192         0.1063
        719         0.3258979         2.30812        12.20915         0.1029
        720         0.2926447         2.06047        12.18853         0.1058
        721         0.2837011         1.99509        12.16531         0.1024
