Scan Count	Temperature [ITS-90, deg C]	Conductivity [S/m]	Depth [salt water, m]	Oxygen Saturation, Weiss [ml/l]	Salinity, Practical [PSU]
1	15.71361	-0.0000373	-0.1732	6.939822	0.00000
2	15.71361	-0.0000373	-0.1671	6.939822	0.00000
3	15.71302	-0.0000435	-0.1763	6.939909	0.00000
4	15.71223	-0.0000373	-0.1763	6.940026	0.00000
5	15.71171	-0.0000435	-0.1763	6.940104	0.00000
6	15.70980	-0.0000435	-0.1734	6.940387	0.00000
7	15.70777	-0.0000435	-0.1703	6.940689	0.00000
8	15.70594	-0.0000435	-0.1763	6.940962	0.00000
9	15.69460	-0.0000435	-0.1733	6.942648	0.00000
10	15.67815	-0.0000373	-0.1732	6.945095	0.00000
11	15.66236	-0.0000435	-0.1763	6.947445	0.00000
12	15.64332	-0.0000373	-0.1763	6.950283	0.00000
13	15.62081	-0.0000342	-0.1762	6.953638	0.00000
14	15.59767	-0.0000342	-0.1793	6.957092	0.00000
15	15.57891	-0.0000280	-0.1702	6.959892	0.00000
16	15.56304	-0.0000250	-0.1732	6.962264	0.00000
17	15.54653	-0.0000280	-0.1733	6.964733	0.00000
18	15.52911	-0.0000065	-0.1734	6.967339	0.00000
19	15.50713	0.0000028	-0.1763	6.970284	0.00813
20	15.48745	0.0000028	-0.1733	6.973234	0.00812
21	15.47312	0.0000213	-0.1702	6.975388	0.00798
22	15.46062	0.0000120	-0.1702	6.977262	0.00801
23	15.44871	0.0000120	-0.1763	6.979050	0.00801
24	15.43186	0.0000120	-0.1641	6.981581	0.00800
25	15.41352	0.0000028	-0.1763	6.984333	0.00809
26	15.39506	0.0000028	-0.1763	6.987109	0.00808
27	15.37629	0.0000120	-0.1732	6.989939	0.00797
28	15.36415	0.0000120	-0.1732	6.991767	0.00797
29	15.35616	0.0000028	-0.1702	6.992966	0.00806
30	15.35129	0.0000028	-0.1702	6.993700	0.00806
31	15.34922	0.0000028	-0.1732	6.994013	0.00805
32	15.35142	0.0000028	-0.1732	6.993680	0.00806
33	15.35356	0.0000028	-0.1702	6.993357	0.00806
34	15.33164	0.0000028	-0.1732	6.996663	0.00805
35	15.30739	0.0000028	-0.1702	7.000322	0.00803
36	15.30628	0.0000028	-0.1702	7.000488	0.00803
37	15.31717	0.0000028	-0.1732	6.998845	0.00804
38	15.32937	-0.0000034	-0.1732	6.997349	0.00000
39	15.33987	0.0000028	-0.1702	6.995421	0.00805
40	15.34948	-0.0000034	-0.1702	6.994318	0.00000
41	15.35778	0.0000028	-0.1640	6.992722	0.00806
42	15.35967	-0.0000065	-0.1732	6.992782	0.00000
43	15.34844	0.0000028	-0.1701	6.994130	0.00805
44	15.33345	0.0000028	-0.1732	6.996389	0.00805
45	15.30726	0.3372938	-0.1186	6.906778	2.21027
46	15.03165	0.9012057	-0.0006	6.773683	6.35695
47	14.64989	1.5605228	0.0993	6.612363	11.61659
48	14.39376	1.6595453	0.1539	6.612508	12.50101
49	14.23617	1.6842590	0.1993	6.624434	12.75502
50	14.14066	1.6868530	0.2448	6.635823	12.80783
51	14.08377	1.6898665	0.3175	6.642125	12.85153
52	14.05048	1.6873913	0.4294	6.647253	12.84207
53	14.03423	1.6765218	0.4961	6.653039	12.75752
54	14.02716	1.6744549	0.5567	6.654654	12.74274
55	14.03079	1.6704970	0.5566	6.655529	12.70882
56	14.03773	1.6747827	0.5415	6.653178	12.74198
57	14.04636	1.6801260	0.5445	6.650251	12.78332
58	14.05124	1.6810808	0.5507	6.649297	12.78961
59	14.05211	1.6815981	0.5295	6.649009	12.79360
60	14.04848	1.6840809	0.5113	6.648635	12.81534
61	14.04123	1.6873017	0.5023	6.648478	12.84439
62	14.03085	1.6907437	0.5083	6.648648	12.87632
63	14.02273	1.6879094	0.5265	6.650659	12.85555
64	14.02448	1.6773072	0.5416	6.654033	12.76722
65	14.02373	1.6856389	0.5174	6.651301	12.83642
66	14.01923	1.6931809	0.4870	6.649320	12.90037
67	14.01110	1.6982729	0.4841	6.648637	12.94527
68	14.00885	1.6965268	0.5052	6.649521	12.93155
69	14.01154	1.6885868	0.5387	6.651873	12.86487
70	14.01085	1.6902306	0.5448	6.651403	12.87872
71	14.00611	1.6984725	0.5386	6.649214	12.94859
72	13.99948	1.6999746	0.5174	6.649557	12.96326
73	13.99162	1.7016220	0.5205	6.650011	12.97956
74	13.99124	1.7021662	0.5567	6.649874	12.98419
75	13.99536	1.6945421	0.5992	6.651936	12.91959
76	13.99792	1.6905097	0.5902	6.652977	12.88532
77	13.99849	1.6986522	0.5447	6.650135	12.95263
78	14.00242	1.7026905	0.5418	6.648255	12.98479
79	13.99824	1.7026505	0.5841	6.648808	12.98585
80	13.99505	1.7023659	0.6295	6.649316	12.98455
81	13.99530	1.6979087	0.6446	6.650800	12.94751
82	13.99461	1.6975695	0.6235	6.651003	12.94493
83	13.99093	1.7032748	0.5962	6.649537	12.99348
84	13.98693	1.7040390	0.5902	6.649793	13.00116
85	13.98431	1.7047034	0.6326	6.649905	13.00755
86	13.98506	1.7042188	0.6690	6.649973	13.00327
87	13.98731	1.7017618	0.6901	6.650520	12.98213
88	13.98556	1.7013025	0.6751	6.650901	12.97891
89	13.98188	1.7052879	0.6448	6.650020	13.01321
90	13.97876	1.7068968	0.6205	6.649874	13.02762
91	13.97489	1.7081263	0.6477	6.649954	13.03912
92	13.97551	1.7085912	0.6750	6.649716	13.04276
93	13.97925	1.7060923	0.6902	6.650084	13.02076
94	13.98194	1.7058075	0.6811	6.649835	13.01750
95	13.97969	1.7095611	0.6781	6.648847	13.04940
96	13.97626	1.7105112	0.6842	6.648966	13.05845
97	13.97295	1.7109513	0.6902	6.649242	13.06322
98	13.97189	1.7110963	0.6993	6.649329	13.06478
99	13.97251	1.7110463	0.7084	6.649266	13.06415
100	13.97251	1.7110563	0.7144	6.649263	13.06423
101	13.97382	1.7108712	0.6993	6.649157	13.06226
102	13.97919	1.7105111	0.6903	6.648588	13.05746
103	13.98700	1.7101461	0.6964	6.647707	13.05179
104	13.99155	1.7079463	0.7175	6.647869	13.03200
105	13.99105	1.7040390	0.7327	6.649262	12.99975
106	14.00436	1.7023210	0.7356	6.648132	12.98104
107	14.02954	1.7029300	0.7236	6.644682	12.97765
108	14.04217	1.7037340	0.7115	6.642783	12.98008
109	14.04980	1.7030098	0.7176	6.642047	12.97153
110	14.05361	1.7025504	0.7145	6.641712	12.96645
111	14.05436	1.7025504	0.7267	6.641616	12.96619
112	14.05449	1.7022108	0.7327	6.641715	12.96334
113	14.05424	1.7014419	0.7388	6.642008	12.95706
114	14.05655	1.7009427	0.7299	6.641879	12.95215
115	14.05699	1.7004186	0.7237	6.642000	12.94767
116	14.05630	1.6998146	0.7178	6.642294	12.94290
117	14.05812	1.6993305	0.7177	6.642224	12.93828
118	14.05999	1.6989113	0.7236	6.642125	12.93419
119	14.06006	1.6983125	0.7358	6.642320	12.92921
120	14.06162	1.6970653	0.7327	6.642541	12.91836
121	14.06813	1.6957435	0.7238	6.642152	12.90526
122	14.07144	1.6954442	0.7207	6.641826	12.90168
123	14.06775	1.6955689	0.7360	6.642259	12.90394
124	14.06275	1.6957235	0.7420	6.642851	12.90688
125	14.06456	1.6932006	0.7420	6.643473	12.88541
126	14.07194	1.6916804	0.7389	6.643037	12.87038
127	14.08221	1.6911022	0.7299	6.641911	12.86219
128	14.08359	1.6908979	0.7390	6.641803	12.86004
129	14.07989	1.6906837	0.7482	6.642351	12.85950
130	14.07783	1.6897819	0.7572	6.642922	12.85272
131	14.07989	1.6873115	0.7511	6.643493	12.83162
132	14.08259	1.6861066	0.7541	6.643554	12.82076
133	14.08628	1.6862509	0.7511	6.643029	12.82074
134	14.08885	1.6877497	0.7512	6.642191	12.83227
135	14.08903	1.6916803	0.7510	6.640837	12.86470
136	14.09047	1.6948457	0.7421	6.639580	12.89040
137	14.09354	1.6970701	0.7513	6.638433	12.90777
138	14.06606	1.6970453	0.7572	6.641977	12.91671
139	14.00248	1.6962675	0.7482	6.650432	12.93149
140	13.96833	1.6945622	0.7300	6.655420	12.92876
141	13.95336	1.6964074	0.7149	6.656725	12.94908
142	13.93153	1.7222807	0.7240	6.650714	13.17139
143	13.86571	1.8173680	0.7453	6.626616	13.98831
144	13.73869	1.8769528	0.7573	6.622257	14.53625
145	13.61984	1.8060038	0.7573	6.662000	13.98202
146	13.56637	1.7456604	0.7482	6.689891	13.49317
147	13.51088	1.7139904	0.7391	6.708160	13.24626
148	13.52610	1.7032774	0.7331	6.709906	13.15105
149	13.59939	1.7352775	0.7241	6.689211	13.39439
150	13.65935	1.8004004	0.7363	6.658865	13.92051
151	13.66016	1.8748163	0.7484	6.632968	14.54786
152	13.61045	1.9335761	0.7666	6.618864	15.06485
153	13.52807	1.9324950	0.7605	6.629658	15.08798
154	13.47245	1.8682210	0.7544	6.659216	14.56308
155	13.46408	1.8924310	0.7241	6.651806	14.77202
156	13.44637	1.9750737	0.6970	6.625081	15.48372
157	13.39677	2.0905408	0.7030	6.590725	16.49543
158	13.30875	2.1312943	0.7302	6.587270	16.88571
159	13.24332	2.1416321	0.7636	6.591714	17.00427
160	13.19999	2.0536390	0.7757	6.628363	16.26123
161	13.18069	1.9160488	0.7606	6.679734	15.08427
162	13.15915	1.8427669	0.7455	6.708587	14.46501
163	13.17880	1.8832224	0.7001	6.691652	14.80363
164	13.22767	2.0549704	0.7032	6.624412	16.26096
165	13.24754	2.1305482	0.7243	6.595121	16.90630
166	13.20653	2.1609382	0.7546	6.589413	17.18838
167	13.14549	2.1016307	0.7849	6.618110	16.70038
168	13.11056	1.9545106	0.7759	6.675013	15.44299
169	13.09332	1.8770701	0.7426	6.704887	14.78402
170	13.17966	1.8750612	0.7244	6.694444	14.73342
171	13.32426	1.9119481	0.7304	6.662801	14.99270
172	13.43757	2.0030021	0.7396	6.616389	15.72628
173	13.49295	2.0150980	0.7517	6.605201	15.80708
174	13.52184	1.9520714	0.7638	6.623607	15.25715
175	13.52807	1.9152586	0.7579	6.635678	14.94136
176	13.54656	1.9135687	0.7366	6.633920	14.91981
177	13.59884	1.9213630	0.7184	6.624580	14.96569
178	13.63900	1.9471797	0.7125	6.610536	15.16917
179	13.66350	1.9826596	0.7305	6.595148	15.46096
180	13.67538	1.9936277	0.7397	6.589859	15.54947
181	13.67816	1.9635263	0.7489	6.599944	15.29249
182	13.67928	1.9470387	0.7428	6.605517	15.15210
183	13.67965	1.9428132	0.7397	6.606934	15.11611
184	13.68243	1.9469292	0.7428	6.605158	15.14993
185	13.68757	1.9498381	0.7550	6.603504	15.17259
186	13.69129	1.9437976	0.7519	6.605129	15.11989
187	13.69445	1.9454856	0.7459	6.604148	15.13297
188	13.69729	1.9429069	0.7338	6.604682	15.10998
189	13.70213	1.9478621	0.7369	6.602360	15.15010
190	13.70473	1.9543242	0.7460	6.599797	15.20388
191	13.70683	1.9541833	0.7580	6.599581	15.20185
192	13.70733	1.9475649	0.7611	6.601809	15.14553
193	13.70881	1.9406051	0.7368	6.604030	15.08596
194	13.71662	1.9425578	0.7249	6.602373	15.09945
195	13.73131	1.9475439	0.7217	6.598804	15.13593
196	13.73968	1.9563282	0.7339	6.594719	15.20707
197	13.73590	1.9581347	0.7491	6.594569	15.22388
198	13.70733	1.9503804	0.7522	6.600835	15.16940
199	13.69184	1.9446936	0.7432	6.604749	15.12727
200	13.69723	1.9426100	0.7370	6.604793	15.10749
201	13.71606	1.9460847	0.7311	6.601223	15.12955
202	13.72964	1.9517989	0.7371	6.597543	15.17264
203	13.73584	1.9534891	0.7492	6.596182	15.18453
204	13.73460	1.9482059	0.7493	6.598163	15.14025
205	13.73379	1.9425785	0.7372	6.600208	15.09289
206	13.73677	1.9416775	0.7281	6.600145	15.08410
207	13.74693	1.9464233	0.7372	6.597229	15.12030
208	13.75326	1.9491077	0.7524	6.595509	15.14055
209	13.75369	1.9470851	0.7645	6.596153	15.12325
210	13.75419	1.9408912	0.7615	6.598228	15.07062
211	13.75841	1.9379449	0.7403	6.598715	15.04404
212	13.76865	1.9398186	0.7252	6.596783	15.05590
213	13.77324	1.9445264	0.7252	6.594583	15.09394
214	13.77436	1.9467931	0.7313	6.593662	15.11268
215	13.77299	1.9477782	0.7434	6.593493	15.12155
216	13.77020	1.9443701	0.7465	6.595019	15.09380
217	13.77038	1.9416773	0.7465	6.595924	15.07094
218	13.77169	1.9396728	0.7466	6.596452	15.05348
219	13.77311	1.9370706	0.7405	6.597170	15.03091
220	13.77684	1.9358948	0.7345	6.597107	15.01951
221	13.78118	1.9382831	0.7345	6.595739	15.03802
222	13.78559	1.9421355	0.7345	6.593858	15.06888
223	13.78739	1.9435574	0.7436	6.593142	15.08020
224	13.78739	1.9436824	0.7618	6.593099	15.08125
225	13.78752	1.9414846	0.7559	6.593841	15.06262
226	13.78901	1.9369664	0.7527	6.595211	15.02383
227	13.79112	1.9346203	0.7376	6.595754	15.00318
228	13.79385	1.9339649	0.7317	6.595636	14.99658
229	13.79894	1.9387513	0.7256	6.593349	15.03505
230	13.80031	1.9430885	0.7286	6.591684	15.07119
231	13.79907	1.9462405	0.7468	6.590755	15.09833
232	13.79720	1.9464073	0.7771	6.590931	15.10046
233	13.79702	1.9405837	0.7711	6.592960	15.05129
234	13.79770	1.9350259	0.7530	6.594788	15.00404
235	13.79714	1.9298631	0.7318	6.596635	14.96063
236	13.80459	1.9307674	0.7198	6.595388	14.96538
237	13.80950	1.9387825	0.7197	6.592014	15.03120
238	13.80963	1.9459799	0.7319	6.589521	15.09199
239	13.80546	1.9494880	0.7591	6.588835	15.12328
240	13.77640	1.9467723	0.7834	6.593412	15.11169
241	13.74501	1.9333984	0.7805	6.601969	15.01078
242	13.73788	1.9044894	0.7533	6.612850	14.76907
243	13.74588	1.8932969	0.7321	6.615703	14.67148
244	13.76263	1.9160555	0.7170	6.605736	14.85730
245	13.77100	1.9349637	0.7200	6.598161	15.01391
246	13.77206	1.9455737	0.7261	6.594370	15.10326
247	13.75128	1.9478878	0.7443	6.596179	15.13100
248	13.70466	1.9451885	0.7715	6.602966	15.12643
249	13.67117	1.9292039	0.7685	6.612719	15.00403
250	13.66517	1.9184416	0.7625	6.617208	14.91515
251	13.66164	1.9163621	0.7473	6.618374	14.89890
252	13.66220	1.9158021	0.7414	6.618498	14.89394
253	13.66727	1.9134176	0.7353	6.618683	14.87178
254	13.67135	1.9136767	0.7293	6.618077	14.87239
255	13.67284	1.9219957	0.7293	6.615006	14.94229
256	13.66746	1.9366446	0.7415	6.610608	15.06857
257	13.65669	1.9467209	0.7626	6.608469	15.15830
258	13.64853	1.9467939	0.7869	6.609472	15.16213
259	13.63696	1.9279363	0.7839	6.617476	15.00661
260	13.63449	1.9042416	0.7628	6.626016	14.80667
261	13.64964	1.8904731	0.7356	6.628874	14.68428
262	13.68763	1.8900960	0.7083	6.624185	14.66661
263	13.71786	1.9167195	0.7023	6.611151	14.88019
264	13.73075	1.9407195	0.7176	6.601232	15.07834
265	13.72145	1.9505628	0.7570	6.598998	15.16539
266	13.67841	1.9470491	0.8023	6.605623	15.15252
267	13.63703	1.9133245	0.8024	6.622542	14.88267
268	13.60773	1.8910774	0.7692	6.633986	14.70540
269	13.62231	1.8917433	0.7147	6.631902	14.70548
270	13.65849	1.9263986	0.6965	6.615292	14.98520
271	13.67519	1.9422247	0.7087	6.607699	15.11288
272	13.66214	1.9508031	0.7631	6.606368	15.19080
273	13.61521	1.9540899	0.8055	6.611132	15.23728
274	13.58019	1.9219703	0.8146	6.626729	14.97809
275	13.55976	1.9047647	0.7875	6.635315	14.83991
276	13.56581	1.9058567	0.7331	6.634166	14.84686
277	13.60446	1.9248825	0.7087	6.622644	14.99338
278	13.62800	1.9449493	0.7178	6.612697	15.15456
279	13.63128	1.9507250	0.7270	6.610278	15.20234
280	13.62534	1.9520499	0.7664	6.610565	15.21593
281	13.61323	1.9424543	0.7726	6.615426	15.13917
282	13.60792	1.9286899	0.7635	6.620883	15.02435
283	13.60106	1.9242075	0.7454	6.623309	14.98897
284	13.60483	1.9221414	0.7303	6.623551	14.96997
285	13.61465	1.9247059	0.7303	6.621417	14.98791
286	13.62429	1.9304930	0.7333	6.618188	15.03326
287	13.62924	1.9330143	0.7394	6.616687	15.05273
288	13.63171	1.9331495	0.7394	6.616328	15.05291
289	13.63295	1.9367177	0.7516	6.614933	15.08271
290	13.63140	1.9384557	0.7667	6.614524	15.09807
291	13.62615	1.9365096	0.7728	6.615863	15.08361
292	13.62231	1.9290067	0.7699	6.618954	15.02141
293	13.62293	1.9218818	0.7639	6.621352	14.96071
294	13.62738	1.9207246	0.7517	6.621191	14.94917
295	13.63789	1.9245240	0.7487	6.618543	14.97731
296	13.64457	1.9308152	0.7548	6.615516	15.02807
297	13.64543	1.9338983	0.7640	6.614337	15.05389
298	13.64395	1.9318548	0.7761	6.615233	15.03713
299	13.64407	1.9255158	0.7640	6.617418	14.98331
300	13.64599	1.9207659	0.7458	6.618824	14.94229
301	13.64816	1.9196037	0.7277	6.618954	14.93160
302	13.65669	1.9252768	0.7217	6.615907	14.97638
303	13.66189	1.9321302	0.7399	6.612875	15.03246
304	13.66368	1.9384764	0.7611	6.610448	15.08559
305	13.66275	1.9388303	0.7793	6.610443	15.08895
306	13.65935	1.9327074	0.7672	6.612995	15.03834
307	13.65960	1.9281648	0.7582	6.614539	14.99973
308	13.65824	1.9293911	0.7612	6.614285	15.01066
309	13.65490	1.9366655	0.7673	6.612183	15.07366
310	13.65106	1.9399027	0.7705	6.611544	15.10264
311	13.64704	1.9369413	0.7795	6.613078	15.07908
312	13.64500	1.9293652	0.7735	6.615965	15.01560
313	13.64401	1.9261026	0.7675	6.617222	14.98831
314	13.64513	1.9246382	0.7675	6.617590	14.97546
315	13.65255	1.9240462	0.7554	6.616858	14.96755
316	13.66115	1.9240047	0.7554	6.615787	14.96386
317	13.66715	1.9266946	0.7555	6.614096	14.98432
318	13.66900	1.9295677	0.7616	6.612866	15.00796
319	13.66795	1.9272452	0.7646	6.613804	14.98868
320	13.66851	1.9213418	0.7555	6.615780	14.93843
321	13.67148	1.9164346	0.7527	6.617106	14.89570
322	13.68095	1.9145630	0.7405	6.616558	14.87619
323	13.70163	1.9140912	0.7344	6.614109	14.86421
324	13.71836	1.9139926	0.7437	6.612031	14.85692
325	13.72809	1.9142258	0.7526	6.610723	14.85514
326	13.73360	1.9141998	0.7588	6.610036	14.85279
327	13.73726	1.9136401	0.7650	6.609768	14.84665
328	13.74197	1.9134638	0.7648	6.609234	14.84334
329	13.74179	1.9129663	0.7680	6.609430	14.83921
330	13.74080	1.9119041	0.7651	6.609922	14.83061
331	13.74154	1.9099563	0.7621	6.610500	14.81386
332	13.74272	1.9062541	0.7590	6.611630	14.78212
333	13.74507	1.9030613	0.7499	6.612435	14.75425
334	13.74979	1.9007596	0.7529	6.612634	14.73300
335	13.75481	1.9000304	0.7590	6.612251	14.72492
336	13.75822	1.8979521	0.7621	6.612537	14.70607
337	13.75928	1.8831982	0.7742	6.617493	14.58116
338	13.76064	1.8466250	0.7622	6.629933	14.27248
339	13.77169	1.7986214	0.7289	6.645067	13.86506
340	13.78156	1.7842772	0.7109	6.648742	13.74125
341	13.78454	1.8476701	0.7200	6.626533	14.27244
342	13.78696	1.8699472	0.7502	6.618554	14.45905
343	13.76641	1.8729214	0.7685	6.620133	14.49182
344	13.68844	1.8641636	0.7806	6.633061	14.44722
345	13.63746	1.8449557	0.7746	6.646220	14.30411
346	13.62435	1.8274453	0.7655	6.653976	14.16117
347	13.60446	1.8244387	0.7504	6.657571	14.14312
348	13.59377	1.8367106	0.7444	6.654674	14.25069
349	13.60063	1.8598953	0.7414	6.645734	14.44413
350	13.59371	1.8893688	0.7536	6.636362	14.69629
351	13.48384	1.9692376	0.7657	6.622400	15.41876
352	13.30373	1.9672929	0.7717	6.645868	15.47471
353	13.18704	1.8906618	0.7718	6.687945	14.86414
354	13.11086	1.8678478	0.7567	6.705909	14.69815
355	13.02384	1.9001642	0.7386	6.705607	15.00964
356	12.96851	1.9976047	0.7386	6.677716	15.87378
357	12.91363	2.1141434	0.7355	6.642675	16.91165
358	12.81529	2.2071767	0.7569	6.621303	17.77248
359	12.69534	2.2391462	0.7629	6.624563	18.11138
360	12.61646	2.1499217	0.7691	6.667063	17.36004
361	12.58990	2.0327728	0.7599	6.713413	16.34118
362	12.55641	1.9998416	0.7630	6.729827	16.06678
363	12.52959	1.9747340	0.7570	6.742538	15.85813
364	12.57453	2.0156786	0.7480	6.721667	16.19787
365	12.60733	2.1248195	0.7540	6.677420	17.14285
366	12.60120	2.2544757	0.7661	6.630637	18.29249
367	12.58804	2.2970403	0.7784	6.616650	18.67721
368	12.55274	2.2416877	0.7905	6.641358	18.20233
369	12.54099	2.1103868	0.7724	6.691139	17.04558
370	12.53661	2.0893514	0.7633	6.699438	16.86207
371	12.51628	2.2049506	0.7482	6.659436	17.89365
372	12.50208	2.3055825	0.7391	6.624117	18.79597
373	12.46932	2.3584139	0.7452	6.608660	19.28476
374	12.42600	2.3847936	0.7574	6.604213	19.54358
375	12.39893	2.3928215	0.7604	6.604550	19.62976
376	12.38847	2.3612292	0.7664	6.617539	19.35141
377	12.39481	2.2594177	0.7725	6.654501	18.43687
378	12.40102	2.1846456	0.7575	6.681441	17.76777
379	12.39391	2.1723783	0.7334	6.686888	17.66208
380	12.41285	2.3016446	0.7182	6.636609	18.80526
381	12.42989	2.3950911	0.7242	6.599929	19.63404
382	12.42547	2.4093086	0.7516	6.595210	19.76409
383	12.39923	2.4128342	0.7729	6.597100	19.80956
384	12.35611	2.3505055	0.7942	6.625498	19.27172
385	12.33666	2.2053595	0.7941	6.681868	17.98270
386	12.32062	2.0782918	0.7669	6.731199	16.86089
387	12.36304	2.0518147	0.7427	6.735583	16.60782
388	12.48243	2.1468473	0.7276	6.685130	17.39450
389	12.57429	2.2833221	0.7307	6.623384	18.56194
390	12.58618	2.3758317	0.7457	6.587968	19.38074
391	12.53589	2.3863562	0.7640	6.590228	19.50074
392	12.47112	2.3068464	0.7793	6.627477	18.82267
393	12.43755	2.2114095	0.7671	6.666931	17.98844
394	12.40311	2.1979242	0.7520	6.676255	17.88487
395	12.39863	2.2270550	0.7399	6.666020	18.14638
396	12.41602	2.2967881	0.7369	6.638015	18.76025
397	12.41375	2.3622862	0.7461	6.614044	19.34793
398	12.40180	2.3826948	0.7461	6.607951	19.53729
399	12.37892	2.3733915	0.7582	6.614201	19.46555
400	12.36841	2.3172693	0.7583	6.636320	18.96738
401	12.37122	2.2744264	0.7493	6.651874	18.58254
402	12.35904	2.2894692	0.7463	6.647804	18.72313
403	12.34329	2.3682491	0.7494	6.620484	19.43774
404	12.33171	2.3806919	0.7584	6.617279	19.55564
405	12.32134	2.3251454	0.7584	6.639218	19.06178
406	12.31556	2.2696726	0.7463	6.660584	18.56747
407	12.31287	2.2679935	0.7373	6.661544	18.55377
408	12.33523	2.3297290	0.7434	6.635794	19.09588
409	12.35420	2.3887091	0.7464	6.611545	19.61608
410	12.36256	2.4103850	0.7616	6.602477	19.80680
411	12.35373	2.3868100	0.7678	6.612309	19.59924
412	12.35576	2.3420118	0.7769	6.628696	19.19567
413	12.36017	2.3094802	0.7557	6.640232	18.90174
414	12.35068	2.3007408	0.7435	6.644655	18.82821
415	12.34251	2.3023345	0.7376	6.645077	18.84657
416	12.34698	2.3308642	0.7407	6.633920	19.10011
417	12.35206	2.3936716	0.7407	6.609965	19.66186
418	12.34472	2.4263812	0.7557	6.598712	19.96035
419	12.32134	2.4348405	0.7712	6.598412	20.04908
420	12.29297	2.4092088	0.7832	6.611411	19.83283
421	12.28749	2.3468241	0.7742	6.635329	19.27378
422	12.28457	2.3106403	0.7470	6.649179	18.95015
423	12.28856	2.3304770	0.7319	6.641289	19.12630
424	12.32027	2.4018891	0.7258	6.610798	19.75250
425	12.33350	2.4512655	0.7441	6.590829	20.19087
426	12.35910	2.4622164	0.7533	6.583662	20.27599
427	12.37080	2.4396504	0.7896	6.590617	20.06612
428	12.36644	2.3566631	0.7926	6.621941	19.32172
429	12.36363	2.2909555	0.7592	6.646681	18.73414
430	12.36901	2.2525942	0.7383	6.660254	18.38856
431	12.38949	2.3322930	0.7200	6.628141	19.09138
432	12.41315	2.4135125	0.7262	6.595153	19.80836
433	12.42056	2.4340299	0.7566	6.586660	19.98904
434	12.43444	2.4091069	0.8018	6.594193	19.75756
435	12.49495	2.3323532	0.8081	6.615128	19.03859
436	12.52366	2.2857866	0.7628	6.628743	18.60878
437	12.53979	2.2926446	0.7324	6.624223	18.66192
438	12.55478	2.3498207	0.7293	6.601353	19.16440
439	12.57561	2.3709491	0.7416	6.591048	19.34253
440	12.59369	2.3712722	0.7597	6.588725	19.33616
441	12.60354	2.3566613	0.7660	6.592880	19.20071
442	12.60847	2.3349289	0.7537	6.600243	19.00444
443	12.61219	2.3302364	0.7418	6.601506	18.96076
444	12.61592	2.3477932	0.7449	6.594617	19.11535
445	12.62373	2.3696952	0.7509	6.585642	19.30674
446	12.64406	2.3594415	0.7571	6.586917	19.20494
447	12.67487	2.3544760	0.7661	6.584975	19.14509
448	12.69462	2.3509529	0.7662	6.583853	19.10375
449	12.70058	2.3465544	0.7601	6.584730	19.06161
450	12.69920	2.3470874	0.7450	6.584704	19.06706
451	12.70076	2.3529752	0.7421	6.582366	19.11865
452	12.70745	2.3524251	0.7512	6.581751	19.11038
453	12.71758	2.3408441	0.7724	6.584738	19.00230
454	12.73042	2.3413599	0.7786	6.582984	19.00044
455	12.73982	2.3298699	0.7694	6.586019	18.89369
456	12.74845	2.3179187	0.7483	6.589313	18.78335
457	12.74561	2.3175207	0.7394	6.589805	18.78122
458	12.73596	2.3221546	0.7423	6.589299	18.82713
459	12.73174	2.3222984	0.7605	6.589763	18.83050
460	12.73078	2.3199203	0.7545	6.590747	18.80987
461	12.73048	2.3152328	0.7485	6.592491	18.76842
462	12.72981	2.3146913	0.7486	6.592770	18.76394
463	12.72867	2.3148736	0.7396	6.592844	18.76613
464	12.72849	2.3163601	0.7426	6.592324	18.77941
465	12.72885	2.3251146	0.7457	6.589091	18.85694
466	12.73096	2.3269522	0.7639	6.588164	18.87220
467	12.73391	2.3187702	0.7700	6.590783	18.79810
468	12.73500	2.3062263	0.7609	6.595217	18.68629
469	12.73820	2.2938769	0.7459	6.599321	18.57524
470	12.75261	2.2948628	0.7428	6.597192	18.57691
471	12.77428	2.2981577	0.7519	6.593335	18.59547
472	12.79378	2.2948404	0.7582	6.592148	18.55655
473	12.80635	2.2968513	0.7673	6.589878	18.56820
474	12.81299	2.2916349	0.7551	6.590955	18.51881
475	12.83354	2.2872038	0.7339	6.590040	18.46963
476	12.86276	2.2857126	0.7280	6.586998	18.44226
477	12.88697	2.2855694	0.7372	6.584083	18.42924
478	12.90393	2.2837706	0.7402	6.582656	18.40515
479	12.91393	2.2818075	0.7523	6.582140	18.38300
480	12.92175	2.2805320	0.7494	6.581643	18.36798
481	12.92502	2.2792074	0.7524	6.581720	18.35472
482	12.93011	2.2779709	0.7433	6.581542	18.34137
483	12.94012	2.2788775	0.7556	6.579990	18.34453
484	12.95110	2.2887328	0.7950	6.575098	18.42603
485	12.95461	2.2927132	0.8676	6.573236	18.45937
486	12.94782	2.3005158	0.9616	6.571257	18.53142
487	12.91351	2.3095424	1.1069	6.572190	18.62779
488	12.76595	2.4033580	1.2676	6.556124	19.53375
489	12.55214	2.4507791	1.4310	6.564584	20.06959
490	12.39343	2.4576668	1.5977	6.581206	20.21625
491	12.27564	2.4647812	1.7522	6.592825	20.34395
492	12.15733	2.4990339	1.9126	6.594347	20.71930
493	12.03396	2.5456090	2.0732	6.591723	21.21300
494	11.87245	2.6766139	2.2640	6.561411	22.51188
495	11.53100	2.8312035	2.4760	6.542274	24.16674
496	11.13470	2.8969551	2.6729	6.562721	25.05248
497	10.80562	2.9222051	2.8667	6.591016	25.52048
498	10.56938	2.9501045	3.0697	6.607353	25.95612
499	10.32313	2.9753861	3.2636	6.625824	26.37902
500	10.09318	2.9958337	3.4512	6.644307	26.74784
501	9.91182	3.0085471	3.6511	6.660282	27.00803
502	9.76171	3.0171255	3.8570	6.674324	27.20585
503	9.63005	3.0262852	4.0751	6.685951	27.39693
504	9.52158	3.0320911	4.2902	6.696272	27.53786
505	9.41032	3.0425000	4.5052	6.704948	27.72803
506	9.30196	3.0544925	4.7202	6.712579	27.93306
507	9.20923	3.0553551	4.9261	6.723179	28.01426
508	9.13627	3.0631875	5.1351	6.728410	28.15097
509	9.08024	3.0638304	5.3319	6.734773	28.20169
510	9.03572	3.0696015	5.5197	6.737526	28.29563
511	8.99518	3.0783666	5.7015	6.738485	28.41716
512	8.95523	3.0939474	5.9013	6.736360	28.60815
513	8.91412	3.1025297	6.0922	6.737438	28.72898
514	8.87496	3.1107704	6.2830	6.738426	28.84503
515	8.83757	3.1190008	6.4890	6.739199	28.95979
516	8.80224	3.1260806	6.6858	6.740230	29.06131
517	8.77535	3.1292437	6.9069	6.742000	29.11579
518	8.74989	3.1337097	7.1067	6.743019	29.18260
519	8.72011	3.1369930	7.3158	6.745071	29.24089
520	8.68254	3.1425687	7.5126	6.747015	29.32937
521	8.62976	3.1445522	7.7276	6.752355	29.39356
522	8.56500	3.1477227	7.9185	6.758579	29.48020
523	8.50530	3.1522238	8.1183	6.763606	29.57669
524	8.45211	3.1545003	8.3150	6.768867	29.64488
525	8.40705	3.1566474	8.5301	6.773227	29.70505
526	8.37150	3.1588320	8.7331	6.776445	29.75770
527	8.33964	3.1587705	8.9330	6.780247	29.78391
528	8.30652	3.1593712	9.1327	6.783901	29.81814
529	8.27031	3.1600030	9.3417	6.787908	29.85536
530	8.22921	3.1608700	9.5417	6.792391	29.89927
531	8.18788	3.1615081	9.7385	6.797008	29.94107
532	8.15317	3.1617809	9.9354	6.801009	29.97346
533	8.12320	3.1616327	10.1475	6.804645	29.99743
534	8.09788	3.1619921	10.3473	6.807494	30.02277
535	8.07686	3.1612247	10.5623	6.810355	30.03263
536	8.05947	3.1623269	10.7561	6.811921	30.05904
537	8.04880	3.1615099	10.9620	6.813572	30.05951
538	8.03798	3.1629897	11.1680	6.814182	30.08428
539	8.02913	3.1630456	11.3860	6.815214	30.09237
540	8.01954	3.1640860	11.5920	6.815880	30.11147
541	8.01144	3.1640119	11.7919	6.816883	30.11757
542	7.99978	3.1641297	11.9948	6.818222	30.12876
543	7.98391	3.1652446	12.2067	6.819601	30.15408
544	7.96076	3.1655484	12.4218	6.822225	30.17714
545	7.93162	3.1679026	12.6399	6.824612	30.22705
546	7.90223	3.1693404	12.8458	6.827454	30.26758
547	7.87371	3.1701340	13.0517	6.830492	30.30059
548	7.84734	3.1710391	13.2637	6.833224	30.33296
549	7.82575	3.1723720	13.4667	6.835184	30.36575
550	7.80953	3.1719197	13.6788	6.837338	30.37498
551	7.79204	3.1730357	13.8908	6.838910	30.40195
552	7.77604	3.1733893	14.0997	6.840661	30.41955
553	7.76498	3.1739103	14.3025	6.841744	30.43464
554	7.75386	3.1743072	14.4993	6.842892	30.44847
555	7.74195	3.1740346	14.7023	6.844448	30.45589
556	7.73063	3.1747912	14.9142	6.845452	30.47373
557	7.71804	3.1760006	15.1112	6.846394	30.49750
558	7.70112	3.1775699	15.3232	6.847685	30.52890
559	7.68427	3.1778802	15.5291	6.849561	30.54689
560	7.66562	3.1799090	15.7441	6.850842	30.58475
561	7.64350	3.1810262	15.9409	6.852968	30.61601
562	7.62160	3.1820876	16.1378	6.855093	30.64651
563	7.59828	3.1831802	16.3377	6.857373	30.67862
564	7.56445	3.1846703	16.5346	6.860727	30.72432
565	7.53117	3.1863780	16.7345	6.863911	30.77192
566	7.50733	3.1889182	16.9434	6.865567	30.82013
567	7.49008	3.1902601	17.1735	6.867003	30.84971
568	7.47772	3.1919626	17.3856	6.867679	30.87882
569	7.46164	3.1919007	17.6006	6.869642	30.89238
570	7.43642	3.1922365	17.8034	6.872511	30.91835
571	7.41101	3.1934237	18.0156	6.874999	30.95366
572	7.38258	3.1916904	18.2244	6.879246	30.96036
573	7.35123	3.1917033	18.4365	6.883013	30.98843
574	7.32262	3.1912936	18.6544	6.886655	31.00954
575	7.29781	3.1917537	18.8634	6.889425	31.03664
576	7.27604	3.1912631	19.0693	6.892286	31.05079
577	7.25167	3.1899899	19.2814	6.895840	31.05886
578	7.22658	3.1881953	19.4993	6.899735	31.06195
579	7.20120	3.1882267	19.7174	6.902788	31.08502
580	7.17808	3.1874693	19.9294	6.905951	31.09756
581	7.14996	3.1880162	20.1202	6.909089	31.12872
582	7.11972	3.1867311	20.3262	6.913373	31.14201
583	7.08701	3.1872221	20.5411	6.917098	31.17677
584	7.06020	3.1888060	20.7471	6.919578	31.21810
585	7.03981	3.1895951	20.9561	6.921668	31.24504
586	7.02603	3.1918752	21.1590	6.922230	31.28218
587	7.01818	3.1922730	21.3498	6.922991	31.29354
588	7.01018	3.1942493	21.5558	6.923001	31.32217
589	6.99755	3.1948585	21.7587	6.924237	31.34018
590	6.97579	3.1943119	21.9737	6.927145	31.35397
591	6.94765	3.1934298	22.1796	6.930991	31.36992
592	6.91285	3.1930946	22.3735	6.935383	31.39795
593	6.87476	3.1905726	22.5734	6.941252	31.40519
594	6.83613	3.1875296	22.7793	6.947452	31.40723
595	6.79325	3.1840409	22.9853	6.954401	31.40829
596	6.74923	3.1803737	23.1941	6.961592	31.40843
597	6.70726	3.1788604	23.4031	6.967476	31.43025
598	6.66745	3.1769443	23.5970	6.973304	31.44571
599	6.62886	3.1757416	23.7998	6.978635	31.46789
600	6.59422	3.1740183	23.9999	6.983749	31.48075
601	6.56491	3.1728408	24.2117	6.987942	31.49472
602	6.54085	3.1724506	24.4148	6.991098	31.51251
603	6.52303	3.1713909	24.6147	6.993825	31.51720
604	6.50752	3.1705049	24.8175	6.996182	31.52167
605	6.48745	3.1694888	25.0143	6.999167	31.52892
606	6.46667	3.1680393	25.2141	7.002460	31.53205
607	6.44636	3.1676183	25.4050	7.005179	31.54609
608	6.41699	3.1640944	25.6079	7.010583	31.53429
609	6.36912	3.1612036	25.8080	7.017964	31.54658
610	6.31445	3.1576889	26.0168	7.026518	31.55828
611	6.26567	3.1554622	26.2168	7.033704	31.57879
612	6.22679	3.1540832	26.4044	7.039240	31.59954
613	6.19651	3.1535394	26.6044	7.043287	31.62158
614	6.17332	3.1483154	26.8468	7.048846	31.58504
615	6.15367	3.1479077	27.0617	7.051509	31.59869
616	6.13601	3.1501517	27.2647	7.052567	31.63999
617	6.12013	3.1476362	27.4583	7.055840	31.62672
618	6.10752	3.1489220	27.6583	7.056759	31.65269
619	6.09923	3.1480012	27.8431	7.058269	31.65009
620	6.09170	3.1468581	28.0551	7.059800	31.64429
621	6.08637	3.1472475	28.2670	7.060271	31.65350
622	6.08352	3.1469201	28.4700	7.060799	31.65242
623	6.07808	3.1462343	28.6728	7.061835	31.64976
624	6.07193	3.1461726	28.8758	7.062640	31.65472
625	6.06436	3.1450915	29.0696	7.064146	31.64965
626	6.05400	3.1441341	29.2604	7.065938	31.64857
627	6.04059	3.1430594	29.4512	7.068172	31.64902
628	6.02623	3.1429176	29.6420	7.070047	31.66077
629	6.01222	3.1413552	29.8329	7.072611	31.65635
630	5.99741	3.1395956	30.0296	7.075379	31.65047
631	5.98513	3.1389969	30.2327	7.077231	31.65517
632	5.97398	3.1398615	30.4265	7.078187	31.67516
633	5.96333	3.1392689	30.6112	7.079832	31.67841
634	5.95700	3.1402816	30.7961	7.080107	31.69557
635	5.95223	3.1392074	30.9807	7.081265	31.68794
636	5.94413	3.1375902	31.1745	7.083123	31.67737
637	5.93481	3.1369978	31.3776	7.084605	31.67938
638	5.92164	3.1352082	31.5835	7.087191	31.67160
639	5.90762	3.1358626	31.7682	7.088618	31.69197
640	5.89522	3.1344743	31.9621	7.090901	31.68797
641	5.88247	3.1338081	32.1528	7.092855	31.69237
642	5.87311	3.1327965	32.3467	7.094563	31.68973
643	5.86507	3.1316369	32.5497	7.096182	31.68419
644	5.85430	3.1317111	32.7494	7.097504	31.69503
645	5.84147	3.1299104	32.9464	7.100064	31.68680
646	5.82131	3.1275614	33.1371	7.103834	31.67930
647	5.79586	3.1259343	33.3432	7.107900	31.68484
648	5.77304	3.1244369	33.5370	7.111568	31.68937
649	5.75463	3.1255095	33.7216	7.113338	31.71862
650	5.74434	3.1256884	33.9095	7.114549	31.73022
651	5.74016	3.1258056	34.0942	7.115021	31.73538
652	5.73865	3.1256269	34.2851	7.115310	31.73471
653	5.73829	3.1261941	34.4759	7.115062	31.74132
654	5.73880	3.1262188	34.6606	7.114990	31.74103
655	5.73840	3.1262805	34.8484	7.115013	31.74201
656	5.73729	3.1263422	35.0364	7.115125	31.74366
657	5.73572	3.1256581	35.2210	7.115685	31.73736
658	5.73401	3.1253685	35.4149	7.116058	31.73562
659	5.73361	3.1253007	35.6055	7.116149	31.73515
660	5.73114	3.1239080	35.8177	7.117195	31.72172
661	5.72257	3.1211417	36.0479	7.119735	31.69858
662	5.71088	3.1213267	36.2597	7.121123	31.71155
663	5.69692	3.1216534	36.4567	7.122723	31.72826
664	5.68232	3.1199904	36.6597	7.125452	31.72321
665	5.66657	3.1202308	36.8353	7.127327	31.74067
666	5.65097	3.1197814	37.0232	7.129546	31.75023
667	5.63512	3.1183589	37.2109	7.132310	31.74906
668	5.62245	3.1181682	37.4017	7.134024	31.75877
669	5.61275	3.1176511	37.5924	7.135533	31.76200
670	5.60450	3.1168508	37.7803	7.137007	31.76067
671	5.59993	3.1165553	37.9772	7.137749	31.76156
672	5.59506	3.1162599	38.1680	7.138529	31.76274
673	5.59069	3.1164078	38.3497	7.139010	31.76844
674	5.58782	3.1161370	38.5315	7.139521	31.76800
675	5.58426	3.1159154	38.7193	7.140096	31.76878
676	5.57793	3.1227520	38.8585	7.137292	31.85184
677	5.57527	3.1419306	38.9194	7.127498	32.07091
678	5.61335	3.1428567	38.9254	7.122197	32.04507
679	5.70876	3.1435537	38.9498	7.109794	31.96225
680	5.78127	3.1418668	38.9800	7.101546	31.87465
681	5.82020	3.1427063	39.0012	7.096212	31.84732
682	5.85142	3.1444727	39.0105	7.091368	31.83768
683	5.87407	3.1468698	38.9985	7.087278	31.84319
684	5.90109	3.1483589	38.9835	7.083116	31.83443
685	5.93319	3.1442927	38.9625	7.081199	31.75878
686	5.96759	3.1420748	38.9292	7.078033	31.70176
687	5.97413	3.1414386	38.8960	7.077541	31.68855
688	5.96014	3.1421984	38.8751	7.078902	31.71015
689	5.94717	3.1435697	38.8629	7.079818	31.73763
690	5.93526	3.1419269	38.8418	7.082161	31.73045
691	5.93147	3.1414082	38.8086	7.082906	31.72823
692	5.94124	3.1415378	38.7906	7.081612	31.72052
693	5.94443	3.1424641	38.7696	7.080731	31.72789
694	5.93719	3.1433042	38.7486	7.081204	31.74408
695	5.92671	3.1429460	38.7273	7.082704	31.74992
696	5.92362	3.1427978	38.7124	7.083168	31.75117
697	5.93613	3.1429768	38.6882	7.081506	31.74145
698	5.94712	3.1433597	38.6763	7.079929	31.73542
699	5.94823	3.1436006	38.6611	7.079664	31.73708
700	5.94565	3.1435512	38.6461	7.080014	31.73895
701	5.94357	3.1434832	38.6250	7.080309	31.74015
702	5.94610	3.1420441	38.5616	7.080735	31.72173
703	5.95315	3.1425874	38.4406	7.079568	31.72126
704	5.95614	3.1416610	38.2833	7.079669	31.70818
705	5.96698	3.1416299	38.1260	7.078321	31.69775
706	5.97712	3.1422288	37.9535	7.076737	31.69503
707	5.98498	3.1432725	37.7841	7.075209	31.69940
708	5.99609	3.1442793	37.6238	7.073295	31.70032
709	6.01014	3.1441988	37.4573	7.071574	31.68635
710	6.02770	3.1444951	37.2971	7.069220	31.67331
711	6.05085	3.1452732	37.1246	7.065920	31.66043
712	6.07452	3.1459340	36.9520	7.062617	31.64578
713	6.09114	3.1466753	36.7887	7.060156	31.63860
714	6.09989	3.1474600	36.6253	7.058658	31.63925
715	6.10909	3.1479357	36.4620	7.057262	31.63604
716	6.12038	3.1484177	36.2956	7.055602	31.63095
717	6.13341	3.1487945	36.1051	7.053780	31.62310
718	6.14781	3.1491961	35.9205	7.051775	31.61423
719	6.15606	3.1493443	35.7239	7.050666	31.60829
720	6.16120	3.1496162	35.5211	7.049882	31.60662
721	6.17159	3.1501538	35.3154	7.048308	31.60303
722	6.18260	3.1508522	35.1065	7.046577	31.60064
723	6.19330	3.1511426	34.8978	7.045092	31.59401
724	6.20191	3.1512661	34.6738	7.043952	31.58748
725	6.21766	3.1524036	34.4620	7.041407	31.58556
726	6.23674	3.1533496	34.2593	7.038549	31.57843
727	6.24959	3.1532751	34.0536	7.036984	31.56576
728	6.26817	3.1538439	33.8509	7.034383	31.55492
729	6.28283	3.1537200	33.6511	7.032622	31.54006
730	6.29309	3.1536023	33.4514	7.031402	31.52934
731	6.29687	3.1534785	33.2608	7.030992	31.52456
732	6.29079	3.1534228	33.0640	7.031770	31.52966
733	6.27675	3.1530642	32.8735	7.033692	31.53880
734	6.26322	3.1524892	32.6707	7.035661	31.54507
735	6.25194	3.1516545	32.4771	7.037483	31.54638
736	6.23776	3.1515124	32.3016	7.039315	31.55805
737	6.22174	3.1499730	32.1051	7.042087	31.55594
738	6.20487	3.1503935	31.9234	7.043969	31.57636
739	6.19085	3.1503009	31.7329	7.045756	31.58845
740	6.18193	3.1504678	31.5391	7.046777	31.59869
741	6.17684	3.1500660	31.3425	7.047613	31.59906
742	6.16961	3.1500660	31.1608	7.048509	31.60588
743	6.16197	3.1492253	30.9825	7.049887	31.60374
744	6.15306	3.1487432	30.7949	7.051240	31.60676
745	6.14496	3.1480634	30.6043	7.052593	31.60684
746	6.13636	3.1473651	30.4227	7.054019	31.60717
747	6.12680	3.1475196	30.2412	7.055129	31.61789
748	6.11443	3.1468584	30.0597	7.057007	31.62214
749	6.10533	3.1464568	29.8781	7.058345	31.62624
750	6.09969	3.1461973	29.7057	7.059179	31.62870
751	6.09236	3.1453941	29.5151	7.060501	31.62668
752	6.08718	3.1451840	29.3425	7.061253	31.62926
753	6.07874	3.1444365	29.1761	7.062688	31.62889
754	6.07579	3.1438990	29.0127	7.063329	31.62573
755	6.07798	3.1435098	28.8404	7.063252	31.61944
756	6.07478	3.1429971	28.6528	7.063911	31.61681
757	6.06782	3.1428489	28.4712	7.064854	31.62174
758	6.05893	3.1428242	28.3078	7.065975	31.62984
759	6.05745	3.1425215	28.1506	7.066311	31.62792
760	6.05659	3.1421015	27.9931	7.066632	31.62412
761	6.05349	3.1418606	27.8176	7.067139	31.62441
762	6.04496	3.1413728	27.6423	7.068454	31.62702
763	6.03546	3.1406997	27.4728	7.069986	31.62846
764	6.03003	3.1403971	27.3124	7.070818	31.63024
765	6.02455	3.1398044	27.1491	7.071806	31.62883
766	6.02105	3.1391005	26.9765	7.072604	31.62433
767	6.01805	3.1385511	26.8013	7.073258	31.62108
768	6.01024	3.1379832	26.6135	7.074526	31.62214
769	6.00359	3.1378042	26.4351	7.075448	31.62643
770	5.99852	3.1379647	26.2656	7.075997	31.63304
771	5.99538	3.1375326	26.0993	7.076611	31.63124
772	5.99507	3.1370881	25.9266	7.076875	31.62665
773	5.99715	3.1366992	25.7392	7.076811	31.62045
774	5.99512	3.1364584	25.5697	7.077185	31.61975
775	5.99654	3.1363967	25.4034	7.077036	31.61781
776	5.99776	3.1362793	25.2431	7.076940	31.61544
777	5.99791	3.1361620	25.0796	7.076978	31.61407
778	5.99943	3.1360447	24.9101	7.076844	31.61142
779	6.00304	3.1356805	24.7196	7.076576	31.60409
780	6.00831	3.1359828	24.5471	7.075754	31.60262
781	6.00841	3.1358902	24.3776	7.075786	31.60157
782	6.01415	3.1353532	24.2173	7.075340	31.59031
783	6.02369	3.1352049	24.0509	7.074217	31.57984
784	6.02399	3.1352048	23.8755	7.074175	31.57964
785	6.02120	3.1349395	23.7029	7.074658	31.57937
786	6.02217	3.1350382	23.5458	7.074482	31.57965
787	6.02359	3.1350566	23.3764	7.074291	31.57861
788	6.02506	3.1350257	23.2037	7.074118	31.57698
789	6.02902	3.1350873	23.0497	7.073587	31.57405
790	6.03257	3.1350687	22.8801	7.073147	31.57061
791	6.03673	3.1351735	22.6955	7.072568	31.56799
792	6.04196	3.1354758	22.5352	7.071753	31.56656
793	6.04405	3.1354140	22.3780	7.071520	31.56401
794	6.04638	3.1354139	22.2086	7.071224	31.56191
795	6.05126	3.1355311	22.0359	7.070549	31.55876
796	6.05598	3.1355001	21.8695	7.069970	31.55410
797	6.05984	3.1355926	21.6972	7.069435	31.55161
798	6.06345	3.1356666	21.5369	7.068941	31.54916
799	6.06787	3.1356541	21.3794	7.068391	31.54498
800	6.07203	3.1356540	21.2160	7.067865	31.54118
801	6.07564	3.1357403	21.0405	7.067365	31.53887
802	6.07869	3.1358884	20.8652	7.066904	31.53777
803	6.08174	3.1362154	20.7109	7.066350	31.53864
804	6.08570	3.1363943	20.5535	7.065759	31.53702
805	6.09165	3.1366719	20.3870	7.064868	31.53466
806	6.09806	3.1370545	20.2238	7.063867	31.53304
807	6.10696	3.1374432	20.0483	7.062550	31.52917
808	6.11550	3.1380665	19.8848	7.061158	31.52824
809	6.12166	3.1386590	19.7306	7.060081	31.52918
810	6.13254	3.1390540	19.5733	7.058515	31.52353
811	6.14267	3.1394983	19.4100	7.057018	31.51914
812	6.15066	3.1400045	19.2405	7.055757	31.51742
813	6.16161	3.1406959	19.0801	7.054033	31.51502
814	6.17618	3.1411774	18.9258	7.051966	31.50692
815	6.19182	3.1416527	18.7777	7.049768	31.49776
816	6.20573	3.1420107	18.6173	7.047847	31.48891
817	6.21787	3.1426034	18.4418	7.046029	31.48432
818	6.23061	3.1432271	18.2663	7.044118	31.47951
819	6.24362	3.1438322	18.1029	7.042186	31.47425
820	6.25771	3.1445795	17.9336	7.040049	31.46957
821	6.27220	3.1454196	17.7760	7.037814	31.46554
822	6.28431	3.1462906	17.6068	7.035863	31.46406
823	6.29600	3.1474213	17.4251	7.033831	31.46584
824	6.31026	3.1485274	17.2587	7.031495	31.46498
825	6.32886	3.1496707	17.0985	7.028601	31.46050
826	6.34748	3.1504494	16.9258	7.025894	31.45200
827	6.36318	3.1513209	16.7717	7.023501	31.44720
828	6.38109	3.1521863	16.5992	7.020840	31.44030
829	6.40337	3.1530270	16.4298	7.017653	31.42912
830	6.42104	3.1538679	16.2725	7.015038	31.42218
831	6.44057	3.1544862	16.1151	7.012307	31.41108
832	6.46554	3.1551539	15.9548	7.008880	31.39553
833	6.48837	3.1560258	15.7733	7.005617	31.38421
834	6.50736	3.1565081	15.5887	7.003025	31.37215
835	6.52929	3.1575597	15.4163	6.999788	31.36366
836	6.54435	3.1573058	15.2529	6.998055	31.34713
837	6.56270	3.1577696	15.0895	6.995557	31.33547
838	6.58471	3.1583077	14.9292	6.992572	31.32128
839	6.60364	3.1587592	14.7567	6.990012	31.30898
840	6.62155	3.1592107	14.5902	6.987578	31.29762
841	6.63762	3.1593652	14.4299	6.985521	31.28470
842	6.65632	3.1594207	14.2603	6.983190	31.26830
843	6.67075	3.1597795	14.0879	6.981233	31.25913
844	6.68653	3.1602930	13.9216	6.979036	31.25043
845	6.70081	3.1606518	13.7461	6.977099	31.24141
846	6.71056	3.1608868	13.5766	6.975782	31.23517
847	6.72661	3.1612828	13.4162	6.973612	31.22495
848	6.74184	3.1614931	13.2469	6.971636	31.21345
849	6.74964	3.1618272	13.0774	6.970510	31.21008
850	6.76312	3.1622480	12.9020	6.968645	31.20249
851	6.78090	3.1624273	12.7234	6.966374	31.18837
852	6.80297	3.1630462	12.5539	6.963360	31.17514
853	6.82444	3.1629716	12.3935	6.960766	31.15491
854	6.83996	3.1630890	12.2241	6.958804	31.14218
855	6.85238	3.1636895	12.0577	6.956985	31.13753
856	6.86528	3.1636893	11.8853	6.955405	31.12593
857	6.88807	3.1635218	11.7188	6.952697	31.10354
858	6.91580	3.1636329	11.5525	6.949251	31.07974
859	6.93655	3.1633912	11.3861	6.946833	31.05845
860	6.94879	3.1632362	11.2167	6.945410	31.04579
861	6.95959	3.1635085	11.0350	6.943956	31.03909
862	6.96821	3.1632978	10.8747	6.943004	31.02910
863	6.98160	3.1630004	10.6961	6.941512	31.01388
864	6.99703	3.1625173	10.5268	6.939863	30.99482
865	7.01480	3.1619722	10.3512	6.937958	30.97300
866	7.03674	3.1619720	10.1878	6.935281	30.95335
867	7.05500	3.1616436	10.0032	6.933213	30.93348
868	7.07920	3.1612347	9.8307	6.930461	30.90743
869	7.10217	3.1606464	9.6615	6.927948	30.88057
870	7.12290	3.1603800	9.4949	6.925550	30.85920
871	7.14203	3.1596556	9.3165	6.923571	30.83436
872	7.15695	3.1592345	9.1500	6.921958	30.81657
873	7.17098	3.1591353	8.9773	6.920296	30.80305
874	7.18601	3.1582440	8.8079	6.918897	30.78012
875	7.19781	3.1576993	8.6417	6.917723	30.76381
876	7.21415	3.1574577	8.4600	6.915850	30.74674
877	7.23442	3.1569501	8.2816	6.913630	30.72332
878	7.25496	3.1565353	8.1152	6.911332	30.70068
879	7.26819	3.1559536	7.9548	6.910003	30.68276
880	7.27970	3.1555946	7.7732	6.908775	30.66877
881	7.29032	3.1553841	7.6038	6.907584	30.65717
882	7.30869	3.1547530	7.4191	6.905655	30.63420
883	7.33053	3.1544063	7.2496	6.903170	30.61123
884	7.35096	3.1537319	7.0802	6.901013	30.58601
885	7.36685	3.1533730	6.9046	6.899257	30.56822
886	7.38174	3.1530759	6.7384	6.897592	30.55198
887	7.39406	3.1523831	6.5508	6.896426	30.53377
888	7.41421	3.1521108	6.3782	6.894113	30.51319
889	7.43579	3.1510347	6.1875	6.892010	30.48277
890	7.45197	3.1502802	6.0181	6.890409	30.46056
891	7.46400	3.1495938	5.8427	6.889276	30.44274
892	7.47662	3.1494020	5.6732	6.887838	30.42970
893	7.50070	3.1492348	5.5007	6.885001	30.40689
894	7.51806	3.1494448	5.3343	6.882800	30.39400
895	7.53027	3.1488141	5.1645	6.881620	30.37666
896	7.55128	3.1482946	4.9954	6.879325	30.35284
897	7.56666	3.1477320	4.8137	6.877730	30.33349
898	7.57251	3.1476454	4.6412	6.877062	30.32754
899	7.58595	3.1476452	4.4628	6.875436	30.31589
900	7.60345	3.1467489	4.2964	6.873744	30.29117
901	7.62339	3.1467177	4.1267	6.871349	30.27355
902	7.63241	3.1461182	3.9695	6.870541	30.25939
903	7.63637	3.1456980	3.7941	6.870259	30.25156
904	7.64540	3.1451912	3.6155	6.869406	30.23840
905	7.66467	3.1445669	3.4370	6.867372	30.21511
906	7.69119	3.1436647	3.2645	6.864597	30.18260
907	7.71720	3.1427379	3.0890	6.861895	30.15031
908	7.75100	3.1421075	2.9164	6.858116	30.11448
909	7.77371	3.1409030	2.7319	6.855943	30.08219
910	7.79246	3.1395381	2.5502	6.854322	30.05165
911	7.83254	3.1375684	2.3779	6.850419	29.99641
912	7.88422	3.1346425	2.2053	6.845565	29.92124
913	7.92843	3.1317424	2.0388	6.841598	29.85293
914	7.96363	3.1283317	1.8725	6.838949	29.78705
915	8.00718	3.1235172	1.7000	6.835945	29.69946
916	8.05355	3.1195678	1.5425	6.832198	29.61878
917	8.10002	3.1170978	1.3974	6.827754	29.55371
918	8.12683	3.1114902	1.2370	6.827114	29.47246
919	8.09986	3.1039318	1.1040	6.833837	29.41599
920	8.04064	3.0965097	0.9587	6.844401	29.38791
921	7.98412	3.0880880	0.8284	6.855136	29.34696
922	7.98929	3.0797480	0.7016	6.858378	29.25511
923	8.02151	3.0674617	0.5563	6.860160	29.09944
924	8.04827	3.0602676	0.3778	6.860235	29.00196
925	8.10835	3.0538309	0.2053	6.855898	28.88511
926	8.15440	3.0460261	0.1024	6.853891	28.76584
927	8.24089	3.0330408	0.0025	6.849326	28.56007
928	8.36506	3.0091869	-0.1154	6.845091	28.21249
929	8.56213	2.9671118	-0.1244	6.840079	27.62273
930	8.86532	2.9126135	-0.1243	6.827301	26.83311
931	9.26373	2.7733047	-0.1242	6.839264	25.14024
932	9.67943	2.6115141	-0.1211	6.856696	23.26139
933	10.10217	2.5422312	-0.1240	6.832200	22.32216
934	10.48512	0.6542345	-0.1208	7.554681	5.08050
935	10.56967	0.7869837	-0.1206	7.487684	6.17945
936	10.53765	0.8330515	-0.1176	7.474510	6.57464
937	10.51992	0.7142590	-0.1205	7.524949	5.57635
938	10.50527	0.8036508	-0.1203	7.491628	6.33124
939	10.48290	0.6476480	-0.1201	7.557673	5.02605
940	10.45385	0.6859594	-0.1231	7.547295	5.34947
941	10.42047	0.5284075	-0.1231	7.615532	4.05013
942	10.38416	0.4800188	-0.1228	7.640855	3.65924
943	10.34529	0.4479224	-0.1198	7.660214	3.40264
944	10.30279	0.3961827	-0.1197	7.687915	2.98935
945	10.25357	0.3680997	-0.1255	7.707547	2.76833
946	10.19962	0.3845685	-0.1194	7.710616	2.90444
947	10.15148	0.2986594	-0.1224	7.752706	2.22384
948	10.11257	0.2789158	-0.1191	7.767328	2.07066
949	10.08021	0.2685318	-0.1191	7.777163	1.99092
950	10.02975	0.2290077	-0.1249	7.801529	1.68489
951	9.97864	0.2148889	-0.1217	7.816236	1.57765
952	9.95227	0.1980535	-0.1157	7.827503	1.44865
953	9.93240	0.1930972	-0.1125	7.833028	1.41125
954	9.91439	0.2054861	-0.1154	7.831557	1.50758
955	9.89611	0.2180242	-0.1182	7.830053	1.60558
956	9.87795	0.2147232	-0.1273	7.834643	1.58072
957	9.85991	0.2160499	-0.1181	7.837424	1.59182
958	9.84216	0.2300594	-0.1179	7.835226	1.70179
959	9.82314	0.2364327	-0.1209	7.836214	1.75253
960	9.80161	0.2411050	-0.1237	7.838317	1.79020
961	9.77998	0.2231758	-0.1236	7.849272	1.65089
962	9.75959	0.2033969	-0.1235	7.860706	1.49777
963	9.73949	0.1941140	-0.1173	7.868004	1.42660
964	9.71974	0.1963870	-0.1141	7.870758	1.44500
965	9.70211	0.2047143	-0.1230	7.870765	1.51039
966	9.68482	0.2033633	-0.1199	7.874476	1.50059
967	9.66720	0.2059448	-0.1198	7.876714	1.52142
968	9.65226	0.2032959	-0.1197	7.880505	1.50141
969	9.63444	0.1890116	-0.1135	7.889369	1.39114
970	9.60381	0.1754349	-0.1195	7.900324	1.28722
971	9.55979	0.1615553	-0.1194	7.913890	1.18176
972	9.51953	0.1557862	-0.1163	7.923629	1.13871
973	9.48468	0.1524020	-0.1250	7.931451	1.11380
974	9.44720	0.1257175	-0.1220	7.948789	0.91104
975	9.40629	0.1086992	-0.1249	7.963022	0.78321
976	9.36823	0.1143744	-0.1247	7.968021	0.82693
