Scan Count	Temperature [ITS-90, deg C]	Conductivity [S/m]	Depth [salt water, m]	Oxygen Saturation, Weiss [ml/l]	Salinity, Practical [PSU]
1	14.77319	-0.0000065	-0.0914	7.082127	0.00000
2	14.76757	-0.0000034	-0.0852	7.082992	0.00000
3	14.76381	-0.0000065	-0.0913	7.083573	0.00000
4	14.75915	-0.0000034	-0.0914	7.084291	0.00000
5	14.75264	-0.0000065	-0.0914	7.085294	0.00000
6	14.74671	-0.0000157	-0.0914	7.086209	0.00000
7	14.74186	-0.0000126	-0.0914	7.086957	0.00000
8	14.73708	-0.0000065	-0.0913	7.087694	0.00000
9	14.73274	-0.0000157	-0.0914	7.088363	0.00000
10	14.73096	-0.0000219	-0.0975	7.088639	0.00000
11	14.73013	-0.0000065	-0.0914	7.088767	0.00000
12	14.72860	-0.0000126	-0.0885	7.089003	0.00000
13	14.72503	-0.0000157	-0.0854	7.089554	0.00000
14	14.71955	-0.0000157	-0.0855	7.090400	0.00000
15	14.71502	-0.0000126	-0.0824	7.091099	0.00000
16	14.71305	-0.0000065	-0.0945	7.091404	0.00000
17	14.71126	-0.0000126	-0.0885	7.091679	0.00000
18	14.70801	-0.0000157	-0.0885	7.092181	0.00000
19	14.70438	-0.0000157	-0.0914	7.092742	0.00000
20	14.70342	-0.0000219	-0.0915	7.092890	0.00000
21	14.70922	-0.0000157	-0.0855	7.091994	0.00000
22	14.72108	-0.0000219	-0.0915	7.090164	0.00000
23	14.73408	-0.0000157	-0.0885	7.088157	0.00000
24	14.74703	-0.0000157	-0.0885	7.086160	0.00000
25	14.75941	-0.0000219	-0.0885	7.084251	0.00000
26	14.77077	-0.0000157	-0.0915	7.082501	0.00000
27	14.77964	-0.0000126	-0.0885	7.081134	0.00000
28	14.78449	-0.0000157	-0.0854	7.080386	0.00000
29	14.78111	-0.0000157	-0.0885	7.080908	0.00000
30	14.76994	-0.0000126	-0.0854	7.082629	0.00000
31	14.76323	-0.0000157	-0.0854	7.083661	0.00000
32	14.76030	-0.0000250	-0.0855	7.084114	0.00000
33	14.75896	-0.0000219	-0.0854	7.084320	0.00000
34	14.75826	-0.0000250	-0.0945	7.084428	0.00000
35	14.75819	-0.0000126	-0.0855	7.084438	0.00000
36	14.75704	-0.0000157	-0.0855	7.084615	0.00000
37	14.75417	-0.0000250	-0.0824	7.085058	0.00000
38	14.75271	-0.0362677	-0.0038	7.085284	0.00000
39	14.67184	3.0372260	0.1417	6.123840	24.04410
40	14.56976	3.1322788	0.3021	6.103097	24.94096
41	14.50021	3.1521601	0.4384	6.103652	25.16071
42	14.45716	3.1562735	0.5625	6.106693	25.22484
43	14.43407	3.1649085	0.6958	6.106192	25.31607
44	14.42149	3.1526062	0.8138	6.111563	25.21553
45	14.41385	3.1513820	0.8654	6.112753	25.20967
46	14.41713	3.1629210	0.8562	6.108585	25.30949
47	14.43407	3.1656889	0.8473	6.105935	25.32291
48	14.44950	3.1598565	0.8412	6.106292	25.26136
49	14.45944	3.1544673	0.8442	6.107062	25.20734
50	14.46469	3.1555807	0.8472	6.106156	25.21376
51	14.46671	3.1534159	0.8502	6.106666	25.19334
52	14.46507	3.1435639	0.8472	6.110098	25.10750
53	14.45906	3.1458868	0.8473	6.109944	25.13187
54	14.44248	3.1572327	0.8504	6.107880	25.24275
55	14.42820	3.1659615	0.8534	6.106445	25.32915
56	14.41808	3.1712093	0.8412	6.105736	25.38214
57	14.41056	3.1779551	0.8382	6.104264	25.44672
58	14.40545	3.1834091	0.8412	6.102975	25.49833
59	14.40222	3.1854018	0.8473	6.102642	25.51807
60	14.40045	3.1865069	0.8503	6.102455	25.52902
61	14.40033	3.1858053	0.8473	6.102701	25.52289
62	14.39982	3.1871403	0.8533	6.102309	25.53504
63	14.39850	3.1903326	0.8563	6.101383	25.56417
64	14.39768	3.1919789	0.8564	6.100920	25.57928
65	14.39761	3.1917304	0.8563	6.101009	25.57712
66	14.39774	3.1903947	0.8534	6.101440	25.56522
67	14.39812	3.1911775	0.8533	6.101141	25.57190
68	14.39837	3.1928861	0.8504	6.100548	25.58686
69	14.39875	3.1937436	0.8533	6.100224	25.59420
70	14.39907	3.1941662	0.8533	6.100052	25.59774
71	14.39951	3.1934391	0.8504	6.100248	25.59101
72	14.39982	3.1933770	0.8565	6.100237	25.59025
73	14.40014	3.1941040	0.8655	6.099963	25.59647
74	14.40033	3.1946261	0.8564	6.099771	25.60097
75	14.40083	3.1935572	0.8534	6.100074	25.59118
76	14.40121	3.1937436	0.8504	6.099974	25.59258
77	14.40134	3.1949306	0.8564	6.099567	25.60300
78	14.40159	3.1958132	0.8534	6.099248	25.61065
79	14.40184	3.1946882	0.8534	6.099596	25.60052
80	14.40184	3.1946261	0.8443	6.099616	25.59998
81	14.40134	3.1964846	0.8504	6.099050	25.61676
82	14.40083	3.1977031	0.8504	6.098697	25.62789
83	14.40064	3.1984368	0.8473	6.098473	25.63451
84	14.40039	3.1989840	0.8565	6.098317	25.63952
85	14.40058	3.1980886	0.8595	6.098595	25.63147
86	14.40052	3.1965468	0.8535	6.099113	25.61786
87	14.40033	3.1956268	0.8565	6.099438	25.60983
88	14.39970	3.1961800	0.8564	6.099319	25.61515
89	14.39932	3.1974296	0.8564	6.098942	25.62646
90	14.39894	3.1982192	0.8533	6.098718	25.63371
91	14.39862	3.1988286	0.8565	6.098548	25.63931
92	14.39856	3.1993509	0.8533	6.098381	25.64398
93	14.39862	3.1994069	0.8563	6.098356	25.64443
94	14.39869	3.1987975	0.8534	6.098552	25.63900
95	14.39869	3.1987602	0.8595	6.098564	25.63866
96	14.39869	3.1991954	0.8534	6.098420	25.64252
97	14.39894	3.1987975	0.8444	6.098526	25.63883
98	14.39894	3.1968763	0.8444	6.099164	25.62182
99	14.39894	3.1968514	0.8444	6.099173	25.62160
100	14.39862	3.1975788	0.8504	6.098963	25.62825
101	14.39894	3.1969384	0.8505	6.099144	25.62237
102	14.39982	3.1948374	0.8594	6.099752	25.60318
103	14.40096	3.1933459	0.8534	6.100131	25.58922
104	14.40090	3.1925878	0.8624	6.100390	25.58255
105	14.40563	3.1896679	0.8535	6.100877	25.55359
106	14.41840	3.1861404	0.8504	6.100748	25.51398
107	14.44577	3.1887234	0.8473	6.097104	25.51884
108	14.47595	3.1912760	0.8414	6.093189	25.52159
109	14.50268	3.1921269	0.8474	6.090192	25.51157
110	14.52074	3.1929780	0.8565	6.088078	25.50723
111	14.53246	3.1937112	0.8655	6.086645	25.50601
112	14.53779	3.1920955	0.8595	6.086638	25.48827
113	14.53544	3.1905983	0.8535	6.087370	25.47660
114	14.53754	3.1907908	0.8534	6.087094	25.47693
115	14.54413	3.1907908	0.8595	6.086425	25.47261
116	14.54457	3.1913996	0.8597	6.086179	25.47769
117	14.54204	3.1921887	0.8595	6.086176	25.48631
118	14.53728	3.1920023	0.8535	6.086720	25.48778
119	14.53202	3.1921266	0.8414	6.087213	25.49233
120	14.53005	3.1921888	0.8473	6.087392	25.49416
121	14.52923	3.1923379	0.8536	6.087427	25.49602
122	14.52841	3.1935807	0.8566	6.087100	25.50752
123	14.52841	3.1924001	0.8444	6.087490	25.49711
124	14.52536	3.1922199	0.8444	6.087858	25.49751
125	14.52213	3.1925244	0.8475	6.088086	25.50232
126	14.52042	3.1923380	0.8445	6.088321	25.50180
127	14.51820	3.1926736	0.8505	6.088435	25.50621
128	14.51655	3.1919777	0.8475	6.088832	25.50115
129	14.51535	3.1903935	0.8535	6.089478	25.48795
130	14.51338	3.1890208	0.8507	6.090131	25.47713
131	14.51167	3.1873875	0.8597	6.090844	25.46383
132	14.51148	3.1856552	0.8535	6.091436	25.44867
133	14.51326	3.1826819	0.8535	6.092238	25.42127
134	14.51617	3.1808326	0.8475	6.092552	25.40305
135	14.51896	3.1796786	0.8446	6.092650	25.39105
136	14.52004	3.1774702	0.8506	6.093269	25.37087
137	14.52137	3.1740782	0.8536	6.094254	25.34008
138	14.52416	3.1715739	0.8596	6.094797	25.31618
139	14.52758	3.1691260	0.8536	6.095257	25.29238
140	14.53151	3.1664435	0.8507	6.095742	25.26618
141	14.53494	3.1633099	0.8535	6.096427	25.23635
142	14.53754	3.1593357	0.8566	6.097474	25.19965
143	14.54109	3.1569038	0.8536	6.097914	25.17593
144	14.54667	3.1504162	0.8415	6.099484	25.11520
145	14.55111	3.1449962	0.8445	6.100819	25.06463
146	14.55529	3.1409628	0.8475	6.101721	25.02645
147	14.55910	3.1344075	0.8535	6.103493	24.96634
148	14.56177	3.1222613	0.8536	6.107225	24.85785
149	14.56469	3.1175494	0.8506	6.108480	24.81458
150	14.56881	3.1128710	0.8475	6.109598	24.77086
151	14.57262	3.1109449	0.8445	6.109842	24.75152
152	14.57395	3.1110372	0.8507	6.109675	24.75148
153	14.57395	3.1035713	0.8537	6.112136	24.68593
154	14.57370	3.0943376	0.8566	6.115205	24.60504
155	14.57560	3.0945954	0.8536	6.114924	24.60610
156	14.57795	3.0976231	0.8506	6.113684	24.63119
157	14.57884	3.1039340	0.8538	6.111513	24.68601
158	14.57922	3.1034238	0.8597	6.111642	24.68129
159	14.57947	3.1018810	0.8568	6.112125	24.66759
160	14.57820	3.1024219	0.8597	6.112077	24.67314
161	14.57706	3.1046041	0.8507	6.111475	24.69302
162	14.57586	3.1065470	0.8508	6.110959	24.71084
163	14.57465	3.1034791	0.8507	6.112094	24.68468
164	14.57357	3.1030120	0.8508	6.112359	24.68126
165	14.57357	3.1038111	0.8477	6.112096	24.68827
166	14.57370	3.1038971	0.8536	6.112054	24.68895
167	14.57287	3.1054587	0.8537	6.111624	24.70318
168	14.57173	3.1054280	0.8569	6.111752	24.70364
169	14.57078	3.1055448	0.8568	6.111811	24.70526
170	14.57046	3.1069345	0.8538	6.111386	24.71767
171	14.57033	3.1110988	0.8567	6.110026	24.75432
172	14.56938	3.1069529	0.8537	6.111491	24.71852
173	14.56868	3.1036882	0.8537	6.112639	24.69029
174	14.56646	3.1034792	0.8477	6.112936	24.68987
175	14.56430	3.1076110	0.8508	6.111796	24.72752
176	14.56284	3.1147051	0.8537	6.109606	24.79076
177	14.56215	3.1086443	0.8508	6.111677	24.73797
178	14.56151	3.1012298	0.8508	6.114187	24.67325
179	14.55942	3.1004494	0.8477	6.114660	24.66773
180	14.55732	3.1013036	0.8508	6.114594	24.67655
181	14.55587	3.1066456	0.8569	6.112982	24.72440
182	14.55510	3.1002712	0.8478	6.115163	24.66890
183	14.55510	3.0939755	0.8447	6.117240	24.61362
184	14.55288	3.0928766	0.8477	6.117832	24.60537
185	14.55047	3.0953019	0.8537	6.117280	24.62819
186	14.54857	3.1025328	0.8569	6.115090	24.69290
187	14.54692	3.1113636	0.8508	6.112345	24.77154
188	14.54692	3.1112467	0.8508	6.112383	24.77051
189	14.54698	3.1086752	0.8508	6.113225	24.74787
190	14.54559	3.1063628	0.8540	6.114132	24.72844
191	14.54274	3.1083493	0.8599	6.113770	24.74771
192	14.54026	3.1094134	0.8538	6.113673	24.75863
193	14.53931	3.1076113	0.8538	6.114366	24.74340
194	14.53792	3.1087614	0.8477	6.114130	24.75440
195	14.53690	3.1103608	0.8508	6.113706	24.76910
196	14.53658	3.1110991	0.8510	6.113495	24.77579
197	14.53601	3.1126928	0.8630	6.113027	24.79016
198	14.53519	3.1217255	0.8752	6.110130	24.87011
199	14.53481	3.1233583	0.8720	6.109629	24.88471
200	14.53475	3.1195942	0.8660	6.110879	24.85165
201	14.53398	3.1197729	0.8568	6.110898	24.85371
202	14.53348	3.1209863	0.8540	6.110549	24.86471
203	14.53246	3.1235123	0.8540	6.109819	24.88757
204	14.53094	3.1282954	0.8478	6.108396	24.93063
205	14.53024	3.1312123	0.8418	6.107504	24.95674
206	14.53100	3.1317057	0.8508	6.107263	24.96059
207	14.53145	3.1308792	0.8540	6.107490	24.95304
208	14.53050	3.1324274	0.8630	6.107077	24.96727
209	14.52917	3.1341302	0.8691	6.106651	24.98310
210	14.52955	3.1339389	0.8631	6.106675	24.98118
211	14.52993	3.1331739	0.8571	6.106889	24.97420
212	14.52980	3.1318969	0.8510	6.107323	24.96305
213	14.52910	3.1317181	0.8479	6.107454	24.96192
214	14.52898	3.1323041	0.8509	6.107273	24.96716
215	14.52815	3.1329641	0.8570	6.107140	24.97350
216	14.52701	3.1344264	0.8601	6.106774	24.98710
217	14.52600	3.1392899	0.8541	6.105271	25.03056
218	14.52543	3.1424762	0.8572	6.104277	25.05898
219	14.52543	3.1417660	0.8509	6.104512	25.05273
220	14.52524	3.1398579	0.8601	6.105162	25.03605
221	14.52365	3.1380923	0.8601	6.105907	25.02153
222	14.52137	3.1378701	0.8570	6.106214	25.02104
223	14.52004	3.1403643	0.8572	6.105526	25.04386
224	14.52042	3.1422786	0.8601	6.104855	25.06047
225	14.52194	3.1439216	0.8571	6.104157	25.07396
226	14.52264	3.1441501	0.8662	6.104010	25.07552
227	14.52289	3.1465844	0.8663	6.103180	25.09679
228	14.52371	3.1525495	0.8723	6.101125	25.14880
229	14.52454	3.1527598	0.8602	6.100972	25.15013
230	14.52384	3.1528463	0.8571	6.101014	25.15134
231	14.52213	3.1530010	0.8542	6.101138	25.15381
232	14.52010	3.1518261	0.8510	6.101733	25.14477
233	14.51807	3.1507812	0.8511	6.102286	25.13688
234	14.51687	3.1515293	0.8542	6.102162	25.14425
235	14.51573	3.1528773	0.8542	6.101833	25.15686
236	14.51522	3.1540462	0.8572	6.101498	25.16749
237	14.51674	3.1548317	0.8603	6.101084	25.17342
238	14.51877	3.1550420	0.8662	6.100807	25.17396
239	14.52112	3.1543492	0.8723	6.100796	25.16634
240	14.52327	3.1562358	0.8662	6.099953	25.18157
241	14.52352	3.1590635	0.8603	6.098993	25.20632
242	14.52245	3.1589769	0.8572	6.099132	25.20626
243	14.52029	3.1584942	0.8451	6.099511	25.20341
244	14.51845	3.1551286	0.8542	6.100811	25.17493
245	14.51750	3.1483519	0.8512	6.103147	25.11584
246	14.51750	3.1469120	0.8542	6.103622	25.10316
247	14.51845	3.1550667	0.8633	6.100831	25.17439
248	14.52036	3.1585871	0.8664	6.099474	25.20418
249	14.52346	3.1572010	0.8695	6.099615	25.18995
250	14.52581	3.1572195	0.8603	6.099369	25.18860
251	14.52543	3.1578940	0.8573	6.099185	25.19479
252	14.52530	3.1581662	0.8603	6.099108	25.19727
253	14.52479	3.1575351	0.8573	6.099369	25.19204
254	14.52257	3.1568731	0.8482	6.099814	25.18764
255	14.52036	3.1562049	0.8512	6.100261	25.18319
256	14.51934	3.1575042	0.8543	6.099935	25.19529
257	14.51871	3.1541389	0.8603	6.101112	25.16605
258	14.51902	3.1514984	0.8604	6.101952	25.14258
259	14.51966	3.1522156	0.8573	6.101650	25.14849
260	14.51978	3.1527784	0.8634	6.101451	25.15336
261	14.52086	3.1525186	0.8604	6.101427	25.15038
262	14.52289	3.1520672	0.8635	6.101369	25.14509
263	14.52232	3.1522775	0.8543	6.101358	25.14731
264	14.52023	3.1526547	0.8543	6.101447	25.15199
265	14.51953	3.1530257	0.8543	6.101395	25.15571
266	14.51890	3.1539905	0.8575	6.101141	25.16462
267	14.51839	3.1532051	0.8635	6.101453	25.15802
268	14.51833	3.1554008	0.8604	6.100734	25.17741
269	14.51807	3.1570587	0.8605	6.100212	25.19219
270	14.51915	3.1577455	0.8635	6.099875	25.19754
271	14.51890	3.1584324	0.8514	6.099674	25.20376
272	14.51624	3.1605676	0.8483	6.099240	25.22431
273	14.51307	3.1622266	0.8574	6.099015	25.24098
274	14.51180	3.1624247	0.8513	6.099079	25.24355
275	14.51129	3.1631553	0.8605	6.098890	25.25032
276	14.51053	3.1633968	0.8605	6.098887	25.25294
277	14.51072	3.1622576	0.8665	6.099245	25.24278
278	14.51218	3.1660535	0.8636	6.097842	25.27530
279	14.51250	3.1677074	0.8605	6.097263	25.28968
280	14.51307	3.1671313	0.8605	6.097395	25.28423
281	14.51047	3.1667163	0.8485	6.097797	25.28226
282	14.50762	3.1662332	0.8514	6.098247	25.27985
283	14.50616	3.1671066	0.8575	6.098107	25.28850
284	14.50534	3.1652670	0.8544	6.098799	25.27281
285	14.50521	3.1637003	0.8574	6.099330	25.25908
286	14.50572	3.1652670	0.8605	6.098761	25.27256
287	14.50578	3.1668340	0.8605	6.098236	25.28634
288	14.50603	3.1670756	0.8696	6.098131	25.28830
289	14.50743	3.1669827	0.8697	6.098019	25.28658
290	14.50819	3.1678623	0.8575	6.097651	25.29384
291	14.50711	3.1677694	0.8545	6.097791	25.29373
292	14.50578	3.1676517	0.8515	6.097966	25.29355
293	14.50369	3.1675588	0.8545	6.098210	25.29409
294	14.50242	3.1686430	0.8637	6.097981	25.30448
295	14.50204	3.1671686	0.8576	6.098507	25.29172
296	14.50306	3.1662952	0.8545	6.098692	25.28336
297	14.50413	3.1666234	0.8666	6.098474	25.28555
298	14.50470	3.1673172	0.8727	6.098186	25.29130
299	14.50445	3.1687979	0.8667	6.097723	25.30452
300	14.50369	3.1693679	0.8545	6.097612	25.31005
301	14.50344	3.1700000	0.8546	6.097429	25.31579
302	14.50299	3.1701921	0.8577	6.097410	25.31777
303	14.50261	3.1700310	0.8516	6.097502	25.31660
304	14.50268	3.1705763	0.8576	6.097316	25.32137
305	14.50287	3.1711217	0.8545	6.097116	25.32606
306	14.50350	3.1703966	0.8516	6.097291	25.31925
307	14.50445	3.1692812	0.8547	6.097563	25.30879
308	14.50578	3.1694918	0.8606	6.097358	25.30978
309	14.50654	3.1704275	0.8637	6.096971	25.31754
310	14.50648	3.1715121	0.8547	6.096619	25.32715
311	14.50489	3.1716609	0.8547	6.096731	25.32949
312	14.50401	3.1707870	0.8608	6.097110	25.32236
313	14.50420	3.1720266	0.8638	6.096681	25.33317
314	14.50458	3.1722621	0.8698	6.096565	25.33500
315	14.50515	3.1715121	0.8668	6.096755	25.32801
316	14.50559	3.1722373	0.8639	6.096470	25.33412
317	14.50553	3.1735080	0.8608	6.096056	25.34537
318	14.50489	3.1741714	0.8578	6.095901	25.35164
319	14.50407	3.1727518	0.8578	6.096454	25.33965
320	14.50432	3.1685315	0.8578	6.097824	25.30226
321	14.50458	3.1664438	0.8639	6.098488	25.28368
322	14.50508	3.1665925	0.8700	6.098387	25.28466
323	14.50502	3.1685562	0.8670	6.097744	25.30202
324	14.50477	3.1717848	0.8608	6.096703	25.33067
325	14.50464	3.1705763	0.8578	6.097115	25.32009
326	14.50445	3.1671004	0.8549	6.098284	25.28956
327	14.50464	3.1660784	0.8639	6.098602	25.28042
328	14.50439	3.1681288	0.8639	6.097950	25.29866
329	14.50451	3.1722683	0.8580	6.096569	25.33510
330	14.50458	3.1721195	0.8518	6.096612	25.33375
331	14.50470	3.1718778	0.8578	6.096679	25.33153
332	14.50470	3.1717228	0.8609	6.096730	25.33016
333	14.50483	3.1724480	0.8579	6.096477	25.33648
334	14.50496	3.1728448	0.8670	6.096333	25.33989
335	14.50508	3.1728138	0.8669	6.096331	25.33954
336	14.50540	3.1723303	0.8669	6.096458	25.33506
337	14.50565	3.1724170	0.8762	6.096404	25.33566
338	14.50584	3.1734089	0.8700	6.096057	25.34429
339	14.50591	3.1735700	0.8640	6.095997	25.34567
340	14.50654	3.1734460	0.8580	6.095973	25.34417
341	14.50724	3.1724790	0.8549	6.096222	25.33518
342	14.50743	3.1713633	0.8550	6.096571	25.32522
343	14.50755	3.1707560	0.8610	6.096759	25.31978
344	14.50736	3.1706692	0.8550	6.096807	25.31914
345	14.50730	3.1698822	0.8549	6.097074	25.31224
346	14.50724	3.1670446	0.8611	6.098018	25.28725
347	14.50679	3.1661712	0.8640	6.098352	25.27984
348	14.50654	3.1664438	0.8670	6.098288	25.28240
349	14.50610	3.1674101	0.8701	6.098014	25.29121
350	14.50591	3.1682155	0.8730	6.097767	25.29844
351	14.50584	3.1685872	0.8672	6.097650	25.30176
352	14.50553	3.1693060	0.8702	6.097445	25.30830
353	14.50534	3.1697893	0.8641	6.097305	25.31269
354	14.50515	3.1689466	0.8611	6.097602	25.30538
355	14.50496	3.1674101	0.8641	6.098130	25.29196
356	14.50458	3.1658616	0.8672	6.098680	25.27854
357	14.50439	3.1652051	0.8671	6.098917	25.27288
358	14.50407	3.1658987	0.8702	6.098720	25.27920
359	14.50369	3.1675278	0.8582	6.098220	25.29382
360	14.50350	3.1675588	0.8520	6.098229	25.29422
361	14.50306	3.1653166	0.8520	6.099015	25.27473
362	14.50255	3.1650874	0.8521	6.099143	25.27304
363	14.50160	3.1652670	0.8581	6.099181	25.27524
364	14.50040	3.1655705	0.8611	6.099203	25.27870
365	14.49938	3.1663819	0.8643	6.099038	25.28651
366	14.49888	3.1664129	0.8642	6.099080	25.28711
367	14.49850	3.1663695	0.8611	6.099133	25.28698
368	14.49812	3.1664129	0.8672	6.099157	25.28761
369	14.49786	3.1663510	0.8641	6.099203	25.28723
370	14.49748	3.1662333	0.8583	6.099281	25.28644
371	14.49710	3.1661713	0.8642	6.099340	25.28614
372	14.49672	3.1662085	0.8581	6.099367	25.28671
373	14.49622	3.1663200	0.8612	6.099382	25.28803
374	14.49571	3.1662952	0.8550	6.099441	25.28814
375	14.49546	3.1659917	0.8582	6.099568	25.28563
376	14.49527	3.1658988	0.8581	6.099618	25.28493
377	14.49514	3.1656263	0.8671	6.099721	25.28260
378	14.49501	3.1655086	0.8582	6.099773	25.28165
379	14.49489	3.1653910	0.8582	6.099825	25.28070
380	14.49476	3.1652671	0.8644	6.099878	25.27968
381	14.49444	3.1650565	0.8552	6.099980	25.27804
382	14.49413	3.1643939	0.8552	6.100232	25.27240
383	14.49375	3.1639852	0.8553	6.100406	25.26904
384	14.49261	3.1642453	0.8642	6.100436	25.27207
385	14.48906	3.1646355	0.8613	6.100669	25.27782
386	14.48146	3.1647842	0.8643	6.101395	25.28407
387	14.47209	3.1647533	0.8643	6.102362	25.28989
388	14.46380	3.1647224	0.8674	6.103219	25.29501
389	14.45703	3.1649083	0.8704	6.103849	25.30106
390	14.45286	3.1648154	0.8674	6.104306	25.30296
391	14.45355	3.1645430	0.8553	6.104325	25.30010
392	14.45640	3.1644562	0.8553	6.104063	25.29748
393	14.45773	3.1638246	0.8432	6.104136	25.29104
394	14.45608	3.1638556	0.8553	6.104294	25.29238
395	14.45254	3.1633417	0.8523	6.104826	25.29015
396	14.44691	3.1635213	0.8553	6.105342	25.29540
397	14.43762	3.1641840	0.8583	6.106072	25.30731
398	14.42396	3.1655403	0.8614	6.107018	25.32819
399	14.40665	3.1668350	0.8705	6.108358	25.35093
400	14.38953	3.1674547	0.8704	6.109902	25.36759
401	14.37772	3.1678017	0.8645	6.110994	25.37838
402	14.37065	3.1685576	0.8675	6.111466	25.38969
403	14.36453	3.1690658	0.8615	6.111923	25.39819
404	14.35778	3.1697908	0.8614	6.112372	25.40903
405	14.35109	3.1710303	0.8554	6.112643	25.42439
406	14.34403	3.1729332	0.8524	6.112732	25.44588
407	14.33703	3.1755930	0.8585	6.112561	25.47403
408	14.33016	3.1791036	0.8614	6.112094	25.50966
409	14.32404	3.1818957	0.8645	6.111787	25.53844
410	14.31938	3.1817096	0.8675	6.112326	25.53986
411	14.31749	3.1773173	0.8675	6.113985	25.50216
412	14.31862	3.1733488	0.8584	6.115193	25.46623
413	14.31995	3.1726297	0.8556	6.115297	25.45899
414	14.31989	3.1778631	0.8586	6.113558	25.50542
415	14.31875	3.1835031	0.8554	6.111792	25.55618
416	14.31591	3.1833790	0.8585	6.112123	25.55695
417	14.31365	3.1802266	0.8616	6.113407	25.53049
418	14.31358	3.1812256	0.8524	6.113080	25.53939
419	14.31428	3.1864954	0.8555	6.111251	25.58567
420	14.31295	3.1879609	0.8646	6.110897	25.59955
421	14.31006	3.1879609	0.8646	6.111193	25.60146
422	14.30766	3.1870543	0.8555	6.111740	25.59500
423	14.30722	3.1872344	0.8525	6.111725	25.59689
424	14.30760	3.1893335	0.8675	6.110986	25.61526
425	14.30684	3.1893024	0.8555	6.111073	25.61549
426	14.30508	3.1886006	0.8586	6.111488	25.61043
427	14.30363	3.1889298	0.8556	6.111526	25.61430
428	14.30294	3.1899112	0.8585	6.111269	25.62347
429	14.30168	3.1896627	0.8647	6.111481	25.62210
430	14.29909	3.1880852	0.8647	6.112271	25.60980
431	14.29790	3.1868992	0.8617	6.112789	25.60007
432	14.29872	3.1865949	0.8495	6.112807	25.59683
433	14.29941	3.1888118	0.8496	6.111996	25.61605
434	14.29714	3.1935272	0.8616	6.110653	25.65940
435	14.29009	3.1961874	0.8707	6.110485	25.68769
436	14.28197	3.1943228	0.8708	6.111937	25.67651
437	14.27901	3.1910047	0.8768	6.113348	25.64900
438	14.27920	3.1911849	0.8709	6.113268	25.65048
439	14.27756	3.1961813	0.8678	6.111765	25.69594
440	14.27114	3.1966973	0.8648	6.112248	25.70478
441	14.26044	3.1965171	0.8617	6.113400	25.71028
442	14.25308	3.1972757	0.8557	6.113898	25.72191
443	14.24937	3.1977979	0.8496	6.114102	25.72902
444	14.24258	3.1986809	0.8466	6.114500	25.74138
445	14.22535	3.2018903	0.8496	6.115184	25.78139
446	14.20022	3.2036573	0.8648	6.117158	25.81386
447	14.17912	3.2044167	0.8617	6.119058	25.83471
448	14.16663	3.2046346	0.8618	6.120261	25.84499
449	14.16130	3.2033529	0.8709	6.121237	25.83713
450	14.16306	3.2005723	0.8649	6.121992	25.81117
451	14.16965	3.1975501	0.8709	6.122334	25.77985
452	14.17303	3.1950511	0.8648	6.122827	25.75533
453	14.16939	3.1938951	0.8679	6.123588	25.74746
454	14.16293	3.1934416	0.8648	6.124402	25.74772
455	14.15722	3.1932303	0.8648	6.125058	25.74964
456	14.15308	3.1927395	0.8618	6.125647	25.74802
457	14.15396	3.1925282	0.8618	6.125628	25.74556
458	14.16143	3.1925903	0.8649	6.124842	25.74114
459	14.17065	3.1933793	0.8588	6.123632	25.74203
460	14.17686	3.1939572	0.8649	6.122802	25.74304
461	14.17900	3.1937459	0.8679	6.122655	25.73974
462	14.17925	3.1926460	0.8679	6.122999	25.72978
463	14.18101	3.1920992	0.8709	6.123002	25.72374
464	14.18490	3.1922048	0.8589	6.122568	25.72210
465	14.18835	3.1937769	0.8649	6.121687	25.73380
466	14.18892	3.1984639	0.8679	6.120056	25.77515
467	14.18458	3.2000807	0.8589	6.119956	25.79244
468	14.17969	3.1992599	0.8679	6.120732	25.78839
469	14.17850	3.2004788	0.8680	6.120445	25.80004
470	14.17787	3.2016420	0.8650	6.120118	25.81082
471	14.17485	3.2016109	0.8649	6.120437	25.81256
472	14.17178	3.2007526	0.8650	6.121040	25.80696
473	14.17052	3.1987128	0.8590	6.121853	25.78963
474	14.17228	3.1953867	0.8559	6.122791	25.75883
475	14.17454	3.1945352	0.8529	6.122846	25.74974
476	14.17554	3.1970962	0.8559	6.121883	25.77188
477	14.17542	3.2006965	0.8589	6.120686	25.80404
478	14.17266	3.2027057	0.8650	6.120294	25.82378
479	14.16714	3.2010574	0.8741	6.121412	25.81277
480	14.16387	3.1975501	0.8650	6.122924	25.78370
481	14.16431	3.1964560	0.8589	6.123247	25.77366
482	14.16525	3.1977056	0.8680	6.122731	25.78416
483	14.16463	3.1999939	0.8620	6.122026	25.80497
484	14.16237	3.2004044	0.8620	6.122119	25.81014
485	14.16117	3.1984082	0.8589	6.122912	25.79315
486	14.16193	3.1988932	0.8590	6.122672	25.79697
487	14.16299	3.2024010	0.8650	6.121384	25.82751
488	14.16092	3.2136622	0.9257	6.117811	25.92927
489	14.14330	3.2161171	1.0225	6.118786	25.96296
490	14.11590	3.2190963	1.1589	6.120580	26.00792
491	14.08659	3.2216465	1.3284	6.122715	26.05039
492	14.06156	3.2215221	1.4798	6.125316	26.06612
493	14.04085	3.2246342	1.6312	6.126382	26.10790
494	14.02198	3.2274043	1.7766	6.127375	26.14543
495	14.00473	3.2284840	1.9280	6.128774	26.16675
496	13.98618	3.2302692	2.0793	6.130066	26.19528
497	13.96272	3.2332659	2.2430	6.131451	26.23806
498	13.96328	3.2311371	2.3914	6.132118	26.21853
499	13.97482	3.2291024	2.5578	6.131629	26.19238
500	13.99955	3.2254334	2.7154	6.130347	26.14267
501	14.03835	3.2204193	2.8910	6.128078	26.07147
502	14.07726	3.2171964	3.1029	6.125191	26.01633
503	14.10638	3.2167911	3.3028	6.122356	25.99305
504	14.10450	3.2308551	3.5117	6.117810	26.11989
505	14.03654	3.2542082	3.7297	6.116849	26.37500
506	13.83262	3.2689011	3.9236	6.132620	26.64730
507	13.62924	3.2801153	4.1385	6.149536	26.89038
508	13.35387	3.2891074	4.3446	6.174638	27.16669
509	13.08321	3.2901161	4.5413	6.202182	27.36961
510	12.87238	3.2938655	4.7502	6.222693	27.55673
511	12.74302	3.3048663	4.9683	6.232182	27.75323
512	12.65164	3.3200052	5.1802	6.236211	27.96146
513	12.59177	3.3297631	5.3982	6.238895	28.09693
514	12.50304	3.3342299	5.6103	6.246493	28.20493
515	12.38334	3.3317360	5.8343	6.259877	28.27130
516	12.19130	3.3217894	6.0372	6.283648	28.32236
517	11.92851	3.3135251	6.2644	6.314429	28.44348
518	11.64158	3.3116061	6.4794	6.345616	28.64510
519	11.39004	3.3171560	6.7064	6.370349	28.89360
520	11.20908	3.3188734	6.9547	6.389091	29.05206
521	10.92119	3.3173189	7.2001	6.420744	29.26498
522	10.51186	3.3151292	7.4361	6.466122	29.57250
523	10.10762	3.3139423	7.6512	6.510976	29.89129
524	9.78400	3.3093960	7.8873	6.548703	30.11431
525	9.51770	3.3017354	8.1387	6.581661	30.26026
526	9.27055	3.2979812	8.3839	6.611042	30.43137
527	9.06629	3.2969077	8.6444	6.634588	30.59496
528	8.89837	3.2959597	8.8775	6.654060	30.72985
529	8.75461	3.2940053	9.1319	6.671300	30.83426
530	8.64156	3.2918436	9.3772	6.685183	30.91029
531	8.55101	3.2895376	9.6316	6.696593	30.96542
532	8.46897	3.2871756	9.8829	6.707080	31.01269
533	8.39167	3.2839096	10.1433	6.717457	31.04646
534	8.32289	3.2817437	10.4067	6.726377	31.08433
535	8.26827	3.2812734	10.6763	6.732906	31.12758
536	8.22418	3.2823729	10.9185	6.737510	31.17813
537	8.19152	3.2809290	11.1759	6.741954	31.19181
538	8.16916	3.2794539	11.4302	6.745225	31.19603
539	8.15072	3.2788891	11.6815	6.747627	31.20636
540	8.12891	3.2779165	11.9511	6.750607	31.21538
541	8.10712	3.2772578	12.1992	6.753444	31.22772
542	8.08731	3.2762853	12.4749	6.756197	31.23498
543	8.07323	3.2759717	12.7413	6.757984	31.24410
544	8.06176	3.2759719	13.0018	6.759322	31.25422
545	8.05029	3.2748427	13.2833	6.761181	31.25238
546	8.04251	3.2757841	13.5438	6.761658	31.26917
547	8.03371	3.2750940	13.8043	6.763004	31.26961
548	8.02455	3.2743789	14.0676	6.764406	31.27011
549	8.02066	3.2730302	14.3553	6.765486	31.25918
550	8.01416	3.2724595	14.6278	6.766512	31.25883
551	8.00175	3.2714310	14.9002	6.768438	31.25890
552	7.98423	3.2706849	15.1607	6.770830	31.26653
553	7.95996	3.2679325	15.4150	6.774939	31.25895
554	7.92619	3.2651247	15.6846	6.780189	31.25925
555	7.89145	3.2627188	15.9569	6.785376	31.26468
556	7.85163	3.2609088	16.2174	6.790885	31.28099
557	7.80735	3.2596002	16.4869	6.796693	31.30665
558	7.76625	3.2586049	16.7473	6.801988	31.33285
559	7.73820	3.2592942	17.0076	6.804967	31.36531
560	7.71640	3.2582987	17.2652	6.808000	31.37420
561	7.70001	3.2561450	17.5708	6.810945	31.36584
562	7.68796	3.2557759	17.8585	6.812543	31.37263
563	7.67238	3.2563333	18.1249	6.814121	31.39251
564	7.64914	3.2544994	18.3944	6.817727	31.39375
565	7.62835	3.2528849	18.6700	6.820945	31.39513
566	7.60994	3.2521968	18.9303	6.823447	31.40427
567	7.59259	3.2509894	19.2151	6.826070	31.40690
568	7.57509	3.2500887	19.4906	6.828569	31.41294
569	7.55828	3.2497136	19.7570	6.830738	31.42400
570	7.54422	3.2493760	20.0264	6.832566	31.43298
571	7.52785	3.2471683	20.2990	6.835554	31.42400
572	7.50543	3.2455302	20.5745	6.838991	31.42660
573	7.48187	3.2458056	20.8289	6.841657	31.45078
574	7.46132	3.2458309	21.0711	6.844086	31.46957
575	7.44141	3.2454685	21.3132	6.846625	31.48364
576	7.42114	3.2438870	21.5586	6.849789	31.48493
577	7.40125	3.2423683	21.8220	6.852881	31.48655
578	7.38399	3.2421497	22.0734	6.855041	31.49977
579	7.36569	3.2410688	22.3306	6.857739	31.50465
580	7.34483	3.2407253	22.5759	6.860390	31.51982
581	7.32587	3.2399882	22.8363	6.863006	31.52903
582	7.30911	3.2387763	23.0935	6.865588	31.53111
583	7.29399	3.2371397	23.3571	6.868181	31.52712
584	7.27682	3.2359969	23.6114	6.870782	31.53031
585	7.25428	3.2344547	23.8750	6.874219	31.53409
586	7.22564	3.2330314	24.1231	6.878331	31.54473
587	7.20089	3.2314584	24.3835	6.882055	31.55021
588	7.18288	3.2303414	24.6439	6.884754	31.55446
589	7.16456	3.2296426	24.8983	6.887290	31.56352
590	7.14985	3.2294868	25.1314	6.889132	31.57518
591	7.13995	3.2290876	25.3615	6.890517	31.57981
592	7.13275	3.2280081	25.6067	6.891907	31.57459
593	7.12707	3.2276089	25.8430	6.892787	31.57535
594	7.11998	3.2267106	26.0854	6.894077	31.57199
595	7.11081	3.2260994	26.3275	6.895479	31.57365
596	7.10165	3.2249268	26.5636	6.897153	31.56922
597	7.09404	3.2245901	26.8028	6.898234	31.57242
598	7.08805	3.2241599	27.0480	6.899167	31.57312
599	7.08482	3.2237920	27.2873	6.899738	31.57198
600	7.08238	3.2241601	27.5448	6.899859	31.57809
601	7.08035	3.2234492	27.7958	6.900453	31.57212
602	7.07535	3.2208054	28.0744	6.902344	31.54789
603	7.05870	3.2207122	28.3228	6.904397	31.56201
604	7.03648	3.2201015	28.5529	6.907371	31.57562
605	7.01543	3.2189610	28.7951	6.910467	31.58242
606	7.00119	3.2176461	29.0404	6.912829	31.58108
607	6.98415	3.2162629	29.2825	6.915563	31.58156
608	6.96452	3.2158644	29.5217	6.918130	31.59513
609	6.94495	3.2152229	29.7549	6.920810	31.60601
610	6.92856	3.2143011	29.9940	6.923246	31.61092
611	6.91606	3.2132299	30.2364	6.925286	31.61063
612	6.90481	3.2129560	30.4726	6.926785	31.61788
613	6.89035	3.2120344	30.7117	6.928991	31.62102
614	6.87450	3.2111129	30.9540	6.931367	31.62545
615	6.86041	3.2105652	31.1873	6.933346	31.63234
616	6.84907	3.2101046	31.4324	6.934951	31.63764
617	6.84079	3.2101670	31.6655	6.935928	31.64584
618	6.83370	3.2098558	31.8895	6.936945	31.64887
619	6.82635	3.2090030	32.1349	6.938261	31.64622
620	6.82164	3.2087541	32.3711	6.938959	31.64773
621	6.81994	3.2083619	32.6134	6.939364	31.64490
622	6.81761	3.2079948	32.8676	6.939833	31.64292
623	6.81487	3.2074408	33.1251	6.940444	31.63928
624	6.81430	3.2075654	33.3703	6.940456	31.64105
625	6.81306	3.2072605	33.6156	6.940762	31.63874
626	6.80892	3.2068498	33.8729	6.941472	31.63795
627	6.80457	3.2068313	34.1090	6.942013	31.64164
628	6.79971	3.2062214	34.3544	6.942909	31.63934
629	6.79496	3.2049644	34.5875	6.944111	31.62988
630	6.78467	3.2031602	34.8448	6.946257	31.61952
631	6.77092	3.2024014	35.0871	6.948307	31.62378
632	6.75775	3.2021839	35.3354	6.950021	31.63344
633	6.74923	3.2021218	35.5806	6.951093	31.64050
634	6.74417	3.2014813	35.8318	6.952030	31.63805
635	6.74251	3.2018795	36.0620	6.952039	31.64382
636	6.74019	3.2019107	36.3073	6.952312	31.64619
637	6.73735	3.2010088	36.5466	6.953109	31.63883
638	6.73565	3.2008099	36.7948	6.953420	31.63811
639	6.73467	3.2005985	37.0370	6.953649	31.63658
640	6.73250	3.2004493	37.2824	6.953992	31.63684
641	6.72930	3.2002629	37.5216	6.954478	31.63764
642	6.72481	3.1995913	37.7668	6.955363	31.63431
643	6.72057	3.1990753	38.0152	6.956139	31.63245
644	6.71541	3.1977945	38.2906	6.957408	31.62306
645	6.71051	3.1969678	38.6026	6.958421	31.61838
646	6.70427	3.1977326	38.8509	6.958808	31.63241
647	6.69700	3.1980499	39.0870	6.959542	31.64249
648	6.68993	3.1975215	39.3353	6.960671	31.64311
649	6.68596	3.1971548	39.5777	6.961342	31.64264
650	6.68385	3.1970306	39.8168	6.961666	31.64312
651	6.68065	3.1966950	40.0561	6.962228	31.64228
652	6.67616	3.1959367	40.2983	6.963156	31.63800
653	6.67024	3.1954147	40.5433	6.964144	31.63764
654	6.66467	3.1948989	40.7948	6.965085	31.63701
655	6.65828	3.1944764	41.0400	6.966080	31.63816
656	6.65235	3.1944144	41.2823	6.966839	31.64284
657	6.64679	3.1941287	41.5154	6.967666	31.64474
658	6.64128	3.1937746	41.7668	6.968520	31.64583
659	6.63602	3.1936815	42.0181	6.969213	31.64955
660	6.63056	3.1939240	42.2635	6.969765	31.65714
661	6.62706	3.1935885	42.5026	6.970365	31.65659
662	6.62624	3.1934394	42.7540	6.970545	31.65560
663	6.62675	3.1932841	42.9962	6.970564	31.65330
664	6.62675	3.1933153	43.2475	6.970554	31.65353
665	6.62624	3.1933216	43.4898	6.970619	31.65396
666	6.62526	3.1932595	43.7229	6.970775	31.65407
667	6.62444	3.1931664	43.9681	6.970927	31.65369
668	6.62372	3.1927688	44.2196	6.971218	31.64988
669	6.62263	3.1927067	44.4617	6.971387	31.65008
670	6.62145	3.1926198	44.7071	6.971580	31.65011
671	6.61996	3.1921912	44.9553	6.971981	31.64667
672	6.61769	3.1917936	45.2066	6.972461	31.64428
673	6.61496	3.1917689	45.4489	6.972812	31.64642
674	6.61090	3.1917814	45.6912	6.973309	31.65020
675	6.60575	3.1916759	45.9273	6.973995	31.65369
676	6.60117	3.1912163	46.1785	6.974790	31.65276
677	6.59736	3.1909431	46.4330	6.975398	31.65317
678	6.59356	3.1909183	46.6692	6.975881	31.65631
679	6.58913	3.1909185	46.8993	6.976427	31.66029
680	6.58445	3.1906142	47.1415	6.977157	31.66117
681	6.58116	3.1902478	47.3840	6.977748	31.66008
682	6.57874	3.1898503	47.6321	6.978247	31.65783
683	6.57581	3.1894094	47.8744	6.978831	31.65558
684	6.57036	3.1885462	48.1256	6.979935	31.65102
685	6.56187	3.1873292	48.3952	6.981588	31.64537
686	6.55298	3.1867208	48.6466	6.982988	31.64680
687	6.54173	3.1862678	48.9039	6.984599	31.65211
688	6.52996	3.1861438	49.1523	6.986109	31.66153
689	6.51953	3.1858708	49.4006	6.987530	31.66807
690	6.51183	3.1859765	49.6489	6.988428	31.67626
691	6.50731	3.1858710	49.8942	6.989040	31.67917
692	6.50320	3.1858712	50.1363	6.989549	31.68287
693	6.50187	3.1865729	50.3817	6.989367	31.69172
694	6.50110	3.1869331	50.6270	6.989286	31.69628
695	6.50100	3.1868773	50.8721	6.989332	31.69565
696	6.50089	3.1869332	51.1115	6.989321	31.69625
697	6.50002	3.1869333	51.3567	6.989434	31.69694
698	6.49699	3.1863994	51.5959	6.990078	31.69376
699	6.49078	3.1851454	51.8351	6.991475	31.68560
700	6.47908	3.1836868	52.0774	6.993649	31.68027
701	6.46508	3.1822347	52.3226	6.996104	31.67715
702	6.44882	3.1802059	52.5770	6.999129	31.66974
703	6.42801	3.1788413	52.8163	7.002382	31.67390
704	6.40869	3.1782647	53.0586	7.005056	31.68536
705	6.39435	3.1779485	53.3007	7.006988	31.69508
706	6.38555	3.1778433	53.5401	7.008131	31.70199
707	6.37910	3.1776325	53.7821	7.009038	31.70555
708	6.37424	3.1774776	54.0244	7.009721	31.70824
709	6.37086	3.1773288	54.2667	7.010218	31.70962
710	6.36871	3.1772359	54.5121	7.010535	31.71048
711	6.36728	3.1769941	54.7604	7.010839	31.70902
712	6.36682	3.1771802	55.0055	7.010807	31.71139
713	6.36646	3.1773912	55.2538	7.010750	31.71394
714	6.36451	3.1775401	55.5023	7.010920	31.71728
715	6.36231	3.1773294	55.7474	7.011303	31.71688
716	6.36175	3.1779311	55.9868	7.011074	31.72394
717	6.36328	3.1786011	56.2351	7.010551	31.72980
718	6.36589	3.1788120	56.4803	7.010128	31.72958
719	6.36722	3.1785392	56.7286	7.010108	31.72521
720	6.36482	3.1778755	56.9737	7.010745	31.72000
721	6.35904	3.1775097	57.2041	7.011648	31.72123
722	6.35239	3.1772680	57.4495	7.012596	31.72463
723	6.34804	3.1771192	57.6916	7.013212	31.72692
724	6.34523	3.1766046	57.9308	7.013825	31.72373
725	6.34195	3.1760031	58.1914	7.014539	31.72001
726	6.33935	3.1756932	58.4577	7.015024	31.71888
727	6.33664	3.1758793	58.7090	7.015269	31.72334
728	6.33285	3.1759352	58.9453	7.015713	31.72737
729	6.32999	3.1757555	59.1905	7.016163	31.72794
730	6.32943	3.1756068	59.4358	7.016313	31.72670
731	6.32937	3.1753340	59.6750	7.016463	31.72362
732	6.32569	3.1742428	59.9172	7.017475	31.71486
733	6.31956	3.1740942	60.1686	7.018314	31.71881
734	6.31297	3.1734309	60.4140	7.019470	31.71749
735	6.30101	3.1711005	60.6652	7.022135	31.70272
736	6.28609	3.1703199	60.9106	7.024381	31.70785
737	6.27511	3.1704192	61.1499	7.025695	31.71906
738	6.26843	3.1709523	61.3921	7.026257	31.73109
739	6.26603	3.1712561	61.6373	7.026405	31.73658
740	6.26439	3.1711012	61.8766	7.026691	31.73627
741	6.26256	3.1708596	62.1219	7.027047	31.73519
742	6.25960	3.1704693	62.3640	7.027617	31.73351
743	6.25250	3.1692735	62.6155	7.029109	31.72675
744	6.23867	3.1679973	62.8607	7.031477	31.72539
745	6.22021	3.1663064	63.0999	7.034632	31.72374
746	6.20211	3.1654643	63.3392	7.037312	31.73118
747	6.18514	3.1634148	63.5663	7.040469	31.72416
748	6.16380	3.1617001	63.8056	7.044002	31.72493
749	6.14272	3.1602767	64.0508	7.047357	31.72869
750	6.12522	3.1597446	64.2993	7.049813	31.73901
751	6.11321	3.1594725	64.5414	7.051452	31.74710
752	6.10497	3.1592313	64.7837	7.052607	31.75200
753	6.09877	3.1590829	65.0261	7.053461	31.75604
754	6.09404	3.1588478	65.2681	7.054176	31.75773
755	6.09104	3.1589037	65.5105	7.054527	31.76105
756	6.08921	3.1588728	65.7345	7.054775	31.76231
757	6.08779	3.1587801	65.9737	7.055006	31.76249
758	6.08667	3.1585697	66.2190	7.055258	31.76108
759	6.08489	3.1583099	66.4521	7.055618	31.75974
760	6.08260	3.1578212	66.7005	7.056160	31.75632
761	6.07874	3.1572211	66.9400	7.056955	31.75314
762	6.07356	3.1566458	67.1821	7.057902	31.75147
763	6.06812	3.1562871	67.4122	7.058769	31.75246
764	6.06187	3.1555820	67.6545	7.059917	31.75034
765	6.05461	3.1548770	67.8936	7.061191	31.74917
766	6.04699	3.1535535	68.1329	7.062828	31.74145
767	6.03389	3.1491762	68.4115	7.066723	31.70479
768	6.01141	3.1470504	68.6748	7.070636	31.70200
769	5.98650	3.1457716	68.9233	7.074420	31.71093
770	5.96095	3.1440297	69.1595	7.078527	31.71530
771	5.93562	3.1415780	69.4047	7.082978	31.71152
772	5.90823	3.1379972	69.6592	7.088279	31.69705
773	5.88065	3.1363434	69.8984	7.092611	31.70428
774	5.85425	3.1348935	70.1557	7.096692	31.71269
775	5.83136	3.1340608	70.3889	7.100015	31.72474
776	5.81292	3.1335798	70.6159	7.102594	31.73656
777	5.79959	3.1332962	70.8492	7.104428	31.74579
778	5.79121	3.1329262	71.0946	7.105684	31.74940
779	5.78566	3.1324822	71.3399	7.106622	31.74953
780	5.78097	3.1320382	71.5850	7.107452	31.74884
781	5.77748	3.1318532	71.8305	7.107993	31.74992
782	5.77461	3.1317053	72.0728	7.108439	31.75085
783	5.77153	3.1313785	72.3089	7.109004	31.74996
784	5.76835	3.1307186	72.5574	7.109755	31.74543
785	5.76442	3.1296827	72.7875	7.110799	31.73739
786	5.75675	3.1288195	73.0328	7.112224	31.73480
787	5.74697	3.1281969	73.2689	7.113792	31.73689
788	5.73799	3.1274511	73.5142	7.115323	31.73684
789	5.72937	3.1265019	73.7686	7.116916	31.73417
790	5.72040	3.1257870	74.0110	7.118431	31.73446
791	5.71158	3.1254420	74.2530	7.119733	31.73876
792	5.70388	3.1251340	74.4984	7.120876	31.74244
793	5.69743	3.1245733	74.7345	7.121992	31.74209
794	5.69053	3.1240373	74.9738	7.123153	31.74244
795	5.68313	3.1237539	75.2039	7.124245	31.74612
796	5.67698	3.1235014	75.4432	7.125161	31.74895
797	5.67291	3.1233845	75.6765	7.125745	31.75136
798	5.66974	3.1228485	75.9094	7.126434	31.74820
799	5.66571	3.1223433	76.1457	7.127215	31.74620
800	5.66068	3.1217828	76.3912	7.128154	31.74452
801	5.65409	3.1210683	76.6304	7.129371	31.74257
802	5.64780	3.1203724	76.8756	7.130541	31.74054
803	5.64166	3.1200029	77.1147	7.131520	31.74205
804	5.63583	3.1196150	77.3601	7.132470	31.74306
805	5.62959	3.1190855	77.6025	7.133546	31.74286
806	5.62441	3.1188454	77.8355	7.134336	31.74492
807	5.61978	3.1185192	78.0959	7.135102	31.74548
808	5.61516	3.1177803	78.3684	7.136085	31.74139
809	5.61169	3.1176203	78.6291	7.136616	31.74273
810	5.60787	3.1175712	78.8802	7.137133	31.74566
811	5.60169	3.1170418	79.1167	7.138204	31.74540
812	5.59350	3.1161800	79.3619	7.139706	31.74330
813	5.58441	3.1153244	79.6041	7.141320	31.74211
814	5.57471	3.1146413	79.8464	7.142920	31.74343
815	5.56387	3.1138351	80.0887	7.144732	31.74446
816	5.55317	3.1131952	80.3308	7.146438	31.74721
817	5.54288	3.1121862	80.5913	7.148289	31.74541
818	5.53154	3.1113003	80.8245	7.150209	31.74600
819	5.51845	3.1101869	81.0639	7.152475	31.74567
820	5.50551	3.1095903	81.3030	7.154448	31.75104
821	5.49448	3.1091168	81.5392	7.156112	31.75599
822	5.48541	3.1088464	81.7905	7.157420	31.76139
823	5.47855	3.1085266	82.0237	7.158472	31.76415
824	5.47334	3.1083484	82.2690	7.159238	31.76694
825	5.46913	3.1080348	82.5082	7.159948	31.76726
826	5.46432	3.1074322	82.7445	7.160889	31.76488
827	5.45851	3.1071064	82.9867	7.161810	31.76657
828	5.45360	3.1068851	83.2292	7.162561	31.76859
829	5.44954	3.1067254	83.4711	7.163170	31.77050
830	5.44639	3.1065471	83.7076	7.163674	31.77136
831	5.44384	3.1062644	83.9558	7.164157	31.77045
832	5.44148	3.1061661	84.2042	7.164516	31.77145
833	5.43953	3.1060493	84.4525	7.164833	31.77185
834	5.43803	3.1060125	84.6855	7.165050	31.77274
835	5.43713	3.1059880	84.9309	7.165184	31.77320
836	5.43628	3.1059020	85.1672	7.165344	31.77291
837	5.43598	3.1060742	85.4034	7.165297	31.77503
838	5.43648	3.1059021	85.6487	7.165330	31.77249
839	5.43623	3.1057546	85.9001	7.165446	31.77094
840	5.43518	3.1055149	86.1453	7.165714	31.76910
841	5.43332	3.1054289	86.3847	7.166002	31.76976
842	5.43097	3.1051032	86.6208	7.166482	31.76819
843	5.42777	3.1048327	86.8570	7.167042	31.76804
844	5.42431	3.1045439	87.0933	7.167643	31.76792
845	5.42126	3.1042182	87.3234	7.168213	31.76701
846	5.41776	3.1036158	87.5626	7.168988	31.76339
847	5.41261	3.1030996	87.8140	7.169929	31.76230
848	5.40745	3.1026572	88.0561	7.170831	31.76205
849	5.40260	3.1019996	88.3256	7.171809	31.75906
850	5.39810	3.1015081	88.6044	7.172655	31.75762
851	5.39115	3.1008876	88.8558	7.173883	31.75704
852	5.38080	3.1002302	89.1042	7.175568	31.75927
853	5.37200	3.1004762	89.3430	7.176570	31.77027
854	5.36640	3.1004763	89.5854	7.177294	31.77546
855	5.36390	3.1012569	89.8309	7.177203	31.78656
856	5.36625	3.1018039	90.0579	7.176614	31.79043
857	5.36490	3.1002738	90.2972	7.177611	31.77424
858	5.36105	3.0998253	90.5363	7.178350	31.77268
859	5.35811	3.0997456	90.7787	7.178777	31.77445
860	5.35811	3.1012143	91.0148	7.177997	31.79099
861	5.36535	3.1029351	91.2541	7.176152	31.80352
862	5.37480	3.1036605	91.4903	7.174559	31.80267
863	5.38530	3.1045457	91.7324	7.172746	31.80264
864	5.39450	3.1052035	91.9720	7.171222	31.80125
865	5.40345	3.1059044	92.2111	7.169706	31.80059
866	5.41621	3.1085857	92.4504	7.166649	31.81876
867	5.43458	3.1098159	92.6865	7.163650	31.81517
868	5.44193	3.1078783	92.9380	7.163747	31.78614
869	5.44088	3.1071404	93.1741	7.164279	31.77867
870	5.43923	3.1074480	93.4253	7.164333	31.78359
871	5.44063	3.1084136	93.6645	7.163645	31.79308
872	5.44679	3.1119265	93.8978	7.160993	31.82689
873	5.46868	3.1167151	94.1433	7.155659	31.86020
874	5.49829	3.1185561	94.3854	7.150911	31.85282
875	5.52357	3.1192949	94.6307	7.147306	31.83711
876	5.54223	3.1194673	94.8790	7.144844	31.82127
877	5.55383	3.1195658	95.1184	7.143322	31.81130
878	5.56065	3.1195042	95.3544	7.142492	31.80404
879	5.56251	3.1189130	95.5968	7.142573	31.79549
880	5.55960	3.1178723	95.8481	7.143500	31.78638
881	5.55252	3.1169242	96.0844	7.144907	31.78226
882	5.54379	3.1161548	96.3326	7.146432	31.78170
883	5.53812	3.1179651	96.5690	7.146202	31.80738
884	5.54243	3.1196526	96.8019	7.144764	31.82224
885	5.54841	3.1202747	97.0354	7.143681	31.82350
886	5.55498	3.1206936	97.2776	7.142628	31.82189
887	5.56105	3.1209092	97.5168	7.141747	31.81846
888	5.56572	3.1211372	97.7591	7.141038	31.81650
889	5.56939	3.1213713	98.0014	7.140454	31.81556
890	5.57245	3.1213775	98.2739	7.140067	31.81260
891	5.57411	3.1213468	98.5312	7.139879	31.81056
892	5.57441	3.1211990	98.7856	7.139924	31.80849
893	5.57290	3.1213161	99.0338	7.140059	31.81111
894	5.57311	3.1216119	99.2825	7.139883	31.81414
895	5.57331	3.1214949	99.5246	7.139925	31.81251
896	5.57280	3.1214026	99.7606	7.140043	31.81183
897	5.57220	3.1214397	100.0091	7.140106	31.81269
898	5.57240	3.1215506	100.2544	7.140027	31.81364
899	5.57296	3.1217293	100.4967	7.139868	31.81501
900	5.57381	3.1217233	100.7509	7.139769	31.81401
901	5.57361	3.1213167	100.9873	7.140014	31.80950
902	5.57070	3.1207254	101.2265	7.140702	31.80547
903	5.56572	3.1214032	101.3960	7.140980	31.81773
904	5.56171	3.1237631	101.4691	7.140245	31.84812
905	5.56141	3.1244348	101.4721	7.139929	31.85599
906	5.57029	3.1244593	101.4482	7.138786	31.84786
907	5.58004	3.1245455	101.4301	7.137502	31.83962
908	5.58692	3.1245824	101.4425	7.136609	31.83353
909	5.59038	3.1252357	101.4364	7.135824	31.83762
910	5.59184	3.1254699	101.4277	7.135515	31.83888
911	5.59209	3.1256733	101.4185	7.135375	31.84094
912	5.59310	3.1258890	101.4159	7.135134	31.84243
913	5.59450	3.1259198	101.4159	7.134939	31.84144
914	5.59506	3.1259260	101.4074	7.134866	31.84099
915	5.59641	3.1260985	101.4041	7.134602	31.84166
916	5.59852	3.1261232	101.4105	7.134322	31.83994
917	5.60154	3.1260985	101.4107	7.133952	31.83681
918	5.60556	3.1261416	101.4047	7.133419	31.83350
919	5.60973	3.1261539	101.4019	7.132883	31.82969
920	5.61300	3.1260676	101.3959	7.132513	31.82563
921	5.61566	3.1260059	101.3963	7.132208	31.82242
922	5.61752	3.1261107	101.3902	7.131917	31.82185
923	5.61777	3.1261846	101.3814	7.131846	31.82245
924	5.61797	3.1263326	101.3756	7.131742	31.82393
925	5.61808	3.1263942	101.3756	7.131697	31.82453
926	5.61752	3.1265113	101.3730	7.131705	31.82637
927	5.61742	3.1266284	101.3638	7.131656	31.82779
928	5.61803	3.1267517	101.3674	7.131515	31.82861
929	5.61813	3.1268319	101.3614	7.131459	31.82942
930	5.61853	3.1268997	101.3615	7.131373	31.82980
931	5.61948	3.1269860	101.3557	7.131206	31.82987
932	5.62049	3.1267702	101.3194	7.131191	31.82651
933	5.62506	3.1270475	101.2347	7.130463	31.82535
934	5.63014	3.1266591	101.1051	7.130020	31.81624
935	5.62858	3.1258885	100.9357	7.130620	31.80912
936	5.62486	3.1256419	100.7331	7.131217	31.80995
937	5.62039	3.1260980	100.5366	7.131540	31.81941
938	5.61717	3.1272569	100.3522	7.131334	31.83560
939	5.61707	3.1280584	100.1586	7.130920	31.84482
940	5.61918	3.1280583	99.9713	7.130648	31.84291
941	5.62079	3.1283542	99.7838	7.130284	31.84481
942	5.62185	3.1280582	99.5932	7.130301	31.84057
943	5.61898	3.1275217	99.3937	7.130943	31.83734
944	5.61395	3.1269299	99.1941	7.131888	31.83552
945	5.60923	3.1263628	99.0038	7.132782	31.83368
946	5.60420	3.1255614	98.8041	7.133838	31.82950
947	5.60023	3.1251361	98.6076	7.134562	31.82856
948	5.59802	3.1249635	98.4171	7.134929	31.82879
949	5.59641	3.1247293	98.2175	7.135252	31.82777
950	5.59471	3.1246368	98.0119	7.135513	31.82844
951	5.59335	3.1245196	97.8094	7.135743	31.82850
952	5.59214	3.1240759	97.6126	7.136126	31.82473
953	5.59114	3.1240758	97.4164	7.136249	31.82578
954	5.59023	3.1239156	97.2198	7.136444	31.82492
955	5.58923	3.1237799	97.0203	7.136638	31.82444
956	5.58838	3.1237491	96.8297	7.136759	31.82499
957	5.58747	3.1236319	96.6301	7.136931	31.82462
958	5.58627	3.1235087	96.4427	7.137145	31.82446
959	5.58486	3.1235702	96.2491	7.137287	31.82658
960	5.58400	3.1235086	96.0497	7.137423	31.82679
961	5.58290	3.1233545	95.8533	7.137640	31.82619
962	5.58159	3.1232743	95.6627	7.137844	31.82662
963	5.58029	3.1232126	95.4570	7.138038	31.82726
964	5.57863	3.1230647	95.2636	7.138323	31.82725
965	5.57582	3.1228182	95.0670	7.138806	31.82722
966	5.57306	3.1226518	94.8765	7.139240	31.82805
967	5.57105	3.1224423	94.6829	7.139602	31.82768
968	5.56954	3.1223498	94.4833	7.139838	31.82816
969	5.56803	3.1222327	94.2928	7.140087	31.82836
970	5.56738	3.1220848	94.0991	7.140243	31.82740
971	5.56763	3.1222203	93.9058	7.140135	31.82878
972	5.56899	3.1223496	93.7063	7.139890	31.82906
973	5.57140	3.1221154	93.5100	7.139703	31.82423
974	5.57381	3.1220845	93.3163	7.139409	31.82170
975	5.57622	3.1222200	93.1167	7.139026	31.82104
976	5.57933	3.1223801	92.9263	7.138542	31.82000
977	5.58164	3.1224416	92.7357	7.138211	31.81860
978	5.58285	3.1225031	92.5331	7.138021	31.81825
979	5.58315	3.1224723	92.3365	7.137994	31.81771
980	5.58195	3.1222628	92.1461	7.138254	31.81658
981	5.58069	3.1220840	91.9496	7.138503	31.81585
982	5.57888	3.1216897	91.7500	7.138937	31.81321
983	5.57597	3.1212523	91.5504	7.139534	31.81113
984	5.57215	3.1209565	91.3568	7.140171	31.81149
985	5.56482	3.1205623	91.1543	7.141307	31.81408
986	5.55157	3.1195953	90.9668	7.143499	31.81579
987	5.53742	3.1185546	90.7613	7.145847	31.81753
988	5.52322	3.1171630	90.5585	7.148387	31.81534
989	5.50988	3.1154946	90.3588	7.150967	31.80922
990	5.49459	3.1140235	90.1562	7.153692	31.80716
991	5.48065	3.1130511	89.9598	7.155982	31.80945
992	5.46918	3.1122204	89.7482	7.157883	31.81103
993	5.45911	3.1113959	89.5333	7.159602	31.81134
994	5.45100	3.1108299	89.3095	7.160934	31.81273
995	5.44399	3.1103438	89.0737	7.162083	31.81398
996	5.43713	3.1092057	88.8440	7.163561	31.80771
997	5.43042	3.1084983	88.6049	7.164790	31.80618
998	5.42451	3.1080370	88.3508	7.165785	31.80667
999	5.41691	3.1072867	88.1059	7.167152	31.80550
1000	5.40790	3.1061675	87.8550	7.168896	31.80148
1001	5.39945	3.1055772	87.5917	7.170287	31.80293
1002	5.39220	3.1039541	87.3254	7.172076	31.79154
1003	5.38425	3.1027186	87.0685	7.173749	31.78520
1004	5.37840	3.1025895	86.8295	7.174563	31.78940
1005	5.37475	3.1024542	86.5724	7.175097	31.79145
1006	5.37280	3.1025955	86.3274	7.175266	31.79502
1007	5.37190	3.1023127	86.0793	7.175526	31.79278
1008	5.37190	3.1024233	85.8284	7.175462	31.79416
1009	5.37320	3.1026260	85.5713	7.175181	31.79535
1010	5.37460	3.1024354	85.3203	7.175097	31.79199
1011	5.37680	3.1026566	85.0751	7.174691	31.79253
1012	5.38055	3.1027733	84.8212	7.174143	31.79042
1013	5.38435	3.1029022	84.5731	7.173581	31.78840
1014	5.38830	3.1030127	84.3250	7.173010	31.78604
1015	5.39245	3.1032769	84.0771	7.172331	31.78522
1016	5.39700	3.1036149	83.8229	7.171562	31.78486
1017	5.40095	3.1039222	83.5659	7.170886	31.78472
1018	5.40470	3.1041311	83.3241	7.170288	31.78366
1019	5.40780	3.1041740	83.0820	7.169862	31.78132
1020	5.41025	3.1043337	82.8432	7.169458	31.78093
1021	5.41206	3.1045119	82.6011	7.169127	31.78136
1022	5.41381	3.1046410	82.3501	7.168828	31.78128
1023	5.41556	3.1045425	82.1019	7.168650	31.77863
1024	5.41706	3.1043949	81.8600	7.168531	31.77565
1025	5.41826	3.1045177	81.6181	7.168307	31.77603
1026	5.41981	3.1046590	81.3641	7.168027	31.77628
1027	5.42121	3.1047512	81.1100	7.167793	31.77612
1028	5.42281	3.1048310	80.8618	7.167539	31.77563
1029	5.42431	3.1049539	80.6199	7.167276	31.77572
1030	5.42592	3.1049845	80.3718	7.167049	31.77467
1031	5.42807	3.1050767	80.1239	7.166719	31.77380
1032	5.43052	3.1052487	79.8788	7.166308	31.77355
1033	5.43267	3.1053654	79.6307	7.165964	31.77295
1034	5.43417	3.1054822	79.3799	7.165704	31.77297
1035	5.43543	3.1058080	79.1347	7.165365	31.77560
1036	5.43778	3.1057771	78.8775	7.165075	31.77315
1037	5.44093	3.1059492	78.6265	7.164574	31.77223
1038	5.44409	3.1058077	78.3755	7.164240	31.76777
1039	5.44714	3.1056600	78.1245	7.163922	31.76333
1040	5.45055	3.1059181	77.8914	7.163344	31.76314
1041	5.45741	3.1070187	77.6375	7.161875	31.76923
1042	5.46397	3.1083163	77.3681	7.160340	31.77783
1043	5.46778	3.1073505	77.1202	7.160361	31.76343
1044	5.47213	3.1069568	76.8752	7.160008	31.75497
1045	5.47669	3.1071658	76.6302	7.159309	31.75314
1046	5.48015	3.1075655	76.3852	7.158649	31.75451
1047	5.48231	3.1074608	76.1370	7.158424	31.75141
1048	5.48446	3.1074300	75.8892	7.158159	31.74915
1049	5.48762	3.1074606	75.6469	7.157734	31.74663
1050	5.49183	3.1074728	75.3961	7.157184	31.74291
1051	5.49649	3.1079032	75.1480	7.156354	31.74349
1052	5.50005	3.1083767	74.8998	7.155643	31.74560
1053	5.50195	3.1082228	74.6611	7.155476	31.74218
1054	5.50401	3.1089055	74.4189	7.154846	31.74807
1055	5.50521	3.1093790	74.1738	7.154435	31.75240
1056	5.50471	3.1098711	73.9288	7.154233	31.75855
1057	5.50361	3.1108862	73.6840	7.153829	31.77119
1058	5.50286	3.1115075	73.4387	7.153590	31.77904
1059	5.50301	3.1129290	73.1969	7.152811	31.79508
1060	5.50471	3.1138705	72.9457	7.152089	31.80423
1061	5.50917	3.1140489	72.7007	7.151419	31.80214
1062	5.51324	3.1139318	72.4555	7.150958	31.79709
1063	5.51780	3.1136363	72.2167	7.150528	31.78955
1064	5.52181	3.1133100	71.9655	7.150183	31.78220
1065	5.52427	3.1129898	71.7205	7.150034	31.77638
1066	5.52628	3.1127497	71.4786	7.149900	31.77189
1067	5.52638	3.1127189	71.2456	7.149898	31.77156
1068	5.52482	3.1127742	70.9976	7.150061	31.77377
1069	5.52277	3.1126819	70.7586	7.150367	31.77479
1070	5.52026	3.1125403	70.5167	7.150756	31.77568
1071	5.51966	3.1124541	70.2747	7.150873	31.77539
1072	5.52021	3.1123063	70.0327	7.150876	31.77332
1073	5.51956	3.1119493	69.7906	7.151143	31.77002
1074	5.51910	3.1117708	69.5426	7.151289	31.76855
1075	5.51966	3.1116784	69.2884	7.151262	31.76711
1076	5.51840	3.1118014	69.0553	7.151351	31.76980
1077	5.51494	3.1116229	68.8075	7.151882	31.77117
1078	5.51118	3.1113399	68.5654	7.152506	31.77165
1079	5.50953	3.1109399	68.3143	7.152923	31.76881
1080	5.50948	3.1106445	68.0754	7.153081	31.76564
1081	5.50867	3.1109028	67.8334	7.153041	31.76944
1082	5.50511	3.1105275	67.5761	7.153688	31.76868
1083	5.50261	3.1102629	67.3161	7.154142	31.76819
1084	5.50251	3.1101213	67.0680	7.154225	31.76681
1085	5.49945	3.1104412	66.8320	7.154440	31.77343
1086	5.49684	3.1099674	66.5751	7.155018	31.77066
1087	5.49925	3.1097028	66.3359	7.154846	31.76551
1088	5.50170	3.1097765	66.0910	7.154488	31.76414
1089	5.49890	3.1095858	65.8519	7.154942	31.76476
1090	5.49639	3.1095857	65.6039	7.155256	31.76725
1091	5.49403	3.1097149	65.3557	7.155482	31.77106
1092	5.48962	3.1097025	65.1197	7.156047	31.77520
1093	5.48581	3.1097579	64.8807	7.156498	31.77955
1094	5.48381	3.1098378	64.6386	7.156706	31.78247
1095	5.48391	3.1100530	64.3967	7.156573	31.78492
1096	5.48551	3.1104098	64.1577	7.156174	31.78756
1097	5.48812	3.1106496	63.9095	7.155708	31.78792
1098	5.49108	3.1109694	63.6737	7.155155	31.78886
1099	5.49464	3.1111785	63.4224	7.154584	31.78798
1100	5.50015	3.1113384	63.1834	7.153791	31.78468
1101	5.50561	3.1115597	62.9385	7.152970	31.78213
1102	5.50877	3.1117996	62.6997	7.152435	31.78197
1103	5.51093	3.1120518	62.4608	7.152021	31.78290
1104	5.51409	3.1122732	62.2277	7.151495	31.78253
1105	5.51735	3.1125070	61.9886	7.150950	31.78220
1106	5.52006	3.1127469	61.7466	7.150472	31.78247
1107	5.52297	3.1129253	61.5045	7.150001	31.78185
1108	5.52613	3.1131590	61.2686	7.149469	31.78162
1109	5.52994	3.1133374	61.0295	7.148883	31.78015
1110	5.53461	3.1135219	60.7815	7.148185	31.77794
1111	5.53812	3.1138357	60.5517	7.147567	31.77828
1112	5.54053	3.1141618	60.3064	7.147081	31.77980
1113	5.54309	3.1143648	60.0673	7.146643	31.77979
1114	5.54615	3.1145802	59.8225	7.146133	31.77945
1115	5.54871	3.1148755	59.5713	7.145645	31.78048
1116	5.55122	3.1150170	59.3324	7.145245	31.77983
1117	5.55307	3.1153186	59.0904	7.144844	31.78159
1118	5.55473	3.1155832	58.8513	7.144487	31.78313
1119	5.55779	3.1157924	58.6091	7.143981	31.78272
1120	5.56161	3.1158600	58.3641	7.143455	31.77999
1121	5.56497	3.1159091	58.1220	7.142995	31.77749
1122	5.56718	3.1159398	57.8861	7.142692	31.77586
1123	5.56839	3.1162353	57.6440	7.142377	31.77817
1124	5.56954	3.1165923	57.3778	7.142035	31.78124
1125	5.57311	3.1165614	57.1328	7.141593	31.77764
1126	5.57592	3.1165182	56.8997	7.141252	31.77461
1127	5.57431	3.1166782	56.6666	7.141367	31.77805
1128	5.57230	3.1170660	56.4157	7.141412	31.78444
1129	5.57290	3.1171398	56.1675	7.141291	31.78483
1130	5.57657	3.1173614	55.9316	7.140702	31.78398
1131	5.58094	3.1176261	55.6896	7.140001	31.78295
1132	5.58667	3.1176875	55.4536	7.139235	31.77835
1133	5.59224	3.1177674	55.2114	7.138478	31.77410
1134	5.59697	3.1178905	54.9694	7.137808	31.77115
1135	5.60068	3.1181859	54.7303	7.137174	31.77109
1136	5.60531	3.1183275	54.4764	7.136506	31.76844
1137	5.61129	3.1185737	54.2431	7.135611	31.76568
1138	5.61667	3.1188384	54.0042	7.134782	31.76371
1139	5.62099	3.1193125	53.7655	7.133978	31.76509
1140	5.62562	3.1194848	53.5201	7.133294	31.76278
1141	5.63090	3.1198173	53.2782	7.132443	31.76166
1142	5.63668	3.1200820	53.0329	7.131564	31.75931
1143	5.64362	3.1204268	52.7971	7.130496	31.75676
1144	5.65011	3.1206792	52.5520	7.129535	31.75360
1145	5.65509	3.1210918	52.3129	7.128680	31.75367
1146	5.66048	3.1214921	52.0616	7.127781	31.75322
1147	5.66712	3.1215967	51.8198	7.126878	31.74825
1148	5.67331	3.1221018	51.5868	7.125823	31.74822
1149	5.67744	3.1225145	51.3508	7.125077	31.74909
1150	5.68011	3.1231490	51.1119	7.124400	31.75383
1151	5.68640	3.1233152	50.8790	7.123511	31.74988
1152	5.69320	3.1238820	50.6337	7.122346	31.74997
1153	5.69778	3.1246214	50.3915	7.121372	31.75408
1154	5.70317	3.1250958	50.1375	7.120435	31.75446
1155	5.71289	3.1257244	49.9013	7.118870	31.75249
1156	5.72282	3.1262296	49.6655	7.117344	31.74893
1157	5.73053	3.1267843	49.4235	7.116072	31.74802
1158	5.73739	3.1271787	49.1875	7.114993	31.74611
1159	5.74414	3.1277149	48.9483	7.113853	31.74589
1160	5.75055	3.1280970	48.7003	7.112838	31.74428
1161	5.75614	3.1282942	48.4490	7.112022	31.74135
1162	5.76321	3.1287256	48.2132	7.110899	31.73966
1163	5.76876	3.1293175	47.9831	7.109884	31.74120
1164	5.77622	3.1297367	47.7440	7.108716	31.73899
1165	5.78455	3.1299708	47.5050	7.107538	31.73391
1166	5.79197	3.1301495	47.2569	7.106502	31.72906
1167	5.79692	3.1304763	47.0178	7.105702	31.72819
1168	5.80313	3.1309264	46.7758	7.104679	31.72751
1169	5.80767	3.1311606	46.5397	7.103978	31.72599
1170	5.81136	3.1312839	46.3037	7.103443	31.72402
1171	5.81499	3.1319376	46.0708	7.102639	31.72804
1172	5.81666	3.1319313	45.8225	7.102426	31.72653
1173	5.81924	3.1322643	45.5836	7.101923	31.72795
1174	5.82323	3.1325912	45.3475	7.101244	31.72798
1175	5.82747	3.1332203	45.1085	7.100376	31.73116
1176	5.83252	3.1333497	44.8634	7.099667	31.72799
1177	5.84283	3.1336334	44.6333	7.098215	31.72159
1178	5.85289	3.1336949	44.3973	7.096911	31.71295
1179	5.85759	3.1348239	44.1615	7.095727	31.72130
1180	5.85916	3.1353298	43.9130	7.095261	31.72561
1181	5.86249	3.1356630	43.6712	7.094662	31.72633
1182	5.86978	3.1359590	43.4289	7.093587	31.72292
1183	5.87878	3.1362736	43.1870	7.092286	31.71811
1184	5.88707	3.1368845	42.9540	7.090920	31.71728
1185	5.89466	3.1375077	42.7180	7.089637	31.71725
1186	5.90084	3.1381681	42.4667	7.088513	31.71896
1187	5.90888	3.1382544	42.2338	7.087452	31.71249
1188	5.91820	3.1389147	41.9946	7.085934	31.71126
1189	5.92519	3.1392418	41.7526	7.084882	31.70848
1190	5.93461	3.1399270	41.5224	7.083339	31.70742
1191	5.94423	3.1404640	41.2806	7.081848	31.70452
1192	5.95213	3.1411493	41.0415	7.080497	31.70489
1193	5.96262	3.1411182	40.8056	7.079192	31.69483
1194	5.97023	3.1414515	40.5634	7.078061	31.69155
1195	5.97454	3.1423778	40.3273	7.077037	31.69797
1196	5.97742	3.1426989	40.0883	7.076504	31.69897
1197	5.98518	3.1429149	39.8460	7.075415	31.69423
1198	5.99436	3.1432112	39.6040	7.074106	31.68906
1199	6.00207	3.1439276	39.3589	7.072766	31.68996
1200	6.01131	3.1443413	39.1198	7.071391	31.68605
1201	6.02293	3.1448601	38.8838	7.069664	31.68108
1202	6.03267	3.1456075	38.6539	7.068055	31.68041
1203	6.03800	3.1462623	38.4117	7.067045	31.68284
1204	6.04344	3.1464291	38.1697	7.066275	31.67974
1205	6.04963	3.1470407	37.9153	7.065180	31.68089
1206	6.05588	3.1468922	37.6583	7.064470	31.67352
1207	6.05974	3.1462618	37.4223	7.064306	31.66300
1208	6.05060	3.1465646	37.1771	7.065288	31.67503
1209	6.02348	3.1484188	36.9227	7.067717	31.72118
1210	6.00750	3.1490185	36.6867	7.069401	31.74296
1211	6.01217	3.1490802	36.4414	7.068780	31.73939
1212	6.03191	3.1492592	36.2147	7.066215	31.72300
1213	6.04933	3.1493949	35.9666	7.063964	31.70834
1214	6.06309	3.1497347	35.7304	7.062064	31.69936
1215	6.07757	3.1503341	35.4792	7.059943	31.69262
1216	6.09104	3.1507852	35.2492	7.058025	31.68517
1217	6.10096	3.1511436	35.0131	7.056599	31.68001
1218	6.10772	3.1515145	34.7770	7.055560	31.67794
1219	6.11362	3.1511434	34.5410	7.055010	31.66841
1220	6.12084	3.1521325	34.3020	7.053597	31.67279
1221	6.12028	3.1522870	34.0629	7.053582	31.67514
1222	6.12069	3.1524354	33.8116	7.053450	31.67653
1223	6.12878	3.1524909	33.5758	7.052408	31.66971
1224	6.13636	3.1528556	33.3365	7.051271	31.66681
1225	6.13880	3.1535110	33.0976	7.050626	31.67193
1226	6.13824	3.1534244	32.8646	7.050735	31.67160
1227	6.14313	3.1541107	32.6253	7.049770	31.67479
1228	6.14664	3.1543209	32.3802	7.049220	31.67396
1229	6.15234	3.1545311	32.1504	7.048397	31.67109
1230	6.16080	3.1551619	31.9082	7.047017	31.67033
1231	6.16507	3.1556752	31.6811	7.046218	31.67215
1232	6.17169	3.1558235	31.4390	7.045313	31.66774
1233	6.18239	3.1565471	31.1909	7.043607	31.66592
1234	6.19284	3.1565779	30.9547	7.042288	31.65664
1235	6.20099	3.1567572	30.7186	7.041177	31.65115
1236	6.20604	3.1578398	30.4794	7.039993	31.65858
1237	6.20507	3.1577593	30.2465	7.040149	31.65870
1238	6.21190	3.1581676	30.0196	7.039087	31.65697
1239	6.22322	3.1589471	29.7835	7.037279	31.65519
1240	6.23347	3.1595782	29.5474	7.035679	31.65276
1241	6.24301	3.1599432	29.3022	7.034304	31.64804
1242	6.25235	3.1601349	29.0753	7.033043	31.64158
1243	6.26046	3.1602090	28.8239	7.031993	31.63498
1244	6.26735	3.1609640	28.5789	7.030749	31.63705
1245	6.26802	3.1609640	28.3429	7.030662	31.63654
1246	6.26822	3.1613539	28.0945	7.030433	31.64079
1247	6.27134	3.1616261	27.8524	7.029903	31.64103
1248	6.27639	3.1620470	27.5921	7.029057	31.64111
1249	6.28763	3.1616258	27.3500	7.027874	31.62612
1250	6.29565	3.1631920	27.1020	7.026080	31.63612
1251	6.28584	3.1629815	26.8564	7.027396	31.64302
1252	6.29018	3.1635697	26.6114	7.026554	31.64562
1253	6.29953	3.1636438	26.3695	7.025354	31.63786
1254	6.30474	3.1634889	26.1303	7.024782	31.63141
1255	6.31322	3.1637921	25.8910	7.023572	31.62700
1256	6.31992	3.1639406	25.6580	7.022663	31.62254
1257	6.32222	3.1640643	25.4188	7.022311	31.62188
1258	6.32401	3.1646464	25.1707	7.021789	31.62678
1259	6.32764	3.1647887	24.9285	7.021263	31.62510
1260	6.33178	3.1645161	24.6865	7.020883	31.61835
1261	6.33781	3.1652653	24.4352	7.019752	31.62115
1262	6.34103	3.1650856	24.2023	7.019439	31.61628
1263	6.34390	3.1644538	23.9842	7.019400	31.60674
1264	6.34231	3.1616551	23.7967	7.021009	31.57736
1265	6.33617	3.1631596	23.6121	7.021003	31.59978
1266	6.32452	3.1643919	23.4213	7.021817	31.62432
1267	6.31005	3.1654820	23.2248	7.023050	31.64992
1268	6.30387	3.1659341	23.0338	7.023581	31.66076
1269	6.30617	3.1658226	22.8402	7.023349	31.65748
1270	6.32155	3.1661444	22.6557	7.021279	31.64683
1271	6.33495	3.1665345	22.4588	7.019420	31.63879
1272	6.34635	3.1668626	22.2621	7.017840	31.63191
1273	6.35955	3.1671969	22.0622	7.016036	31.62345
1274	6.36937	3.1675127	21.8627	7.014658	31.61792
1275	6.37096	3.1677666	21.6750	7.014329	31.61934
1276	6.37434	3.1677665	21.4784	7.013908	31.61630
1277	6.38304	3.1682806	21.2907	7.012570	31.61399
1278	6.38749	3.1685531	21.0879	7.011878	31.61297
1279	6.39225	3.1686149	20.8973	7.011255	31.60932
1280	6.39901	3.1690361	20.7064	7.010204	31.60780
1281	6.40393	3.1695813	20.5098	7.009318	31.60935
1282	6.40608	3.1696989	20.3281	7.008989	31.60874
1283	6.40931	3.1698785	20.1254	7.008496	31.60783
1284	6.41443	3.1703618	19.9256	7.007616	31.60851
1285	6.41699	3.1703927	19.7290	7.007281	31.60657
1286	6.42263	3.1709503	19.5291	7.006300	31.60759
1287	6.42929	3.1710866	19.3294	7.005406	31.60301
1288	6.43565	3.1709377	19.1418	7.004694	31.59557
1289	6.44082	3.1712103	18.9389	7.003914	31.59388
1290	6.44328	3.1718424	18.7513	7.003289	31.59866
1291	6.44128	3.1718423	18.5545	7.003531	31.60061
1292	6.43959	3.1719353	18.3549	7.003688	31.60329
1293	6.44231	3.1718112	18.1580	7.003412	31.59950
1294	6.44328	3.1718421	17.9674	7.003272	31.59903
1295	6.44887	3.1723875	17.7645	7.002305	31.59996
1296	6.45446	3.1727159	17.5406	7.001446	31.59851
1297	6.45749	3.1685822	17.3318	7.003148	31.55024
1298	6.45723	3.1691336	17.1380	7.002898	31.55665
1299	6.45133	3.1694558	16.9412	7.003459	31.56575
1300	6.44564	3.1683405	16.7446	7.004717	31.55881
1301	6.44046	3.1680989	16.5509	7.005473	31.56103
1302	6.43672	3.1691831	16.3540	7.005384	31.57654
1303	6.43303	3.1694867	16.1573	7.005682	31.58340
1304	6.42222	3.1703109	15.9727	7.006596	31.60260
1305	6.40905	3.1709369	15.7699	7.007900	31.62181
1306	6.40204	3.1714204	15.5731	7.008517	31.63375
1307	6.39574	3.1710299	15.3794	7.009486	31.63538
1308	6.39190	3.1713584	15.1888	7.009790	31.64266
1309	6.39041	3.1713273	14.9949	7.009985	31.64379
1310	6.38816	3.1705030	14.7923	7.010675	31.63687
1311	6.38437	3.1696974	14.5983	7.011545	31.63158
1312	6.38048	3.1691831	14.4018	7.012280	31.62961
1313	6.37710	3.1687617	14.2080	7.012906	31.62818
1314	6.37454	3.1684023	14.0112	7.013399	31.62668
1315	6.37219	3.1681111	13.8054	7.013833	31.62574
1316	6.37035	3.1675287	13.5996	7.014350	31.62111
1317	6.36891	3.1671632	13.4119	7.014708	31.61849
1318	6.36825	3.1668906	13.2092	7.014924	31.61619
1319	6.40024	3.1669211	13.0062	7.010953	31.58696
1320	6.49751	3.1670997	12.8156	6.998865	31.49908
1321	6.61357	3.1675693	12.6128	6.984348	31.39753
1322	6.73508	3.1709326	12.4101	6.967770	31.32319
1323	6.85414	3.1763745	12.2193	6.950528	31.27407
1324	7.00742	3.1824898	12.0163	6.928875	31.20144
1325	7.14980	3.1893800	11.8167	6.908277	31.14741
1326	7.28551	3.2008586	11.6259	6.886382	31.14904
1327	7.40403	3.2092022	11.4233	6.868169	31.13229
1328	7.49486	3.2132491	11.2234	6.855385	31.09432
1329	7.56729	3.2176658	11.0296	6.844657	31.07685
1330	7.62983	3.2193854	10.8449	6.836406	31.03945
1331	7.68051	3.2203947	10.6419	6.829909	31.00513
1332	7.71952	3.2229444	10.4364	6.824083	30.99767
1333	7.75540	3.2253141	10.2426	6.818721	30.99107
1334	7.78378	3.2271915	10.0337	6.814482	30.98591
1335	7.80741	3.2312041	9.8338	6.809812	31.00765
1336	7.82787	3.2317594	9.6491	6.807134	30.99546
1337	7.84803	3.2338569	9.4463	6.803776	30.99992
1338	7.86755	3.2335445	9.2467	6.801616	30.97936
1339	7.88465	3.2338877	9.0499	6.799439	30.96793
1340	7.89978	3.2361732	8.8560	6.796591	30.97883
1341	7.91386	3.2375909	8.6654	6.794273	30.98146
1342	7.92742	3.2380592	8.4717	6.792458	30.97450
1343	7.93965	3.2380903	8.2777	6.791003	30.96408
1344	7.95278	3.2377465	8.0810	6.789615	30.94890
1345	7.96794	3.2404080	7.8874	6.786598	30.96374
1346	7.99147	3.2413076	7.6876	6.783417	30.95253
1347	8.01650	3.2427261	7.4909	6.779823	30.94548
1348	8.04453	3.2444011	7.2817	6.775762	30.93849
1349	8.07499	3.2451760	7.0730	6.771837	30.91988
1350	8.10445	3.2482775	6.8701	6.766963	30.92669
1351	8.13089	3.2497034	6.6731	6.763217	30.91850
1352	8.16462	3.2506978	6.4615	6.758822	30.89935
1353	8.22096	3.2521864	6.2740	6.751571	30.86553
1354	8.28045	3.2500770	6.0799	6.745606	30.79128
1355	8.33798	3.2540563	5.8803	6.737108	30.78274
1356	8.40861	3.2591270	5.6895	6.726618	30.77416
1357	8.48535	3.2610302	5.4928	6.716880	30.72720
1358	8.55457	3.2643314	5.2928	6.707403	30.70147
1359	8.65059	3.2654522	5.0868	6.695841	30.62992
1360	8.77155	3.2694818	4.8903	6.680158	30.56728
1361	8.89843	3.2706092	4.6933	6.665136	30.46988
1362	9.02796	3.2717618	4.4936	6.649848	30.37102
1363	9.17498	3.2725442	4.2848	6.632786	30.25408
1364	9.34470	3.2746378	4.0850	6.612652	30.13213
1365	9.55081	3.2746982	3.8852	6.589378	29.96003
1366	9.74823	3.2748216	3.6883	6.567159	29.79732
1367	9.91624	3.2741045	3.4914	6.548672	29.65173
1368	10.08195	3.2722520	3.3039	6.530977	29.49777
1369	10.23828	3.2710962	3.1011	6.514091	29.35946
1370	10.41236	3.2687490	2.9011	6.495784	29.19610
1371	10.61173	3.2680885	2.7075	6.474076	29.03052
1372	10.80762	3.2641186	2.5078	6.454161	28.83676
1373	11.01708	3.2597496	2.3020	6.432988	28.63029
1374	11.24764	3.2537114	2.1019	6.410248	28.39343
1375	11.36487	3.2468468	1.9111	6.400183	28.23748
1376	11.35337	3.2400267	1.6992	6.404071	28.18071
1377	11.35134	3.2355475	1.4934	6.406025	28.13923
1378	11.40341	3.2329491	1.3088	6.401367	28.07475
1379	11.40260	3.2313446	1.1118	6.402072	28.06003
1380	11.13995	3.2342505	0.9061	6.429569	28.28852
1381	10.60865	3.2335130	0.7062	6.488306	28.69398
1382	10.09307	3.2339242	0.5063	6.545548	29.10773
1383	9.65787	3.2327861	0.2943	6.595022	29.44941
1384	9.35169	3.2371108	0.0976	6.627929	29.74587
1385	9.13123	3.2442623	-0.0053	6.649982	30.00327
1386	8.94672	3.2265960	-0.0022	6.678875	29.97741
1387	8.57332	3.2180507	-0.0081	6.725889	30.20612
1388	8.09489	3.2112775	-0.0081	6.784964	30.54822
1389	7.70440	3.2086664	-0.0110	6.832375	30.86373
1390	7.45691	3.0858048	-0.0049	6.920456	29.77030
1391	7.36522	0.7100538	-0.0048	8.086262	6.05377
1392	7.35102	0.6591925	-0.0107	8.113269	5.59244
1393	7.36087	0.8366612	-0.0047	8.026236	7.22098
1394	7.37319	0.8194018	-0.0016	8.032271	7.05849
1395	7.39302	0.7632685	-0.0074	8.055552	6.53669
1396	7.42051	0.7548130	0.0018	8.054467	6.45387
1397	7.45066	0.7745500	0.0018	8.039409	6.62947
1398	7.48072	0.8639198	-0.0012	7.991072	7.44851
1399	7.50933	0.8679751	-0.0012	7.983891	7.47996
1400	7.53727	0.7680386	-0.0042	8.026421	6.55330
1401	7.56603	0.7301307	-0.0070	8.039063	6.20165
1402	7.59001	0.5964967	-0.0101	8.097518	4.99051
1403	7.60419	0.4433867	-0.0069	8.165984	3.63427
1404	7.61147	0.4600005	-0.0039	8.156909	3.77880
1405	7.61685	0.4298456	-0.0007	8.169759	3.51487
1406	7.62170	0.3507389	-0.0037	8.204985	2.83073
1407	7.62687	0.3026931	0.0025	8.225713	2.42069
1408	7.63289	0.3312179	-0.0037	8.211640	2.66288
1409	7.64239	0.4866421	-0.0005	8.138630	4.00909
1410	7.66683	0.9159612	-0.0003	7.932385	7.89007
1411	7.69383	0.7262076	-0.0003	8.017142	6.14333
1412	7.71630	0.5284500	-0.0034	8.105133	4.36856
