Scan Count	Temperature [ITS-90, deg C]	Conductivity [S/m]	Depth [salt water, m]	Oxygen Saturation, Weiss [ml/l]	Salinity, Practical [PSU]
1	16.36891	0.0008696	0.0359	6.843157	0.01122
2	16.36830	0.0008634	0.0360	6.843246	0.01119
3	16.36797	0.0008634	0.0391	6.843294	0.01119
4	16.36837	0.0008418	0.0379	6.843240	0.01110
5	16.36844	0.0007832	0.0437	6.843241	0.01084
6	16.36917	0.0008078	0.0321	6.843130	0.01095
7	16.36971	0.0008202	0.0290	6.843050	0.01100
8	16.36904	0.0007215	0.0293	6.843164	0.01058
9	16.36710	0.0006197	0.0184	6.843463	0.01016
10	16.36436	0.0008109	0.0294	6.843827	0.01096
11	16.35554	0.0008233	0.0351	6.845104	0.01101
12	16.33791	0.0008541	0.0235	6.847657	0.01114
13	16.31869	0.0008480	0.0257	6.850450	0.01111
14	16.30954	0.0008325	0.0298	6.851781	0.01104
15	16.30701	0.0008480	0.0388	6.852147	0.01110
16	16.30661	0.0008480	0.0357	6.852205	0.01110
17	16.30734	0.0008480	0.0388	6.852098	0.01110
18	16.30808	0.0008480	0.0389	6.851991	0.01110
19	16.30881	0.0008418	0.0419	6.851886	0.01108
20	16.30941	0.0008480	0.0388	6.851798	0.01110
21	16.30921	0.0008480	0.0359	6.851827	0.01110
22	16.30854	0.0008480	0.0328	6.851924	0.01110
23	16.30761	0.0008541	0.0388	6.852058	0.01113
24	16.30761	0.0008480	0.0449	6.852059	0.01110
25	16.30761	0.0008480	0.0388	6.852059	0.01110
26	16.30728	0.0008541	0.0388	6.852107	0.01113
27	16.30754	0.0008480	0.0419	6.852069	0.01110
28	16.30834	0.0008541	0.0390	6.851952	0.01113
29	16.30841	0.0008480	0.0388	6.851943	0.01110
30	16.30888	0.0008387	0.0358	6.851877	0.01106
31	16.30934	0.0008480	0.0418	6.851807	0.01110
32	16.31021	0.0008480	0.0389	6.851681	0.01110
33	16.30668	-0.1450288	0.0691	6.852657	0.00000
34	15.73696	1.6337598	0.1418	6.452246	11.87799
35	14.60875	1.2833898	0.1872	6.708502	9.40870
36	13.85364	3.3772457	0.2144	6.093498	27.61258
37	13.40126	3.4106306	0.2296	6.127355	28.24651
38	13.09454	3.4453957	0.2569	6.145994	28.79669
39	12.84806	3.4508394	0.2781	6.168907	29.03525
40	12.67951	3.4543829	0.2901	6.184693	29.19823
41	12.56469	3.4642735	0.2933	6.192756	29.38027
42	12.47609	3.4794665	0.2901	6.196213	29.59277
43	12.41148	3.4942927	0.2841	6.197344	29.78382
44	12.37116	3.5024493	0.2841	6.198440	29.89303
45	12.35946	3.4784273	0.2810	6.208432	29.67493
46	12.37056	3.4441241	0.2780	6.219880	29.34190
47	12.37193	3.4506590	0.2872	6.217343	29.40256
48	12.36501	3.4631664	0.2873	6.213463	29.52620
49	12.36787	3.4619546	0.2902	6.213616	29.51249
50	12.37337	3.4672004	0.2872	6.211133	29.55777
51	12.37343	3.4670336	0.2781	6.211188	29.55615
52	12.39642	3.4718714	0.2840	6.207076	29.58377
53	12.46740	3.4853913	0.2871	6.194932	29.65552
54	12.53535	3.4939761	0.2963	6.184936	29.68290
55	12.56139	3.4947415	0.2902	6.182030	29.66960
56	12.58546	3.4973476	0.2963	6.178657	29.67517
57	12.62415	3.5016737	0.2811	6.173194	29.68541
58	12.64484	3.5048617	0.2780	6.169961	29.69909
59	12.64971	3.5087212	0.2841	6.168077	29.73154
60	12.65561	3.5114284	0.2871	6.166507	29.75233
61	12.66175	3.5129434	0.2841	6.165344	29.76174
62	12.66500	3.5169355	0.2841	6.163577	29.79670
63	12.67023	3.5183354	0.2902	6.162547	29.80572
64	12.67469	3.5174321	0.2901	6.162426	29.79371
65	12.67704	3.5193870	0.2871	6.161486	29.81023
66	12.68011	3.5093332	0.2871	6.164804	29.71334
67	12.69793	3.5091718	0.2781	6.163073	29.69780
68	12.77476	3.5114335	0.2811	6.154560	29.65864
69	12.86240	3.5135215	0.2811	6.145048	29.60951
70	12.92332	3.5149782	0.2811	6.138448	29.57550
71	12.96420	3.5161516	0.2871	6.133956	29.55455
72	12.98120	3.5209516	0.2871	6.130558	29.58605
73	13.00585	3.5214353	0.2841	6.127934	29.57132
74	13.03624	3.5212866	0.2841	6.124966	29.54626
75	13.04986	3.5236359	0.2872	6.122781	29.55752
76	13.06069	3.5255468	0.2901	6.121030	29.56687
77	13.07633	3.5274258	0.2872	6.118814	29.57217
78	13.09393	3.5295700	0.2902	6.116312	29.57841
79	13.11068	3.5316113	0.2932	6.113933	29.58434
80	13.12250	3.5326451	0.2871	6.112397	29.58474
81	13.12848	3.5332977	0.2842	6.111576	29.58616
82	13.12823	3.5371307	0.2902	6.110249	29.62196
83	13.11409	3.5399955	0.2871	6.110637	29.65962
84	13.09399	3.5388381	0.2871	6.113034	29.66456
85	13.09344	3.5386959	0.2873	6.113138	29.66366
86	13.10087	3.5398663	0.2811	6.111990	29.66875
87	13.10300	3.5432945	0.3024	6.110569	29.69896
88	13.08546	3.5449511	0.3024	6.111718	29.72809
89	13.04524	3.5442657	0.2993	6.115938	29.75322
90	13.02098	3.5390847	0.2901	6.120175	29.72396
91	13.03466	3.5397635	0.2811	6.118579	29.71958
92	13.13957	3.5400598	0.2812	6.108096	29.64034
93	13.32046	3.5406463	0.2871	6.090054	29.50524
94	13.43604	3.5399594	0.3023	6.078933	29.40965
95	13.48643	3.5417116	0.2993	6.073383	29.38701
96	13.50410	3.5425330	0.2993	6.071366	29.38099
97	13.48667	3.5430184	0.2932	6.072906	29.39886
98	13.48692	3.5436330	0.2811	6.072669	29.40433
99	13.48643	3.5456259	0.2963	6.072028	29.42306
100	13.44803	3.5477169	0.3326	6.075066	29.47190
101	13.33100	3.5408726	0.3992	6.088939	29.49913
102	13.26228	3.5300849	0.4294	6.099482	29.45248
103	13.22926	3.5321269	0.4355	6.102027	29.49696
104	13.23953	3.5339815	0.4537	6.100363	29.50617
105	13.25959	3.5368513	0.4839	6.097379	29.51719
106	13.25451	3.5406148	0.5355	6.096562	29.55597
107	13.22529	3.5466774	0.5748	6.097318	29.63486
108	13.19321	3.5534048	0.6202	6.098116	29.72228
109	13.16397	3.5576291	0.6445	6.099510	29.78438
110	13.13305	3.5595218	0.6687	6.101889	29.82622
111	13.10227	3.5618492	0.6839	6.104100	29.87205
112	13.08017	3.5629970	0.6869	6.105872	29.90013
113	13.05972	3.5666094	0.6839	6.106610	29.94991
114	13.03728	3.5684715	0.6839	6.108163	29.98500
115	13.01807	3.5703857	0.6838	6.109378	30.01805
116	13.00354	3.5721641	0.6839	6.110178	30.04615
117	12.99298	3.5699578	0.6778	6.112002	30.03393
118	12.98205	3.5682191	0.6778	6.113697	30.02634
119	12.96766	3.5700619	0.6687	6.114462	30.05497
120	12.95049	3.5711068	0.6839	6.115785	30.07835
121	12.92272	3.5721975	0.6869	6.118138	30.11062
122	12.88964	3.5741711	0.6900	6.120700	30.15542
123	12.86458	3.5769049	0.6930	6.122200	30.20103
124	12.84431	3.5763726	0.6870	6.124392	30.21222
125	12.81988	3.5713744	0.6809	6.128594	30.18484
126	12.78973	3.5715695	0.6840	6.131508	30.21075
127	12.75677	3.5708495	0.6810	6.135030	30.23036
128	12.73771	3.5712456	0.6900	6.136777	30.24934
129	12.73102	3.5733875	0.6870	6.136671	30.27485
130	12.73681	3.5762765	0.6900	6.135059	30.29738
131	12.75183	3.5784843	0.6871	6.132780	30.30609
132	12.75883	3.5735105	0.6839	6.133872	30.25372
133	12.75653	3.5726602	0.6748	6.134404	30.24757
134	12.75889	3.5726602	0.6840	6.134171	30.24568
135	12.77379	3.5740037	0.6870	6.132213	30.24637
136	12.79342	3.5763473	0.6931	6.129432	30.25268
137	12.81082	3.5787824	0.6902	6.126839	30.26162
138	12.82441	3.5773989	0.6871	6.125991	30.23775
139	12.83016	3.5743925	0.6871	6.126498	30.20495
140	12.83312	3.5746003	0.6811	6.126131	30.20453
141	12.83602	3.5754572	0.6810	6.125538	30.21026
142	12.84007	3.5761779	0.6902	6.124880	30.21378
143	12.84612	3.5752883	0.6902	6.124600	30.20060
144	12.85199	3.5741846	0.6902	6.124414	30.18557
145	12.85629	3.5744637	0.6871	6.123890	30.18476
146	12.85992	3.5755219	0.6933	6.123154	30.19178
147	12.86482	3.5771971	0.6933	6.122072	30.20357
148	12.87214	3.5791129	0.6842	6.120665	30.21569
149	12.87940	3.5785218	0.6841	6.120159	30.20435
150	12.88328	3.5764111	0.6933	6.120529	30.18148
151	12.88425	3.5765085	0.6902	6.120399	30.18162
152	12.88582	3.5778592	0.6903	6.119762	30.19302
153	12.89000	3.5807626	0.6903	6.118315	30.21689
154	12.90145	3.5843883	0.6933	6.115894	30.24171
155	12.91145	3.5842907	0.6873	6.114944	30.23281
156	12.91866	3.5859090	0.6843	6.113657	30.24221
157	12.95201	3.5838613	0.6904	6.111103	30.19644
158	13.01527	3.5823075	0.6933	6.105430	30.13157
159	13.10319	3.5815853	0.6964	6.097048	30.05512
160	13.19394	3.5793820	0.6964	6.088922	29.96296
161	13.25035	3.5767640	0.6995	6.084314	29.89428
162	13.28303	3.5758416	0.6903	6.081438	29.86009
163	13.32910	3.5749191	0.6874	6.077253	29.81547
164	13.36442	3.5751849	0.6845	6.073707	29.79032
165	13.37369	3.5757756	0.6935	6.072597	29.78854
166	13.37056	3.5752497	0.6996	6.073085	29.78612
167	13.35933	3.5741657	0.6995	6.074560	29.78486
168	13.34032	3.5733415	0.7057	6.076706	29.79209
169	13.33075	3.5734065	0.6936	6.077619	29.80017
170	13.34498	3.5724457	0.6845	6.076562	29.78017
171	13.36301	3.5718614	0.6906	6.075003	29.76068
172	13.37694	3.5716341	0.6967	6.073720	29.74771
173	13.38462	3.5728801	0.6966	6.072537	29.75324
174	13.39118	3.5752820	0.7058	6.071060	29.77031
175	13.40949	3.5754635	0.6998	6.069210	29.75772
176	13.42866	3.5746907	0.6908	6.067607	29.73564
177	13.44385	3.5713996	0.6876	6.067266	29.69345
178	13.46673	3.5660145	0.6907	6.066899	29.62600
179	13.49492	3.5652553	0.6938	6.064409	29.59715
180	13.52647	3.5673630	0.7030	6.060604	29.59214
181	13.55896	3.5688028	0.7029	6.056940	29.58025
182	13.59279	3.5602035	0.7030	6.056607	29.47510
183	13.63146	3.5395046	0.6908	6.059952	29.25545
184	13.66412	3.5223380	0.6879	6.062652	29.07330
185	13.69432	3.5117712	0.6848	6.063316	28.95375
186	13.73491	3.5044629	0.6939	6.061837	28.85639
187	13.77256	3.4952105	0.7031	6.061304	28.74371
188	13.80062	3.4891568	0.7030	6.060613	28.66756
189	13.82435	3.4903141	0.7000	6.057888	28.66040
190	13.84536	3.4958532	0.6940	6.053941	28.69514
191	13.85892	3.5026902	0.6820	6.050287	28.74724
192	13.86589	3.5074831	0.6819	6.047976	28.78565
193	13.84891	3.5132847	0.6942	6.047663	28.85120
194	13.82305	3.5184191	0.6971	6.048443	28.91742
195	13.79447	3.5124406	0.7062	6.053275	28.88440
196	13.75673	3.5045270	0.7033	6.059673	28.84056
197	13.72759	3.5051072	0.6972	6.062334	28.86777
198	13.71166	3.5068791	0.6881	6.063290	28.89595
199	13.69736	3.5115133	0.6972	6.063106	28.94910
200	13.68262	3.5178401	0.6973	6.062382	29.01811
201	13.67309	3.5149891	0.7064	6.064295	28.99923
202	13.66634	3.5083553	0.7004	6.067234	28.94363
203	13.66090	3.5054236	0.7005	6.068775	28.92091
204	13.66133	3.5055202	0.7004	6.068699	28.92147
205	13.66059	3.5097411	0.7004	6.067323	28.96066
206	13.65471	3.5176468	0.7005	6.065185	29.03747
207	13.64908	3.5220284	0.7006	6.064232	29.08186
208	13.63863	3.5242103	0.7036	6.064507	29.10979
209	13.61947	3.5250240	0.7005	6.066105	29.13181
210	13.59983	3.5239396	0.7005	6.068404	29.13681
211	13.58007	3.5231135	0.6946	6.070628	29.14428
212	13.56544	3.5248310	0.6976	6.071471	29.17118
213	13.55631	3.5267682	0.6946	6.071699	29.19593
214	13.54835	3.5276789	0.7007	6.072165	29.21037
215	13.54465	3.5265488	0.7006	6.072919	29.20281
216	13.54508	3.5246246	0.6976	6.073541	29.18481
217	13.53849	3.5249604	0.6887	6.074072	29.19293
218	13.52881	3.5264521	0.6947	6.074508	29.21403
219	13.51950	3.5304568	0.7069	6.074037	29.25795
220	13.50706	3.5366093	0.7130	6.073131	29.32406
221	13.49665	3.5330351	0.7100	6.075389	29.29916
222	13.49037	3.5296302	0.7008	6.077184	29.27265
223	13.48593	3.5317881	0.6887	6.076872	29.29591
224	13.48199	3.5343989	0.6948	6.076355	29.32296
225	13.47467	3.5365127	0.6980	6.076342	29.34804
226	13.46175	3.5400369	0.7101	6.076389	29.39042
227	13.44950	3.5446170	0.7162	6.076002	29.44205
228	13.44465	3.5399271	0.7102	6.078105	29.40257
229	13.44016	3.5382717	0.6981	6.079120	29.39077
230	13.43456	3.5392482	0.7011	6.079330	29.40408
231	13.43266	3.5403541	0.6921	6.079133	29.41575
232	13.43026	3.5413308	0.7042	6.079030	29.42659
233	13.42688	3.5438408	0.7043	6.078490	29.45235
234	13.42331	3.5490249	0.7073	6.077040	29.50291
235	13.42411	3.5454974	0.7072	6.078186	29.46976
236	13.41920	3.5434463	0.6952	6.079381	29.45464
237	13.41379	3.5438733	0.6923	6.079763	29.46275
238	13.41035	3.5453357	0.6953	6.079593	29.47890
239	13.40635	3.5467725	0.6984	6.079485	29.49524
240	13.40199	3.5489927	0.7136	6.079142	29.51909
241	13.39610	3.5529491	0.7104	6.078344	29.56018
242	13.39505	3.5528131	0.7075	6.078494	29.55974
243	13.39174	3.5510776	0.7045	6.079422	29.54628
244	13.38590	3.5502619	0.6924	6.080278	29.54327
245	13.38431	3.5497828	0.7015	6.080602	29.54008
246	13.38308	3.5500353	0.7046	6.080634	29.54336
247	13.37983	3.5517318	0.7077	6.080363	29.56155
248	13.37848	3.5546787	0.7076	6.079470	29.58982
249	13.37891	3.5555274	0.7077	6.079133	29.59732
250	13.37725	3.5536294	0.7138	6.079956	29.58107
251	13.37657	3.5516995	0.6986	6.080693	29.56377
252	13.37283	3.5513757	0.7049	6.081173	29.56368
253	13.36626	3.5517449	0.7018	6.081689	29.57218
254	13.36246	3.5526516	0.7110	6.081747	29.58351
255	13.35816	3.5539924	0.7201	6.081701	29.59923
256	13.35166	3.5550029	0.7110	6.081987	29.61362
257	13.34847	3.5538046	0.7080	6.082717	29.60502
258	13.34731	3.5533059	0.6960	6.083005	29.60132
259	13.35062	3.5541220	0.6929	6.082396	29.60629
260	13.35307	3.5547438	0.6991	6.081938	29.61013
261	13.34884	3.5534613	0.7111	6.082801	29.60156
262	13.34412	3.5562469	0.7112	6.082293	29.63098
263	13.34338	3.5562469	0.7112	6.082365	29.63155
264	13.34817	3.5534354	0.6930	6.082876	29.60185
265	13.34406	3.5535326	0.6992	6.083245	29.60594
266	13.33799	3.5542841	0.6961	6.083579	29.61760
267	13.33210	3.5544137	0.7023	6.084111	29.62337
268	13.32928	3.5557871	0.7083	6.083909	29.63826
269	13.33106	3.5573550	0.7115	6.083188	29.65139
270	13.33370	3.5566746	0.7085	6.083166	29.64304
271	13.32959	3.5568691	0.6963	6.083501	29.64804
272	13.32003	3.5577828	0.6964	6.084120	29.66393
273	13.31420	3.5584050	0.6964	6.084474	29.67422
274	13.31365	3.5585281	0.6964	6.084485	29.67579
275	13.31574	3.5572256	0.7146	6.084736	29.66211
276	13.31451	3.5600447	0.7147	6.083872	29.68915
277	13.31402	3.5610948	0.7087	6.083553	29.69926
278	13.31494	3.5603882	0.6996	6.083710	29.69200
279	13.30894	3.5609652	0.6936	6.084097	29.70203
280	13.30109	3.5613218	0.6967	6.084742	29.71144
281	13.29595	3.5594551	0.7088	6.085899	29.69816
282	13.29460	3.5594940	0.7119	6.086018	29.69957
283	13.29552	3.5621452	0.7058	6.085001	29.72341
284	13.30312	3.5623396	0.7028	6.084188	29.71929
285	13.30269	3.5622424	0.6999	6.084264	29.71872
286	13.29466	3.5625018	0.7029	6.084960	29.72738
287	13.28689	3.5620092	0.7120	6.085895	29.72888
288	13.28046	3.5623723	0.7060	6.086399	29.73727
289	13.27819	3.5638506	0.7151	6.086104	29.75273
290	13.28272	3.5628002	0.7030	6.086027	29.73946
291	13.28217	3.5611470	0.7031	6.086659	29.72458
292	13.27985	3.5598830	0.7031	6.087330	29.71468
293	13.27868	3.5607646	0.7001	6.087135	29.72376
294	13.27611	3.5624372	0.7063	6.086803	29.74126
295	13.27134	3.5627679	0.7123	6.087156	29.74805
296	13.26810	3.5626318	0.7124	6.087522	29.74932
297	13.26816	3.5627679	0.7094	6.087468	29.75054
298	13.27005	3.5636173	0.7064	6.086985	29.75693
299	13.27495	3.5646677	0.7064	6.086137	29.76284
300	13.27930	3.5651152	0.7125	6.085554	29.76359
301	13.28174	3.5646028	0.7095	6.085493	29.75693
302	13.28272	3.5650632	0.7157	6.085236	29.76043
303	13.28560	3.5667365	0.7035	6.084369	29.77369
304	13.29001	3.5670284	0.7065	6.083835	29.77294
305	13.29197	3.5670543	0.6975	6.083634	29.77166
306	13.29399	3.5664381	0.7037	6.083651	29.76437
307	13.29687	3.5652576	0.7097	6.083781	29.75118
308	13.29705	3.5650955	0.7097	6.083820	29.74954
309	13.29865	3.5668077	0.7067	6.083066	29.76415
310	13.30128	3.5663083	0.6977	6.082982	29.75747
311	13.30189	3.5659450	0.7008	6.083049	29.75363
312	13.30220	3.5659450	0.7008	6.083019	29.75339
313	13.30226	3.5643367	0.7070	6.083575	29.73845
314	13.30189	3.5634224	0.7159	6.083930	29.73026
315	13.30330	3.5656856	0.7131	6.083002	29.75012
316	13.31114	3.5658476	0.7009	6.082176	29.74551
317	13.31427	3.5650629	0.6950	6.082144	29.73580
318	13.31488	3.5646673	0.6980	6.082222	29.73166
319	13.31512	3.5638502	0.7012	6.082483	29.72391
320	13.31659	3.5632601	0.7072	6.082545	29.71730
321	13.31892	3.5628970	0.7102	6.082444	29.71212
322	13.32205	3.5628970	0.7162	6.082138	29.70968
323	13.32450	3.5622162	0.7103	6.082135	29.70147
324	13.32677	3.5618142	0.7042	6.082053	29.69598
325	13.32781	3.5621772	0.6952	6.081824	29.69854
326	13.32781	3.5627672	0.7013	6.081618	29.70399
327	13.32928	3.5631497	0.7043	6.081340	29.70639
328	13.33020	3.5628969	0.7075	6.081339	29.70333
329	13.33075	3.5633896	0.7196	6.081113	29.70745
330	13.33437	3.5646346	0.7106	6.080324	29.71616
331	13.34001	3.5642390	0.7045	6.079909	29.70810
332	13.34252	3.5637721	0.6986	6.079826	29.70183
333	13.34344	3.5638823	0.7017	6.079697	29.70213
334	13.34528	3.5637137	0.7077	6.079576	29.69913
335	13.34768	3.5621770	0.7198	6.079877	29.68305
336	13.34860	3.5618723	0.7168	6.079893	29.67952
337	13.35393	3.5623066	0.7047	6.079219	29.67939
338	13.36135	3.5628965	0.6958	6.078287	29.67907
339	13.36424	3.5630261	0.7048	6.077959	29.67802
340	13.36405	3.5632207	0.7019	6.077909	29.67996
341	13.36344	3.5627344	0.7110	6.078139	29.67594
342	13.36375	3.5624686	0.7231	6.078202	29.67324
343	13.36780	3.5633892	0.7050	6.077484	29.67861
344	13.37443	3.5637782	0.7020	6.076700	29.67705
345	13.37927	3.5641153	0.6991	6.076108	29.67639
346	13.38075	3.5643747	0.7051	6.075874	29.67764
347	13.38044	3.5643034	0.7082	6.075928	29.67722
348	13.37970	3.5642385	0.7173	6.076023	29.67719
349	13.38013	3.5648611	0.7113	6.075765	29.68261
350	13.38443	3.5650815	0.7052	6.075267	29.68131
351	13.38738	3.5653539	0.7022	6.074884	29.68153
352	13.38775	3.5653214	0.7084	6.074860	29.68094
353	13.38768	3.5652890	0.7114	6.074877	29.68069
354	13.38799	3.5645627	0.7024	6.075099	29.67374
355	13.38848	3.5646016	0.7084	6.075038	29.67372
356	13.39241	3.5649647	0.7085	6.074527	29.67402
357	13.39548	3.5651268	0.7054	6.074170	29.67313
358	13.39579	3.5653213	0.7056	6.074073	29.67469
359	13.39579	3.5652565	0.7025	6.074095	29.67409
360	13.39628	3.5651592	0.7117	6.074081	29.67280
361	13.39628	3.5650295	0.7087	6.074126	29.67161
362	13.39585	3.5649646	0.7056	6.074191	29.67134
363	13.39585	3.5651527	0.7028	6.074125	29.67308
364	13.39616	3.5651592	0.7027	6.074093	29.67290
365	13.39683	3.5650619	0.6997	6.074061	29.67148
366	13.39671	3.5651268	0.6938	6.074050	29.67218
367	13.39518	3.5651916	0.7089	6.074178	29.67396
368	13.39315	3.5647701	0.7149	6.074523	29.67164
369	13.39131	3.5645367	0.7121	6.074784	29.67092
370	13.39149	3.5649647	0.7060	6.074617	29.67473
371	13.39303	3.5654186	0.7031	6.074309	29.67774
372	13.39174	3.5657170	0.6970	6.074331	29.68150
373	13.38910	3.5657041	0.6970	6.074594	29.68343
374	13.38615	3.5655549	0.7122	6.074935	29.68434
375	13.38406	3.5656847	0.7123	6.075094	29.68716
376	13.38437	3.5659117	0.7001	6.074984	29.68903
377	13.38382	3.5659441	0.6942	6.075027	29.68976
378	13.38198	3.5657820	0.6972	6.075264	29.68969
379	13.38026	3.5656198	0.6972	6.075488	29.68953
380	13.37768	3.5658469	0.7003	6.075662	29.69364
381	13.37479	3.5663074	0.7063	6.075784	29.70014
382	13.37338	3.5661193	0.7064	6.075987	29.69950
383	13.37265	3.5660804	0.7004	6.076073	29.69971
384	13.37228	3.5662750	0.6975	6.076041	29.70180
385	13.37136	3.5662750	0.6974	6.076131	29.70252
386	13.37074	3.5660480	0.7035	6.076270	29.70089
387	13.36952	3.5660805	0.6975	6.076379	29.70215
388	13.36817	3.5661453	0.6946	6.076489	29.70380
389	13.36829	3.5659767	0.6976	6.076535	29.70215
390	13.36884	3.5654189	0.6946	6.076675	29.69656
391	13.36927	3.5648742	0.7007	6.076823	29.69119
392	13.37001	3.5649001	0.7068	6.076742	29.69085
393	13.37111	3.5657497	0.7038	6.076338	29.69785
394	13.37160	3.5663723	0.7007	6.076073	29.70322
395	13.37209	3.5665734	0.7007	6.075955	29.70470
396	13.37234	3.5664631	0.7040	6.075970	29.70349
397	13.37252	3.5659118	0.7069	6.076144	29.69825
398	13.37277	3.5657172	0.7100	6.076187	29.69626
399	13.37400	3.5662750	0.7040	6.075873	29.70046
400	13.37516	3.5666706	0.7011	6.075621	29.70321
401	13.37553	3.5668652	0.7011	6.075517	29.70472
402	13.37578	3.5665409	0.7011	6.075606	29.70153
403	13.37578	3.5659118	0.7103	6.075825	29.69571
404	13.37602	3.5663074	0.7102	6.075664	29.69918
405	13.37848	3.5663917	0.7073	6.075394	29.69805
406	13.38038	3.5662101	0.6983	6.075271	29.69489
407	13.38081	3.5662425	0.6983	6.075218	29.69486
408	13.38124	3.5661452	0.7044	6.075210	29.69362
409	13.38087	3.5659766	0.7104	6.075304	29.69235
410	13.38038	3.5658793	0.7135	6.075386	29.69183
411	13.38050	3.5661776	0.7137	6.075270	29.69449
412	13.38124	3.5666381	0.7015	6.075038	29.69818
413	13.38118	3.5668327	0.7046	6.074976	29.70002
414	13.38069	3.5666706	0.6985	6.075081	29.69891
415	13.38020	3.5663398	0.7106	6.075244	29.69623
416	13.37946	3.5662101	0.7107	6.075361	29.69560
417	13.37909	3.5668976	0.7139	6.075158	29.70224
418	13.37817	3.5673258	0.7108	6.075099	29.70692
419	13.37547	3.5673647	0.7079	6.075350	29.70938
420	13.37289	3.5675204	0.7018	6.075548	29.71283
421	13.37074	3.5673583	0.7048	6.075814	29.71301
422	13.36896	3.5669950	0.7049	6.076115	29.71103
423	13.36639	3.5672610	0.7049	6.076274	29.71550
424	13.36258	3.5680460	0.7171	6.076373	29.72572
425	13.35859	3.5684093	0.7081	6.076637	29.73219
426	13.35602	3.5681823	0.7020	6.076968	29.73210
427	13.35283	3.5676893	0.7052	6.077452	29.73003
428	13.34823	3.5674299	0.6991	6.077992	29.73122
429	13.34351	3.5675921	0.7022	6.078398	29.73640
430	13.34007	3.5677543	0.7021	6.078678	29.74058
431	13.33701	3.5676571	0.7052	6.079012	29.74207
432	13.33437	3.5675533	0.7114	6.079306	29.74316
433	13.33075	3.5676377	0.7144	6.079631	29.74677
434	13.32701	3.5676572	0.7084	6.079990	29.74987
435	13.32413	3.5677221	0.7055	6.080250	29.75272
436	13.32144	3.5679167	0.6993	6.080446	29.75663
437	13.31874	3.5680530	0.6994	6.080662	29.75999
438	13.31390	3.5680141	0.7086	6.081150	29.76341
439	13.30869	3.5680466	0.7086	6.081649	29.76778
440	13.30569	3.5679169	0.7087	6.081988	29.76892
441	13.30483	3.5679169	0.7117	6.082072	29.76959
442	13.30544	3.5679494	0.7086	6.082001	29.76941
443	13.30630	3.5679818	0.7118	6.081906	29.76904
444	13.30557	3.5680791	0.7057	6.081943	29.77052
445	13.30465	3.5678521	0.7088	6.082113	29.76914
446	13.30434	3.5676899	0.7029	6.082199	29.76788
447	13.30489	3.5676380	0.7028	6.082163	29.76696
448	13.30593	3.5673590	0.7150	6.082159	29.76356
449	13.30734	3.5673914	0.7181	6.082010	29.76276
450	13.30753	3.5684099	0.7090	6.081636	29.77205
451	13.30759	3.5685397	0.7000	6.081585	29.77321
452	13.30734	3.5685721	0.7001	6.081597	29.77370
453	13.30808	3.5687732	0.7030	6.081455	29.77499
454	13.30894	3.5684099	0.7153	6.081498	29.77095
455	13.31028	3.5678520	0.7244	6.081561	29.76473
456	13.31329	3.5693701	0.7214	6.080737	29.77644
457	13.31715	3.5692662	0.7003	6.080395	29.77247
458	13.31647	3.5693960	0.6972	6.080416	29.77420
459	13.31378	3.5694934	0.7003	6.080646	29.77721
460	13.31218	3.5688056	0.7093	6.081042	29.77208
461	13.31286	3.5687083	0.7156	6.081010	29.77065
462	13.31408	3.5698892	0.7125	6.080478	29.78063
463	13.31476	3.5698243	0.7066	6.080434	29.77950
464	13.31120	3.5692663	0.7095	6.080977	29.77711
465	13.30710	3.5689030	0.7066	6.081506	29.77696
466	13.30330	3.5689874	0.7157	6.081848	29.78070
467	13.29969	3.5692664	0.7127	6.082105	29.78611
468	13.29675	3.5694287	0.7067	6.082336	29.78992
469	13.29424	3.5694287	0.7097	6.082582	29.79188
470	13.29344	3.5692016	0.7098	6.082739	29.79040
471	13.29258	3.5689162	0.7098	6.082923	29.78842
472	13.29044	3.5690005	0.7069	6.083104	29.79088
473	13.28817	3.5692990	0.7099	6.083221	29.79542
474	13.28652	3.5693315	0.7099	6.083372	29.79701
475	13.28499	3.5692666	0.7129	6.083545	29.79761
476	13.28364	3.5693315	0.7130	6.083654	29.79926
477	13.28309	3.5696300	0.7131	6.083604	29.80246
478	13.28272	3.5697598	0.7010	6.083594	29.80395
479	13.28168	3.5696624	0.7131	6.083730	29.80386
480	13.28028	3.5694029	0.7101	6.083959	29.80256
481	13.27936	3.5694613	0.7163	6.084028	29.80382
482	13.27966	3.5697598	0.7133	6.083894	29.80634
483	13.27997	3.5697922	0.7102	6.083853	29.80641
484	13.27948	3.5697922	0.7072	6.083901	29.80679
485	13.27887	3.5697468	0.7104	6.083977	29.80685
486	13.27868	3.5698571	0.7074	6.083956	29.80802
487	13.27862	3.5699869	0.7134	6.083917	29.80926
488	13.27789	3.5700518	0.7074	6.083966	29.81044
489	13.27685	3.5701556	0.7075	6.084031	29.81222
490	13.27605	3.5699220	0.7166	6.084191	29.81067
491	13.27544	3.5694614	0.7166	6.084412	29.80688
492	13.27489	3.5696950	0.7226	6.084385	29.80948
493	13.27538	3.5702854	0.7166	6.084130	29.81457
494	13.27660	3.5705450	0.7045	6.083919	29.81602
495	13.27783	3.5707202	0.7077	6.083738	29.81669
496	13.27856	3.5706488	0.7107	6.083691	29.81545
497	13.27813	3.5694289	0.7139	6.084160	29.80448
498	13.27844	3.5705125	0.7168	6.083751	29.81428
499	13.28144	3.5708240	0.7169	6.083348	29.81482
500	13.28407	3.5706812	0.7048	6.083140	29.81144
501	13.28426	3.5705773	0.7018	6.083158	29.81033
502	13.28401	3.5700842	0.7140	6.083355	29.80595
503	13.28407	3.5686113	0.7413	6.083864	29.79224
504	13.28426	3.5699933	0.7595	6.083363	29.80490
505	13.28572	3.5699544	0.7868	6.083233	29.80338
506	13.28774	3.5689357	0.8261	6.083392	29.79234
507	13.28977	3.5688060	0.9140	6.083240	29.78953
508	13.29246	3.5694613	1.0624	6.082750	29.79344
509	13.29509	3.5680210	1.2320	6.082997	29.77797
510	13.28511	3.5683131	1.3895	6.083875	29.78842
511	13.24632	3.5697280	1.5682	6.087186	29.83185
512	13.18246	3.5717665	1.7257	6.092738	29.90084
513	13.09411	3.5721310	1.8801	6.101292	29.97377
514	13.00950	3.5706524	2.0469	6.110147	30.02681
515	12.93387	3.5707831	2.2163	6.117562	30.08794
516	12.85919	3.5720949	2.3800	6.124474	30.15959
517	12.79149	3.5719335	2.5645	6.131231	30.21206
518	12.72614	3.5703574	2.7554	6.138274	30.24947
519	12.64574	3.5658496	2.9432	6.147883	30.27143
520	12.54297	3.5591730	3.1340	6.160538	30.29096
521	12.44233	3.5566534	3.3218	6.171510	30.34817
522	12.36322	3.5554429	3.5095	6.179876	30.40060
523	12.30477	3.5548865	3.6943	6.185944	30.44263
524	12.25022	3.5493632	3.8852	6.193459	30.43431
525	12.15205	3.5363028	4.0911	6.208181	30.38952
526	12.03319	3.5323681	4.2726	6.221674	30.44859
527	11.92916	3.5285642	4.4726	6.233658	30.49702
528	11.85862	3.5292885	4.6696	6.240566	30.56170
529	11.81984	3.5302322	4.8481	6.244163	30.60257
530	11.79849	3.5303100	5.0452	6.246312	30.62080
531	11.78944	3.5311759	5.2328	6.246911	30.63652
532	11.78403	3.5303943	5.4145	6.247760	30.63337
533	11.77886	3.5291799	5.6053	6.248748	30.62585
534	11.77669	3.5298454	5.7870	6.248721	30.63398
535	11.77375	3.5278625	5.9870	6.249773	30.61722
536	11.73172	3.5175610	6.1898	6.257964	30.55244
537	11.64188	3.5100561	6.3836	6.270020	30.55385
538	11.55319	3.5069959	6.5896	6.280306	30.59729
539	11.47863	3.5044327	6.7985	6.288970	30.63399
540	11.41714	3.5005048	7.0317	6.296830	30.64669
541	11.35180	3.4979369	7.2740	6.304582	30.67582
542	11.29708	3.4980084	7.5073	6.310229	30.72193
543	11.26299	3.4981312	7.7344	6.313719	30.75143
544	11.24127	3.4965223	7.9736	6.316601	30.75374
545	11.20232	3.4912276	8.2098	6.322710	30.73443
546	11.14411	3.4879678	8.4673	6.330044	30.75103
547	11.08651	3.4856347	8.7216	6.336966	30.77623
548	11.03430	3.4851276	8.9638	6.342622	30.81489
549	10.99746	3.4861181	9.2152	6.346089	30.85543
550	10.96962	3.4825449	9.4664	6.350411	30.84360
551	10.88567	3.4620450	9.7087	6.367320	30.71230
552	10.69993	3.4386964	9.9723	6.396250	30.63751
553	10.47371	3.4298346	10.2297	6.423924	30.73979
554	10.27479	3.4248174	10.4781	6.447294	30.85813
555	10.11650	3.4215895	10.7232	6.465672	30.96061
556	10.00385	3.4198168	10.9686	6.478584	31.03920
557	9.92468	3.4182036	11.2078	6.487836	31.09091
558	9.86896	3.4160037	11.4653	6.494805	31.11661
559	9.83061	3.4148818	11.7105	6.499447	31.13827
560	9.80139	3.4117644	11.9710	6.503936	31.13186
561	9.77870	3.4112038	12.2191	6.506646	31.14569
562	9.75937	3.4100249	12.4706	6.509251	31.15036
563	9.73693	3.4069665	12.7310	6.512988	31.13866
564	9.71073	3.4053678	12.9916	6.516526	31.14501
565	9.69138	3.4053171	13.2458	6.518666	31.16115
566	9.66365	3.3998028	13.4941	6.524028	31.12907
567	9.62683	3.3977473	13.7485	6.528933	31.13997
568	9.57974	3.3927722	13.9878	6.536210	31.13008
569	9.51615	3.3871454	14.2330	6.545595	31.12783
570	9.44975	3.3843242	14.4754	6.554120	31.15663
571	9.39685	3.3829841	14.7236	6.560537	31.18887
572	9.36079	3.3824318	14.9872	6.564765	31.21455
573	9.33594	3.3819811	15.2324	6.567711	31.23152
574	9.31809	3.3810348	15.4837	6.570097	31.23730
575	9.30213	3.3787612	15.7411	6.572848	31.22784
576	9.28205	3.3755359	15.9954	6.576467	31.21221
577	9.24422	3.3706242	16.2438	6.582788	31.19476
578	9.19621	3.3693305	16.4830	6.588689	31.22334
579	9.15238	3.3676184	16.7223	6.594316	31.24401
580	9.11501	3.3651393	16.9675	6.599563	31.25114
581	9.08227	3.3631616	17.2279	6.604083	31.25938
582	9.05475	3.3623189	17.4702	6.607529	31.27475
583	9.03178	3.3616474	17.7306	6.610394	31.28788
584	9.01408	3.3603484	18.0062	6.612947	31.28992
585	9.00086	3.3604184	18.2667	6.614401	31.30216
586	8.98917	3.3606024	18.5179	6.615634	31.31424
587	8.98104	3.3603871	18.7753	6.616644	31.31906
588	8.97771	3.3592529	19.0389	6.617518	31.31016
589	8.97449	3.3586130	19.2992	6.618163	31.30627
590	8.96843	3.3573587	19.5748	6.619397	31.29852
591	8.95850	3.3550343	19.8413	6.621533	31.28311
592	8.92796	3.3494061	20.1107	6.627435	31.25166
593	8.87915	3.3457491	20.3712	6.634538	31.25664
594	8.82713	3.3410314	20.6437	6.642484	31.25344
595	8.77225	3.3376056	20.9193	6.650201	31.26615
596	8.72027	3.3362601	21.1706	6.656682	31.29795
597	8.68022	3.3346303	21.4339	6.661948	31.31630
598	8.65281	3.3339736	21.7127	6.665352	31.33360
599	8.63122	3.3333168	21.9700	6.668100	31.34578
600	8.61294	3.3322937	22.2245	6.670637	31.35121
601	8.59061	3.3263583	22.4938	6.675831	31.30896
602	8.53562	3.3160759	22.7603	6.686703	31.25019
603	8.45345	3.3123956	23.0268	6.697753	31.28441
604	8.38258	3.3101468	23.2872	6.706890	31.32369
605	8.31790	3.3038746	23.5477	6.717162	31.31528
606	8.23901	3.2960344	23.8172	6.729816	31.30297
607	8.15269	3.2924445	24.0775	6.741431	31.34203
608	8.07680	3.2893587	24.3409	6.751639	31.37719
609	8.01773	3.2875809	24.6105	6.759317	31.41121
610	7.97172	3.2860232	24.8709	6.765387	31.43590
611	7.93630	3.2847672	25.1403	6.770094	31.45431
612	7.90674	3.2827576	25.4038	6.774473	31.45945
613	7.88120	3.2812194	25.6705	6.778170	31.46600
614	7.85768	3.2804663	25.9398	6.781269	31.47906
615	7.83800	3.2793993	26.2094	6.784068	31.48533
616	7.82389	3.2783009	26.4787	6.786233	31.48625
617	7.81128	3.2781442	26.7300	6.787785	31.49585
618	7.80121	3.2778557	26.9845	6.789102	31.50176
619	7.79395	3.2767010	27.2449	6.790495	31.49590
620	7.78605	3.2741974	27.5113	6.792593	31.47623
621	7.76466	3.2694057	27.7718	6.797343	31.44436
622	7.72444	3.2660646	28.0443	6.803630	31.44490
623	7.68268	3.2633202	28.3349	6.809830	31.45318
624	7.64730	3.2628820	28.6197	6.814204	31.48036
625	7.61970	3.2635403	28.8771	6.817147	31.51226
626	7.60060	3.2626947	29.1344	6.819800	31.52040
627	7.58916	3.2620747	29.3978	6.821446	31.52401
628	7.58263	3.2616049	29.6642	6.822443	31.52479
629	7.57952	3.2616364	29.9247	6.822800	31.52783
630	7.57804	3.2615738	30.1881	6.823009	31.52837
631	7.57604	3.2606405	30.4364	6.823691	31.52008
632	7.57203	3.2597011	30.7089	6.824613	31.51353
633	7.56703	3.2595760	30.9603	6.825267	31.51661
634	7.56176	3.2583047	31.2389	6.826495	31.50764
635	7.55207	3.2553371	31.5053	6.829049	31.48451
636	7.52159	3.2515822	31.7597	6.834435	31.47176
637	7.47683	3.2465533	32.0323	6.842127	31.45826
638	7.42246	3.2435465	32.3016	6.850013	31.47515
639	7.36842	3.2401408	32.5681	6.858067	31.48748
640	7.31922	3.2386293	32.8376	6.864654	31.51583
641	7.27986	3.2379488	33.0920	6.869677	31.54424
642	7.25219	3.2373932	33.3434	6.873250	31.56336
643	7.23233	3.2362816	33.6067	6.876162	31.56937
644	7.21718	3.2350140	33.8701	6.878588	31.56939
645	7.20303	3.2335592	34.1336	6.880986	31.56647
646	7.19019	3.2336843	34.4001	6.882468	31.57944
647	7.18136	3.2332536	34.6606	6.883736	31.58272
648	7.17484	3.2321737	34.9208	6.885044	31.57688
649	7.16295	3.2296458	35.1874	6.887695	31.56027
650	7.13572	3.2257027	35.4538	6.892871	31.54234
651	7.09894	3.2223476	35.7264	6.898919	31.53949
652	7.05594	3.2189067	35.9838	6.905766	31.54138
653	7.00867	3.2159284	36.2532	6.912915	31.55220
654	6.96016	3.2122784	36.5228	6.920556	31.55685
655	6.90720	3.2093086	36.7831	6.928418	31.57300
656	6.85917	3.2063710	37.0466	6.935682	31.58498
657	6.81357	3.2044797	37.3009	6.942148	31.60617
658	6.77748	3.2037771	37.5704	6.946882	31.63161
659	6.75465	3.2031303	37.8216	6.949982	31.64548
660	6.73818	3.2024338	38.0821	6.952335	31.65294
661	6.72398	3.2021852	38.3486	6.954191	31.66320
662	6.71325	3.2009973	38.6241	6.956092	31.65998
663	6.69999	3.1948980	38.9480	6.960738	31.60526
664	6.67173	3.1931955	39.2358	6.965036	31.61254
665	6.64148	3.1936806	39.4931	6.968493	31.64568
666	6.61671	3.1927986	39.7534	6.971964	31.65878
667	6.59721	3.1916432	40.0199	6.974930	31.66402
668	6.58111	3.1904879	40.2832	6.977482	31.66611
669	6.56799	3.1900595	40.5469	6.979306	31.67342
670	6.55879	3.1896683	40.8042	6.980634	31.67753
671	6.55082	3.1886685	41.0767	6.982116	31.67379
672	6.54260	3.1874825	41.3401	6.983722	31.66824
673	6.53237	3.1869052	41.6006	6.985270	31.67124
674	6.51969	3.1855394	41.8550	6.987515	31.66785
675	6.50557	3.1839566	42.1245	6.990047	31.66338
676	6.49217	3.1829886	42.3850	6.992183	31.66502
677	6.48026	3.1819275	42.6543	6.994184	31.66425
678	6.46528	3.1793218	42.9057	6.997340	31.64930
679	6.44482	3.1762827	43.1753	7.001392	31.63464
680	6.41740	3.1719432	43.4356	7.006961	31.61207
681	6.38079	3.1672033	43.6990	7.013878	31.59357
682	6.33592	3.1645838	43.9626	7.020755	31.60611
683	6.29355	3.1637050	44.2228	7.026452	31.63561
684	6.26148	3.1622999	44.4862	7.031145	31.64974
685	6.23051	3.1597685	44.7557	7.036282	31.65038
686	6.19798	3.1578134	45.0222	7.041326	31.65885
687	6.16787	3.1560072	45.2857	7.045998	31.66673
688	6.13860	3.1556487	45.5461	7.049831	31.68993
689	6.10919	3.1543377	45.7975	7.054172	31.70270
690	6.08337	3.1527672	46.0608	7.058204	31.70923
691	6.05649	3.1496514	46.3212	7.063166	31.69954
692	6.02455	3.1474947	46.5877	7.068274	31.70524
693	5.99294	3.1454003	46.8542	7.073315	31.71134
694	5.96318	3.1442825	47.1146	7.077626	31.72661
695	5.94003	3.1435168	47.3689	7.080931	31.73965
696	5.91769	3.1416024	47.6322	7.084730	31.73907
697	5.89203	3.1390958	47.8898	7.089259	31.73499
698	5.86315	3.1377566	48.1442	7.093591	31.74700
699	5.83808	3.1367385	48.4075	7.097282	31.75903
700	5.81823	3.1360475	48.6679	7.100147	31.76983
701	5.80277	3.1350357	48.9525	7.102628	31.77288
702	5.79187	3.1352395	49.2190	7.103902	31.78530
703	5.78263	3.1352459	49.4825	7.105069	31.79395
704	5.77501	3.1348264	49.7429	7.106255	31.79629
705	5.77057	3.1340553	50.0002	7.107224	31.79169
706	5.76568	3.1329387	50.2727	7.108431	31.78364
707	5.75675	3.1322356	50.5212	7.109931	31.78403
708	5.74732	3.1316683	50.7967	7.111425	31.78641
709	5.73829	3.1310147	51.0631	7.112913	31.78744
710	5.72907	3.1305831	51.3296	7.114310	31.79116
711	5.71708	3.1296151	51.5808	7.116339	31.79147
712	5.70559	3.1290541	51.8412	7.118091	31.79587
713	5.69803	3.1286720	52.0926	7.119253	31.79858
714	5.69310	3.1282220	52.3651	7.120120	31.79804
715	5.69023	3.1278953	52.6316	7.120661	31.79694
716	5.68690	3.1275687	52.8949	7.121259	31.79628
717	5.68232	3.1273222	53.1555	7.121974	31.79770
718	5.67638	3.1270326	53.4129	7.122884	31.79992
719	5.67170	3.1267060	53.6731	7.123654	31.80054
720	5.66868	3.1265582	53.9397	7.124121	31.80160
721	5.66521	3.1262562	54.2030	7.124725	31.80135
722	5.66194	3.1259913	54.4666	7.125285	31.80133
723	5.65992	3.1258435	54.7329	7.125623	31.80143
724	5.65811	3.1256278	54.9994	7.125972	31.80058
725	5.65464	3.1250732	55.2569	7.126710	31.79749
726	5.64211	3.1222819	55.5141	7.129773	31.77776
727	5.61828	3.1202308	55.7867	7.133885	31.77702
728	5.59375	3.1191779	56.0533	7.137561	31.78818
729	5.56758	3.1177126	56.3045	7.141668	31.79626
730	5.53892	3.1157304	56.5651	7.146370	31.80085
731	5.50737	3.1135210	56.8344	7.151567	31.80562
732	5.47734	3.1125367	57.1009	7.155924	31.82279
733	5.45210	3.1119463	57.3522	7.159466	31.83992
734	5.43327	3.1113989	57.6097	7.162168	31.85146
735	5.42016	3.1103470	57.8731	7.164410	31.85186
736	5.40870	3.1094921	58.1423	7.166337	31.85292
737	5.39620	3.1090248	58.3939	7.168191	31.85937
738	5.38090	3.1081085	58.6603	7.170644	31.86339
739	5.36505	3.1067804	58.9510	7.173390	31.86324
740	5.35221	3.1064116	59.2417	7.175239	31.87112
741	5.34042	3.1067193	59.5021	7.176591	31.88570
742	5.32943	3.1065719	59.7564	7.178083	31.89436
743	5.32204	3.1056620	60.0380	7.179525	31.89092
744	5.31331	3.1041804	60.3077	7.181446	31.88227
745	5.29449	3.1033877	60.5619	7.184292	31.89105
746	5.27394	3.1027733	60.8284	7.187267	31.90351
747	5.25555	3.1021221	61.0827	7.189987	31.91352
748	5.23940	3.1019441	61.3461	7.192165	31.92677
749	5.22938	3.1019320	61.5977	7.193465	31.93607
750	5.22400	3.1014466	61.8700	7.194425	31.93554
751	5.21902	3.1016495	62.1093	7.194962	31.94249
752	5.21598	3.1146150	62.2153	7.188365	32.09313
753	5.22530	3.1150581	62.1972	7.186931	32.08925
754	5.27798	3.1167444	62.1792	7.179273	32.05797
755	5.32484	3.1173658	62.1733	7.172944	32.02020
756	5.35086	3.1197735	62.1824	7.168330	32.02269
757	5.36185	3.1214551	62.1887	7.166027	32.03128
758	5.36775	3.1245112	62.1948	7.163641	32.06034
759	5.37215	3.1275130	62.1858	7.161476	32.09023
760	5.37820	3.1293874	62.1859	7.159705	32.10572
761	5.38350	3.1313794	62.1859	7.157966	32.12326
762	5.38895	3.1328968	62.1862	7.156463	32.13527
763	5.39470	3.1338900	62.1924	7.155201	32.14103
764	5.39985	3.1337357	62.1863	7.154628	32.13434
765	5.40455	3.1350438	62.1926	7.153333	32.14468
766	5.40915	3.1369507	62.1957	7.151731	32.16191
767	5.41396	3.1361915	62.1987	7.151526	32.14869
768	5.42076	3.1368025	62.1899	7.150335	32.14910
769	5.43237	3.1386233	62.1960	7.147891	32.15863
770	5.44504	3.1341178	62.1628	7.148680	32.09544
771	5.47113	3.1262606	62.0389	7.149537	31.98159
772	5.51043	3.1262601	61.8696	7.144537	31.94428
773	5.51895	3.1294721	61.7151	7.141747	31.97257
774	5.53019	3.1301503	61.5610	7.139958	31.96962
775	5.54755	3.1324508	61.4127	7.136534	31.97918
776	5.56633	3.1338201	61.2645	7.133427	31.97686
777	5.58174	3.1349244	61.1012	7.130886	31.97476
778	5.59667	3.1377323	60.9438	7.127512	31.99234
779	5.60646	3.1404425	60.7986	7.124840	32.01368
780	5.61114	3.1425359	60.6444	7.123142	32.03293
781	5.61581	3.1441171	60.4874	7.121715	32.04639
782	5.61823	3.1458655	60.3299	7.120485	32.06390
783	5.62074	3.1465451	60.1546	7.119806	32.06926
784	5.62617	3.1481579	59.9791	7.118268	32.08236
785	5.62899	3.1478921	59.8097	7.118049	32.07677
786	5.62868	3.1463038	59.6282	7.118919	32.05923
787	5.62527	3.1451422	59.4496	7.119958	32.04947
788	5.61913	3.1446294	59.2651	7.120998	32.04961
789	5.61074	3.1448951	59.0655	7.121914	32.06070
790	5.59717	3.1467859	58.8478	7.122625	32.09509
791	5.58782	3.1372564	58.6450	7.128830	31.99650
792	5.53807	3.1313212	58.4635	7.138267	31.97688
793	5.48777	3.1306925	58.2669	7.144982	32.01776
794	5.45631	3.1277761	58.0703	7.150526	32.01483
795	5.42602	3.1261611	57.8677	7.155236	32.02553
796	5.40495	3.1237392	57.6679	7.159205	32.01827
797	5.38145	3.1219278	57.4713	7.163165	32.02025
798	5.36420	3.1223099	57.2627	7.165156	32.04117
799	5.35296	3.1214844	57.0569	7.167028	32.04264
800	5.34342	3.1204742	56.8481	7.168782	32.04039
801	5.33757	3.1192854	56.6423	7.170160	32.03257
802	5.33288	3.1180537	56.4336	7.171415	32.02317
803	5.33068	3.1174502	56.2159	7.172014	32.01851
804	5.33233	3.1163541	56.0101	7.172385	32.00458
805	5.33548	3.1162678	55.7954	7.172024	32.00070
806	5.34162	3.1157629	55.5866	7.171504	31.98920
807	5.34891	3.1154057	55.3779	7.170758	31.97829
808	5.35576	3.1148023	55.1752	7.170201	31.96500
809	5.36280	3.1155224	54.9665	7.168910	31.96656
810	5.37275	3.1169136	54.7606	7.166891	31.97297
811	5.38145	3.1162670	54.5460	7.166121	31.95745
812	5.38955	3.1161129	54.3251	7.165163	31.94809
813	5.39650	3.1166484	54.1133	7.163985	31.94764
814	5.40430	3.1173010	53.8984	7.162635	31.94772
815	5.41221	3.1178612	53.6837	7.161323	31.94665
816	5.41736	3.1157615	53.4719	7.161780	31.91804
817	5.42827	3.1159091	53.2571	7.160304	31.90944
818	5.44519	3.1169863	53.0393	7.157567	31.90567
819	5.46667	3.1178911	52.8185	7.154341	31.89560
820	5.48897	3.1184574	52.6036	7.151194	31.88094
821	5.50792	3.1189006	52.3889	7.148541	31.86808
822	5.52693	3.1190481	52.1712	7.146038	31.85183
823	5.54444	3.1200826	51.9412	7.143258	31.84704
824	5.55880	3.1211850	51.7172	7.140844	31.84600
825	5.57356	3.1209261	51.4932	7.139100	31.82921
826	5.58737	3.1213879	51.2695	7.137096	31.82146
827	5.59878	3.1220099	51.0426	7.135314	31.81780
828	5.60812	3.1223363	50.8126	7.133950	31.81276
829	5.61446	3.1228353	50.5827	7.132878	31.81251
830	5.62089	3.1225455	50.3557	7.132209	31.80327
831	5.62733	3.1224283	50.1168	7.131449	31.79599
832	5.63406	3.1230259	49.8899	7.130274	31.79647
833	5.64106	3.1233770	49.6539	7.129197	31.79394
834	5.64634	3.1231981	49.4209	7.128616	31.78705
835	5.65157	3.1230193	49.2001	7.128042	31.78020
836	5.65811	3.1238387	48.9640	7.126777	31.78337
837	5.66576	3.1244733	48.7248	7.125468	31.78342
838	5.67261	3.1241774	48.4920	7.124751	31.77374
839	5.67734	3.1245285	48.2561	7.123962	31.77334
840	5.68202	3.1247688	48.0261	7.123237	31.77174
841	5.68615	3.1247687	47.7901	7.122709	31.76796
842	5.69068	3.1245344	47.5512	7.122253	31.76117
843	5.69496	3.1248116	47.3182	7.121560	31.76037
844	5.69975	3.1252182	47.0761	7.120735	31.76055
845	5.70569	3.1253044	46.8432	7.119933	31.75603
846	5.71299	3.1257480	46.6103	7.118770	31.75425
847	5.72196	3.1261670	46.3710	7.117410	31.75063
848	5.73109	3.1264627	46.1322	7.116096	31.74548
849	5.73834	3.1268509	45.8871	7.114970	31.74313
850	5.74974	3.1274734	45.6571	7.113198	31.73951
851	5.76543	3.1282500	45.4212	7.110805	31.73358
852	5.78147	3.1291377	45.1851	7.108309	31.72857
853	5.79924	3.1301118	44.9463	7.105553	31.72292
854	5.82050	3.1313388	44.7070	7.102226	31.71682
855	5.84996	3.1330965	44.4742	7.097594	31.70897
856	5.88515	3.1351569	44.2260	7.092087	31.69914
857	5.91648	3.1367796	43.9901	7.087302	31.68804
858	5.95132	3.1381371	43.7571	7.082217	31.67070
859	5.98244	3.1398653	43.5180	7.077414	31.66100
860	6.01049	3.1412111	43.2793	7.073199	31.64991
861	6.03836	3.1423224	43.0340	7.069132	31.63639
862	6.06492	3.1438106	42.8039	7.065038	31.62830
863	6.09028	3.1454536	42.5621	7.061019	31.62305
864	6.11718	3.1468930	42.3169	7.056916	31.61411
865	6.14232	3.1483883	42.0839	7.053009	31.60744
866	6.16905	3.1496798	41.8449	7.049011	31.59702
867	6.19432	3.1513240	41.6089	7.045019	31.59188
868	6.22021	3.1525850	41.3728	7.041148	31.58192
869	6.24311	3.1536051	41.1308	7.037776	31.57207
870	6.26434	3.1547800	40.8888	7.034536	31.56550
871	6.28288	3.1560974	40.6468	7.031560	31.56301
872	6.29943	3.1578666	40.4168	7.028604	31.56735
873	6.31527	3.1583800	40.1776	7.026374	31.55845
874	6.33168	3.1587387	39.9386	7.024154	31.54733
875	6.34487	3.1602053	39.7027	7.021772	31.55143
876	6.35812	3.1609664	39.4606	7.019741	31.54769
877	6.37122	3.1614491	39.2216	7.017871	31.54101
878	6.38545	3.1626499	38.9734	7.015499	31.54122
879	6.39809	3.1608482	38.6919	7.014839	31.50977
880	6.40752	3.1658448	38.4411	7.011148	31.55631
881	6.42248	3.1660180	38.1868	7.009208	31.54450
882	6.43631	3.1658134	37.9386	7.007598	31.52957
883	6.44872	3.1666866	37.6845	7.005622	31.52785
884	6.45882	3.1672625	37.4272	7.004081	31.52498
885	6.46800	3.1687058	37.1730	7.002218	31.53252
886	6.47693	3.1696785	36.9100	7.000623	31.53512
887	6.48591	3.1696411	36.6587	6.999531	31.52653
888	6.49571	3.1702792	36.4105	6.997998	31.52462
889	6.50901	3.1715743	36.1565	6.995706	31.52672
890	6.52554	3.1727828	35.8961	6.993060	31.52488
891	6.54275	3.1744130	35.6360	6.990122	31.52705
892	6.55833	3.1751444	35.3818	6.987837	31.52085
893	6.57252	3.1759317	35.1246	6.985695	31.51654
894	6.58928	3.1778665	34.8736	6.982666	31.52245
895	6.60920	3.1789827	34.6223	6.979661	31.51647
896	6.63067	3.1807134	34.3652	6.976163	31.51581
897	6.64993	3.1815012	34.1079	6.973406	31.50684
898	6.66776	3.1835924	33.8599	6.970179	31.51347
899	6.69168	3.1846597	33.5934	6.966718	31.50328
900	6.71975	3.1854416	33.3363	6.962897	31.48617
901	6.75269	3.1886888	33.0820	6.957264	31.49156
902	6.79103	3.1920676	32.8310	6.950917	31.49340
903	6.83163	3.1948325	32.5799	6.944609	31.48646
904	6.87672	3.1972687	32.3196	6.937927	31.47183
905	6.91648	3.1992517	32.0623	6.932126	31.45716
906	6.94838	3.2014779	31.8081	6.927165	31.45233
907	6.97594	3.2024293	31.5539	6.923358	31.43761
908	7.00150	3.2022112	31.2938	6.920368	31.41203
909	7.02369	3.2048738	31.0395	6.916383	31.42082
910	7.04137	3.2048362	30.7792	6.914260	31.40441
911	7.05615	3.2058504	30.5190	6.911978	31.40207
912	7.07165	3.2069207	30.2709	6.909581	31.39967
913	7.09076	3.2069204	30.0135	6.907272	31.38239
914	7.11097	3.2087502	29.7504	6.903943	31.38394
915	7.13093	3.2105307	29.4962	6.900672	31.38518
916	7.15439	3.2127661	29.2331	6.896762	31.38816
917	7.18935	3.2138682	28.9789	6.892023	31.36843
918	7.22470	3.2171202	28.7216	6.886205	31.37158
919	7.26370	3.2188399	28.4584	6.880698	31.35489
920	7.30000	3.2185340	28.1828	6.876491	31.31883
921	7.32885	3.2227419	27.9258	6.871017	31.33816
922	7.35128	3.2224360	27.6654	6.868479	31.31470
923	7.37046	3.2253546	27.3990	6.864786	31.32888
924	7.39249	3.2262152	27.1389	6.861742	31.31834
925	7.41128	3.2280680	26.8756	6.858613	31.32140
926	7.42729	3.2286793	26.6154	6.856409	31.31363
927	7.43999	3.2287415	26.3460	6.854860	31.30295
928	7.45144	3.2299146	26.0796	6.852933	31.30533
929	7.46180	3.2307445	25.8135	6.851301	31.30502
930	7.46999	3.2302825	25.5622	6.850541	31.29278
931	7.48024	3.2320114	25.2929	6.848494	31.30220
932	7.49323	3.2315180	25.0237	6.847179	31.28533
933	7.50296	3.2315490	24.7602	6.846003	31.27701
934	7.51554	3.2318547	24.4940	6.844359	31.26908
935	7.53464	3.2337712	24.2278	6.841176	31.27253
936	7.55786	3.2348512	23.9584	6.837904	31.26332
937	7.58157	3.2367370	23.6891	6.834196	31.26230
938	7.60651	3.2377862	23.4227	6.830741	31.25122
939	7.62983	3.2399539	23.1594	6.826954	31.25356
940	7.65178	3.2403847	22.8779	6.824149	31.23857
941	7.66900	3.2396409	22.6117	6.822459	31.21531
942	7.68580	3.2406029	22.3424	6.820016	31.21063
943	7.70118	3.2412214	22.0699	6.817904	31.20357
944	7.71529	3.2406649	21.8066	6.816493	31.18512
945	7.72772	3.2398899	21.5433	6.815384	31.16586
946	7.74000	3.2395772	21.2771	6.814077	31.15167
947	7.75116	3.2399207	21.0047	6.812593	31.14547
948	7.76148	3.2388958	20.7445	6.811850	31.12546
949	7.76519	3.2341672	20.4810	6.813621	31.07196
950	7.76492	3.2354349	20.2026	6.813053	31.08581
951	7.76964	3.2361467	19.9393	6.812159	31.08930
952	7.78198	3.2360216	19.6790	6.810756	31.07709
953	7.79898	3.2339230	19.4099	6.809725	31.03975
954	7.81101	3.2318499	19.1372	6.809268	31.00715
955	7.81515	3.2329299	18.8800	6.808271	31.01506
956	7.81992	3.2283669	18.6107	6.809832	30.96248
957	7.82267	3.2245487	18.3475	6.811283	30.91960
958	7.82071	3.2227337	18.0721	6.812357	30.90219
959	7.81965	3.2192297	17.7844	6.814112	30.86606
960	7.80449	3.2243303	17.5121	6.813518	30.93377
961	7.77853	3.2235945	17.2487	6.816927	30.94910
962	7.75984	3.2260897	16.9795	6.817965	30.99235
963	7.76519	3.2253784	16.7042	6.817660	30.98016
964	7.77461	3.2246733	16.4376	6.816869	30.96441
965	7.77938	3.2191985	16.1653	6.818861	30.90210
966	7.77620	3.2153907	15.9022	6.821014	30.86456
967	7.77170	3.2144685	15.6387	6.821974	30.85886
968	7.76635	3.2117714	15.3846	6.823866	30.83504
969	7.73957	3.2085586	15.1121	6.828545	30.82468
970	7.69267	3.2062621	14.8458	6.835194	30.84187
971	7.62028	3.2053168	14.5733	6.844254	30.89612
972	7.52980	3.2054733	14.3071	6.854968	30.97844
973	7.44162	3.2051069	14.0439	6.865677	31.05343
974	7.36837	3.2055308	13.7895	6.874242	31.12380
975	7.31644	3.2057179	13.5109	6.880373	31.17265
976	7.28556	3.2067264	13.2326	6.883588	31.21148
977	7.25361	3.2068200	12.9633	6.887375	31.24147
978	7.22622	3.2067580	12.6939	6.890689	31.26569
979	7.19828	3.2067582	12.4244	6.894043	31.29111
980	7.17990	3.2065716	12.1582	6.896337	31.30587
981	7.16117	3.2066028	11.8949	6.898571	31.32332
982	7.15189	3.2062356	11.6286	6.899860	31.32789
983	7.14031	3.2063539	11.3682	6.901192	31.33980
984	7.12994	3.2060552	11.1080	6.902580	31.34611
985	7.12436	3.2056880	10.8323	6.903424	31.34733
986	7.11399	3.2062108	10.5660	6.904415	31.36254
987	7.10795	3.2062108	10.3028	6.905137	31.36816
988	7.10597	3.2071879	10.0516	6.904897	31.38066
989	7.10420	3.2083768	9.7971	6.904528	31.39527
990	7.10321	3.2105559	9.5643	6.903585	31.41990
991	7.10883	3.2102445	9.3252	6.903054	31.41151
992	7.16269	3.2103995	9.0860	6.896494	31.36431
993	7.33027	3.2103665	8.8380	6.876391	31.21237
994	7.54665	3.2114042	8.5956	6.850032	31.02943
995	7.73518	3.2106673	8.3598	6.827945	30.85402
996	7.86522	3.2094766	8.1143	6.813077	30.72671
997	7.94347	3.2085231	7.8755	6.804256	30.64801
998	8.01363	3.2080305	7.6272	6.796191	30.58154
999	8.05963	3.2077561	7.3822	6.790884	30.53861
1000	8.10739	3.2081539	7.1400	6.785066	30.50132
1001	8.13495	3.2102330	6.9009	6.780861	30.49933
1002	8.16098	3.2164867	6.6496	6.774927	30.54255
1003	8.28340	3.2418916	6.4136	6.748995	30.70269
1004	8.54140	3.2736180	6.1745	6.704772	30.80934
1005	8.92464	3.3013004	5.9231	6.648674	30.76355
1006	9.29751	3.3217889	5.6782	6.597701	30.65289
1007	9.61246	3.3577463	5.4359	6.547288	30.74953
1008	9.92178	3.3771000	5.1876	6.505155	30.68155
1009	10.19737	3.3962998	4.9426	6.467227	30.64088
1010	10.45119	3.4108178	4.6973	6.433937	30.57198
1011	10.67471	3.4204261	4.4491	6.406147	30.48028
1012	10.86216	3.4333487	4.2102	6.381072	30.45177
1013	11.01185	3.4381282	3.9709	6.363356	30.37475
1014	11.12938	3.4486830	3.7259	6.346843	30.38104
1015	11.23872	3.4598338	3.4807	6.331039	30.39978
1016	11.34385	3.4674952	3.2355	6.317097	30.38789
1017	11.44525	3.4735391	2.9904	6.304221	30.36335
1018	11.53526	3.4769474	2.7391	6.293579	30.32270
1019	11.62028	3.4805498	2.5061	6.283409	30.28812
1020	11.70579	3.4858956	2.2820	6.272556	30.27003
1021	11.79779	3.4925374	2.0854	6.260583	30.25914
1022	11.91117	3.4958691	1.9008	6.247707	30.19915
1023	12.03407	3.4940723	1.7251	6.235815	30.08274
1024	12.14457	3.4942962	1.5407	6.224463	29.99615
1025	12.23374	3.4946490	1.3498	6.215258	29.92822
1026	12.31341	3.4936893	1.1714	6.207518	29.85566
1027	12.38937	3.4922537	0.9867	6.200340	29.78180
1028	12.44963	3.4915390	0.7929	6.194496	29.72740
1029	12.48998	3.4868633	0.5963	6.192115	29.65149
1030	12.51287	3.4889848	0.4055	6.189024	29.65353
1031	12.53541	3.4124761	0.2210	6.214565	28.91618
1032	12.37713	3.4247906	0.0970	6.226295	29.15433
1033	11.58877	3.3937061	0.1000	6.319772	29.47721
1034	10.96451	3.3069368	0.0971	6.420049	29.13195
1035	10.19055	3.2592316	0.1035	6.524218	29.28127
1036	9.24323	3.2345762	0.1003	6.641392	29.81038
1037	8.44387	3.1921336	0.0976	6.752680	30.04694
1038	7.91014	0.7571887	0.0977	7.962774	6.38538
1039	7.71952	0.7032160	0.0917	8.023157	5.93058
1040	7.69209	0.6123126	0.1009	8.070794	5.11723
1041	7.68696	0.6903833	0.0919	8.035242	5.82004
1042	7.69753	0.7035864	0.1012	8.027077	5.93767
1043	7.71175	0.6559922	0.0921	8.046706	5.50598
1044	7.72682	0.6519480	0.0982	8.045770	5.46726
1045	7.74248	0.7008310	0.0985	8.020003	5.90513
1046	7.75629	0.7760000	0.1016	7.982215	6.58476
1047	7.77403	0.8252947	0.0956	7.955803	7.03162
1048	7.79713	0.9019371	0.0958	7.915536	7.73120
1049	7.82230	0.8497259	0.0928	7.935548	7.24563
1050	7.84898	0.7847451	0.0960	7.961127	6.64684
1051	7.87690	0.7482997	0.0992	7.973008	6.31095
1052	7.90403	0.7097813	0.0994	7.985908	5.95846
1053	7.92875	0.6653471	0.0994	8.001893	5.55558
1054	7.95103	0.5934560	0.0964	8.030813	4.91229
1055	7.97146	0.4724453	0.1026	8.082088	3.84811
1056	7.99062	0.5148852	0.1088	8.059212	4.21575
1057	8.02124	0.5268815	0.0998	8.047981	4.31696
1058	8.11588	0.5996312	0.0999	7.997221	4.94374
1059	8.18965	0.4944555	0.1000	8.030863	4.01467
1060	8.22439	0.4606761	0.0971	8.039394	3.71916
1061	8.24550	0.3008352	0.0973	8.105701	2.36300
1062	8.26297	0.2649949	0.1035	8.117820	2.06493
1063	8.28195	0.2489088	0.1036	8.121051	1.93155
1064	8.29820	0.2540640	0.1007	8.115691	1.97297
1065	8.31172	0.2544419	0.0978	8.112911	1.97532
1066	8.32192	0.2510801	0.1009	8.112376	1.94717
1067	8.33019	0.2374953	0.0980	8.116574	1.83555
1068	8.33776	0.2319266	0.1071	8.117477	1.78973
1069	8.34555	0.2579663	0.1043	8.104861	2.00236
1070	8.35382	0.2855393	0.0954	8.091439	2.22906
1071	8.36194	0.2842219	0.0983	8.090444	2.21766
1072	8.36968	0.2586855	0.1014	8.099895	2.00690
1073	8.37688	0.2446741	0.1016	8.104479	1.89175
1074	8.38371	0.2291722	0.1018	8.109744	1.76500
1075	8.38957	0.2214901	0.1049	8.111861	1.70230
1076	8.39489	0.2130567	0.0958	8.114392	1.63372
1077	8.39952	0.2016536	0.0990	8.118297	1.54143
1078	8.40377	0.1872513	0.0990	8.123513	1.42546
1079	8.40872	0.1753956	0.1052	8.127503	1.33040
1080	8.41410	0.1657623	0.0995	8.130464	1.25343
1081	8.42018	0.1562164	0.1024	8.133237	1.17744
1082	8.42610	0.1507501	0.1027	8.134341	1.13400
1083	8.43240	0.1480250	0.0996	8.134236	1.11228
1084	8.43859	0.1401666	0.1058	8.136263	1.05017
1085	8.44478	0.1398154	0.1029	8.135197	1.04723
1086	8.45087	0.1343700	0.1031	8.136243	1.00429
1087	8.45760	0.1282086	0.0970	8.137448	0.95587
1088	8.46428	0.1247653	0.1002	8.137547	0.92879
1089	8.47150	0.1247751	0.1003	8.136131	0.92868
1090	8.47835	0.1230309	0.1063	8.135504	0.91491
1091	8.48503	0.1276077	0.0975	8.132332	0.95044
1092	8.49064	0.1180500	0.1068	8.135126	0.87583
1093	8.49630	0.1082882	0.1036	8.137972	0.80002
1094	8.50142	0.1010226	0.1006	8.139899	0.74385
1095	8.50665	0.0973742	0.1069	8.140341	0.71569
